20
10

8 85 5 49 42 8 87 93 62 84
9 0 4 65 59 77 26 68 91 25
35 21 65 94 46 29 56 47 46 75
60 80 82 46 16 18 78 31 45 88
63 44 67 47 62 74 32 5 91 44
96 72 38 51 26 25 34 12 97 71
51 36 34 53 71 0 8 21 12 95
81 66 17 78 70 98 28 37 59 6
10 62 2 26 0 71 78 26 74 41
95 61 92 44 54 72 39 83 25 26
69 79 98 17 43 53 87 88 99 9
38 29 95 10 41 75 28 99 51 93
6 8 85 45 25 65 20 67 94 82
42 89 91 87 2 92 54 37 69 84
41 17 21 34 99 22 77 90 50 73
80 82 63 4 82 84 75 38 87 79
86 31 62 49 39 46 5 3 55 95
46 94 87 61 15 92 18 82 5 29
8 56 3 11 71 18 81 77 33 76
65 57 8 13 19 32 89 4 25 22

34 78 31 70 45 9 50 22 70 25
36 73 11 99 32 35 81 92 64 26
82 64 81 74 6 62 61 87 51 36
9 10 63 80 78 97 45 17 9 47
84 72 77 81 92 85 61 81 63 85
98 0 89 11 90 16 90 45 55 90
52 8 63 56 74 29 82 53 69 83
32 63 70 61 22 32 42 21 17 83
91 27 60 43 26 81 40 44 18 3
99 81 58 12 95 19 5 10 80 95
84 86 63 60 72 79 47 32 76 58
80 99 99 41 53 45 45 30 33 21
7 37 12 75 46 49 14 3 40 37
94 1 80 12 11 20 31 89 65 57
84 0 40 27 72 82 68 18 23 21
30 0 74 26 50 56 67 76 43 53
13 53 32 64 69 50 41 20 86 37
24 47 28 7 98 11 44 32 81 88
60 20 53 28 30 30 4 74 47 7
11 58 6 31 88 94 88 94 81 27

329 144 408 202 369 440 195 162 174 197

840 789 1090 739 563 207 671 834 300 437

12 18 18 19 26 21 18 19 18 11 22 21 13 19 13 14 22 17 27 28

59 48 65 43 64 65 57 49 58 30
