20
10

8 85 5 49 42 8 87 93 62 84
9 0 4 65 59 77 26 68 91 25
35 21 65 94 46 29 56 47 46 75
60 80 82 46 16 18 78 31 45 88
63 44 67 47 62 74 32 5 91 44
96 72 38 51 26 25 34 12 97 71
51 36 34 53 71 0 8 21 12 95
81 66 17 78 70 98 28 37 59 6
10 62 2 26 0 71 78 26 74 41
95 61 92 44 54 72 39 83 25 26
69 79 98 17 43 53 87 88 99 9
38 29 95 10 41 75 28 99 51 93
6 8 85 45 25 65 20 67 94 82
42 89 91 87 2 92 54 37 69 84
41 17 21 34 99 22 77 90 50 73
80 82 63 4 82 84 75 38 87 79
86 31 62 49 39 46 5 3 55 95
46 94 87 61 15 92 18 82 5 29
8 56 3 11 71 18 81 77 33 76
65 57 8 13 19 32 89 4 25 22

51 47 94 76 60 24 18 6 96 20
39 5 1 8 33 70 2 86 55 81
65 62 12 10 16 50 27 38 84 97
93 9 82 64 65 1 29 16 39 95
90 5 12 72 65 48 25 65 77 25
42 46 36 63 2 31 61 69 56 33
8 42 70 83 25 59 67 12 41 28
30 68 45 53 83 94 21 42 42 97
56 67 81 4 17 58 69 56 70 68
74 93 0 65 20 51 34 35 75 51
94 83 80 60 26 90 53 55 74 51
42 14 7 98 84 26 9 90 27 84
3 31 92 7 47 28 99 2 44 11
86 64 46 93 75 85 37 8 94 99
43 83 29 94 85 19 87 84 78 95
85 95 54 10 95 20 49 31 12 53
79 24 22 3 17 64 3 37 15 67
52 20 57 83 58 45 32 52 47 58
49 98 55 47 56 21 41 29 13 17
11 53 48 27 29 23 87 94 45 90

329 144 408 202 369 440 195 162 174 197

206 132 335 219 340 206 340 298 233 322

12 18 18 19 26 21 18 19 18 11 22 21 13 19 13 14 22 17 27 28

59 48 65 43 64 65 57 49 58 30
