30
15

32 96 65 25 85 50 59 39 41 13 6 96 27 73 47
79 20 65 18 11 58 51 8 84 79 35 89 10 1 69
48 36 28 52 65 13 47 28 18 11 45 37 93 33 57
77 55 50 45 70 97 69 45 59 60 10 39 64 12 53
56 77 20 74 83 74 47 82 50 80 74 38 31 10 5
5 61 65 28 62 68 77 35 88 65 2 7 91 52 34
39 42 34 72 52 42 36 67 12 23 86 31 62 68 92
85 33 2 30 83 85 81 26 30 1 95 99 84 39 47
88 14 3 76 88 54 92 54 74 65 44 47 73 11 78
44 22 98 4 81 30 31 53 14 6 4 47 32 50 13
6 90 14 55 74 21 46 73 2 62 32 32 17 79 48
56 77 96 12 65 79 66 99 64 74 12 40 3 14 60
44 99 20 24 93 87 57 10 9 37 51 63 92 61 89
62 76 5 78 52 51 80 58 49 52 90 0 66 13 59
29 55 31 61 55 47 91 20 92 44 51 7 21 95 88
75 3 58 43 1 58 29 26 18 73 90 74 75 91 11
55 36 3 12 84 20 43 45 69 42 59 88 21 1 6
38 0 29 90 44 59 94 57 36 24 33 97 12 24 36
22 24 47 26 35 42 0 1 80 1 87 23 69 78 38
89 7 15 56 3 65 16 57 37 74 75 31 58 34 11
36 48 77 23 16 53 7 73 98 37 21 87 5 11 71
16 99 97 41 92 35 11 31 84 95 89 70 40 28 7
26 46 15 38 49 69 38 69 91 52 23 61 82 69 80
36 52 70 71 6 32 73 61 95 74 80 52 12 69 17
98 74 53 44 43 90 47 65 40 54 41 42 41 16 41
3 69 4 31 77 95 51 18 10 9 26 70 50 32 75
51 86 21 31 27 1 71 40 85 56 93 22 0 23 42
45 36 39 24 3 66 40 88 21 44 93 2 6 77 57
62 48 62 16 75 30 99 78 28 82 92 30 21 12 95
92 42 98 67 20 99 2 49 28 36 61 70 56 10 65

12 6 59 61 44 62 63 48 44 12 56 54 6 43 27
4 30 48 38 45 75 1 39 30 43 37 12 65 46 20
50 0 2 70 54 15 58 2 67 32 39 68 1 55 75
22 36 29 51 62 69 55 73 88 65 1 62 0 27 22
11 29 91 43 63 60 11 92 2 98 90 87 57 91 78
93 74 96 32 29 90 69 14 74 26 8 80 10 80 73
73 1 79 71 30 82 38 80 68 31 18 46 0 30 87
76 5 44 31 17 54 72 65 89 57 50 38 11 83 18
33 42 85 61 17 27 14 9 70 16 4 39 23 95 76
19 64 47 86 99 0 44 4 20 93 23 17 99 86 98
84 28 8 19 86 80 14 81 48 8 1 34 30 90 5
50 10 53 72 57 12 70 57 38 43 28 89 51 49 4
21 26 4 86 37 49 83 49 83 23 1 53 69 77 94
27 28 70 2 74 45 91 57 82 1 66 94 42 67 32
45 15 68 8 74 82 2 5 71 81 62 46 99 11 13
71 82 58 27 70 65 67 64 60 86 81 57 0 40 1
38 5 32 50 25 9 38 45 34 90 30 3 9 50 33
44 68 19 12 58 12 18 21 58 58 9 44 27 70 16
27 35 14 90 73 92 62 51 49 47 13 36 25 59 9
39 52 2 70 6 42 71 65 38 5 17 5 9 67 0
10 95 59 68 3 85 67 95 24 9 70 5 64 6 8
13 67 19 67 29 51 94 63 8 45 8 62 53 33 62
73 94 72 22 4 15 13 68 50 75 31 14 79 74 64
92 18 43 15 6 51 63 44 28 3 45 79 61 47 20
15 2 70 25 73 88 88 83 50 98 92 21 72 52 61
53 38 15 77 46 6 15 36 30 79 29 27 28 72 84
28 13 76 88 48 20 52 87 1 71 17 13 0 84 14
62 13 85 57 27 96 36 17 70 16 53 83 1 34 68
1 20 82 70 87 12 85 29 73 19 90 72 18 29 18
86 95 39 45 52 43 10 70 45 49 97 46 44 84 26

2664 2368 743 2795 1378 1611 3421 1703 3044 3256 3718 2730 4582 4793 1360

759 406 1411 1019 529 699 656 568 540 618 1327 749 511 780 768

10 14 13 21 21 18 18 11 22 22 19 12 19 12 15 23 16 28 12 15 29 11 18 23 25 25 17 19 24 29

56 80 30 46 22 47 70 27 73 51 62 71 74 82 55
