30
15

32 96 65 25 85 50 59 39 41 13 6 96 27 73 47
79 20 65 18 11 58 51 8 84 79 35 89 10 1 69
48 36 28 52 65 13 47 28 18 11 45 37 93 33 57
77 55 50 45 70 97 69 45 59 60 10 39 64 12 53
56 77 20 74 83 74 47 82 50 80 74 38 31 10 5
5 61 65 28 62 68 77 35 88 65 2 7 91 52 34
39 42 34 72 52 42 36 67 12 23 86 31 62 68 92
85 33 2 30 83 85 81 26 30 1 95 99 84 39 47
88 14 3 76 88 54 92 54 74 65 44 47 73 11 78
44 22 98 4 81 30 31 53 14 6 4 47 32 50 13
6 90 14 55 74 21 46 73 2 62 32 32 17 79 48
56 77 96 12 65 79 66 99 64 74 12 40 3 14 60
44 99 20 24 93 87 57 10 9 37 51 63 92 61 89
62 76 5 78 52 51 80 58 49 52 90 0 66 13 59
29 55 31 61 55 47 91 20 92 44 51 7 21 95 88
75 3 58 43 1 58 29 26 18 73 90 74 75 91 11
55 36 3 12 84 20 43 45 69 42 59 88 21 1 6
38 0 29 90 44 59 94 57 36 24 33 97 12 24 36
22 24 47 26 35 42 0 1 80 1 87 23 69 78 38
89 7 15 56 3 65 16 57 37 74 75 31 58 34 11
36 48 77 23 16 53 7 73 98 37 21 87 5 11 71
16 99 97 41 92 35 11 31 84 95 89 70 40 28 7
26 46 15 38 49 69 38 69 91 52 23 61 82 69 80
36 52 70 71 6 32 73 61 95 74 80 52 12 69 17
98 74 53 44 43 90 47 65 40 54 41 42 41 16 41
3 69 4 31 77 95 51 18 10 9 26 70 50 32 75
51 86 21 31 27 1 71 40 85 56 93 22 0 23 42
45 36 39 24 3 66 40 88 21 44 93 2 6 77 57
62 48 62 16 75 30 99 78 28 82 92 30 21 12 95
92 42 98 67 20 99 2 49 28 36 61 70 56 10 65

64 41 32 51 76 26 31 25 79 33 45 99 30 57 33
98 42 33 61 80 62 91 91 59 96 3 1 59 29 12
2 31 93 82 70 1 99 97 6 23 24 3 97 67 17
76 34 49 74 50 28 4 93 43 9 39 98 67 5 30
11 6 40 46 4 4 0 12 51 83 57 47 72 7 28
37 38 39 41 33 77 60 19 77 0 70 1 1 38 57
68 51 55 29 37 32 86 32 49 74 7 99 58 65 45
19 96 5 69 99 77 69 39 69 59 90 98 53 75 2
15 3 19 93 53 79 26 69 81 5 86 25 73 44 1
71 68 73 50 65 67 49 34 49 8 97 12 79 30 60
56 20 32 93 77 23 75 88 5 11 88 73 24 51 81
5 96 80 71 65 31 11 66 13 67 38 81 72 87 31
71 46 87 59 96 78 55 9 71 26 39 86 58 94 14
89 97 55 68 33 89 51 72 32 82 55 1 77 15 36
33 79 25 51 27 44 19 72 55 16 71 99 61 95 99
40 55 22 13 50 62 92 61 48 97 18 10 72 27 77
19 38 43 7 25 2 55 27 18 45 76 7 86 48 72
11 72 92 84 82 53 36 37 44 32 34 25 58 23 0
5 25 57 42 51 46 34 9 63 79 14 33 5 45 3
49 39 84 95 44 81 48 70 42 73 99 51 49 66 37
77 7 60 81 47 20 34 76 46 71 64 98 34 29 23
90 92 18 96 34 37 98 69 51 47 85 63 90 71 93
20 41 4 1 86 77 64 57 10 24 81 72 87 4 8
89 3 1 1 1 45 56 25 70 13 67 95 65 20 74
50 27 83 52 19 24 42 20 35 47 39 67 94 81 77
39 73 30 11 36 60 85 56 18 40 84 20 22 58 71
73 32 51 72 41 52 15 52 56 90 42 97 26 31 64
55 96 73 68 28 3 50 76 90 63 62 16 77 38 90
5 76 70 66 42 12 71 21 63 2 23 40 25 24 15
88 5 35 27 93 39 24 30 97 37 74 71 2 44 96

2664 2368 743 2795 1378 1611 3421 1703 3044 3256 3718 2730 4582 4793 1360

305 601 2031 681 360 2241 445 665 2832 678 2497 3535 3486 899 1679

10 14 13 21 21 18 18 11 22 22 19 12 19 12 15 23 16 28 12 15 29 11 18 23 25 25 17 19 24 29

56 80 30 46 22 47 70 27 73 51 62 71 74 82 55
