30
15

32 96 65 25 85 50 59 39 41 13 6 96 27 73 47
79 20 65 18 11 58 51 8 84 79 35 89 10 1 69
48 36 28 52 65 13 47 28 18 11 45 37 93 33 57
77 55 50 45 70 97 69 45 59 60 10 39 64 12 53
56 77 20 74 83 74 47 82 50 80 74 38 31 10 5
5 61 65 28 62 68 77 35 88 65 2 7 91 52 34
39 42 34 72 52 42 36 67 12 23 86 31 62 68 92
85 33 2 30 83 85 81 26 30 1 95 99 84 39 47
88 14 3 76 88 54 92 54 74 65 44 47 73 11 78
44 22 98 4 81 30 31 53 14 6 4 47 32 50 13
6 90 14 55 74 21 46 73 2 62 32 32 17 79 48
56 77 96 12 65 79 66 99 64 74 12 40 3 14 60
44 99 20 24 93 87 57 10 9 37 51 63 92 61 89
62 76 5 78 52 51 80 58 49 52 90 0 66 13 59
29 55 31 61 55 47 91 20 92 44 51 7 21 95 88
75 3 58 43 1 58 29 26 18 73 90 74 75 91 11
55 36 3 12 84 20 43 45 69 42 59 88 21 1 6
38 0 29 90 44 59 94 57 36 24 33 97 12 24 36
22 24 47 26 35 42 0 1 80 1 87 23 69 78 38
89 7 15 56 3 65 16 57 37 74 75 31 58 34 11
36 48 77 23 16 53 7 73 98 37 21 87 5 11 71
16 99 97 41 92 35 11 31 84 95 89 70 40 28 7
26 46 15 38 49 69 38 69 91 52 23 61 82 69 80
36 52 70 71 6 32 73 61 95 74 80 52 12 69 17
98 74 53 44 43 90 47 65 40 54 41 42 41 16 41
3 69 4 31 77 95 51 18 10 9 26 70 50 32 75
51 86 21 31 27 1 71 40 85 56 93 22 0 23 42
45 36 39 24 3 66 40 88 21 44 93 2 6 77 57
62 48 62 16 75 30 99 78 28 82 92 30 21 12 95
92 42 98 67 20 99 2 49 28 36 61 70 56 10 65

93 19 53 59 62 75 67 68 95 54 42 81 28 69 82
69 45 8 24 61 35 11 53 4 69 98 13 26 23 53
34 50 3 96 99 11 25 78 27 1 77 19 39 8 51
42 42 53 39 85 38 31 10 95 51 2 28 35 23 3
77 58 31 63 88 27 11 57 5 82 6 11 22 97 71
62 78 63 84 32 96 90 81 60 9 33 81 7 86 57
81 31 83 21 44 98 62 27 7 66 44 79 68 66 24
38 41 69 22 75 2 3 77 47 32 71 5 61 56 79
55 0 25 66 62 7 93 14 77 80 79 64 98 0 23
67 62 11 79 63 60 15 88 40 76 48 43 41 85 60
34 6 31 15 22 68 96 76 91 52 20 33 89 30 31
21 31 42 1 1 35 80 28 14 31 99 23 49 41 3
44 49 26 8 99 70 58 1 26 76 54 31 15 5 76
99 20 59 99 49 92 8 84 62 24 92 20 14 84 77
24 42 88 91 87 33 26 51 47 35 56 51 95 51 21
78 52 59 52 73 83 76 72 53 24 56 7 64 43 0
62 24 65 1 35 93 24 57 69 60 22 42 50 35 25
91 33 3 99 56 25 66 88 41 65 73 76 13 96 33
85 50 95 48 12 75 14 2 90 90 67 19 42 3 33
56 53 10 83 99 77 86 48 79 68 92 79 20 87 88
73 0 30 37 56 78 82 15 65 7 87 69 48 63 89
0 92 32 88 46 37 51 17 4 41 0 24 5 8 65
25 43 78 54 61 17 56 6 71 28 37 41 67 60 24
47 68 20 72 75 37 17 98 11 24 17 36 56 6 88
35 98 81 43 13 77 57 21 41 93 44 72 92 78 28
60 95 44 8 57 82 87 4 22 6 99 76 87 73 18
12 78 24 22 71 58 43 44 99 62 93 69 41 64 3
34 19 96 44 42 61 8 91 66 94 38 34 2 25 33
7 98 89 40 29 60 33 62 92 21 65 32 30 28 75
72 53 68 34 24 43 46 2 75 29 98 7 22 95 74

2664 2368 743 2795 1378 1611 3421 1703 3044 3256 3718 2730 4582 4793 1360

1868 1532 4489 838 3715 736 1872 3032 1360 1328 2005 1884 1449 1839 4036

10 14 13 21 21 18 18 11 22 22 19 12 19 12 15 23 16 28 12 15 29 11 18 23 25 25 17 19 24 29

56 80 30 46 22 47 70 27 73 51 62 71 74 82 55
