30
15

74 86 59 60 91 35 79 17 2 81 66 81 50 44 92
18 38 21 56 32 39 12 91 96 56 87 44 92 22 21
25 22 65 91 93 20 77 15 56 80 48 74 1 86 73
47 52 8 26 50 61 90 66 65 55 51 30 90 92 80
6 49 20 89 4 52 27 58 75 82 19 77 22 54 84
87 34 74 15 62 16 91 98 84 94 23 4 7 37 97
22 12 5 27 29 0 26 46 97 65 59 31 58 62 99
6 95 44 20 23 32 45 68 25 25 30 65 74 88 29
59 71 9 49 49 21 38 5 66 9 33 31 86 92 31
59 14 26 54 65 51 77 73 45 47 95 91 42 97 40
22 54 28 91 72 97 95 81 47 80 66 40 56 45 89
31 62 68 52 20 25 8 75 5 22 72 21 4 40 33
90 81 90 94 35 43 68 13 31 44 77 22 74 96 80
94 83 51 45 63 54 7 13 77 69 62 82 63 65 16
6 14 24 93 43 33 23 25 0 3 76 33 64 54 39
98 10 64 61 90 39 88 17 14 66 27 42 88 74 76
58 56 16 96 56 6 0 29 90 46 11 18 77 57 61
21 19 26 46 39 98 22 71 65 92 82 73 61 31 12
35 92 81 10 89 87 26 87 45 13 90 26 88 60 11
12 40 91 74 21 75 0 47 57 34 87 84 61 66 28
3 45 19 16 24 26 37 92 52 40 32 91 30 97 57
80 85 77 88 55 69 87 83 29 40 41 89 18 54 12
20 28 54 87 98 78 79 10 63 18 32 3 79 40 73
99 90 76 36 19 11 31 73 85 41 5 91 55 66 1
15 8 51 9 11 21 61 30 43 32 62 67 43 52 74
13 36 87 99 94 29 91 30 55 63 42 18 6 92 18
58 48 39 31 17 67 30 19 13 46 18 22 22 42 42
96 71 34 92 23 39 31 62 32 87 92 16 41 73 8
15 84 30 47 48 77 20 47 97 37 79 27 11 70 24
43 67 84 90 3 66 83 6 29 58 65 37 25 17 29

12 6 59 61 44 62 63 48 44 12 56 54 6 43 27
4 30 48 38 45 75 1 39 30 43 37 12 65 46 20
50 0 2 70 54 15 58 2 67 32 39 68 1 55 75
22 36 29 51 62 69 55 73 88 65 1 62 0 27 22
11 29 91 43 63 60 11 92 2 98 90 87 57 91 78
93 74 96 32 29 90 69 14 74 26 8 80 10 80 73
73 1 79 71 30 82 38 80 68 31 18 46 0 30 87
76 5 44 31 17 54 72 65 89 57 50 38 11 83 18
33 42 85 61 17 27 14 9 70 16 4 39 23 95 76
19 64 47 86 99 0 44 4 20 93 23 17 99 86 98
84 28 8 19 86 80 14 81 48 8 1 34 30 90 5
50 10 53 72 57 12 70 57 38 43 28 89 51 49 4
21 26 4 86 37 49 83 49 83 23 1 53 69 77 94
27 28 70 2 74 45 91 57 82 1 66 94 42 67 32
45 15 68 8 74 82 2 5 71 81 62 46 99 11 13
71 82 58 27 70 65 67 64 60 86 81 57 0 40 1
38 5 32 50 25 9 38 45 34 90 30 3 9 50 33
44 68 19 12 58 12 18 21 58 58 9 44 27 70 16
27 35 14 90 73 92 62 51 49 47 13 36 25 59 9
39 52 2 70 6 42 71 65 38 5 17 5 9 67 0
10 95 59 68 3 85 67 95 24 9 70 5 64 6 8
13 67 19 67 29 51 94 63 8 45 8 62 53 33 62
73 94 72 22 4 15 13 68 50 75 31 14 79 74 64
92 18 43 15 6 51 63 44 28 3 45 79 61 47 20
15 2 70 25 73 88 88 83 50 98 92 21 72 52 61
53 38 15 77 46 6 15 36 30 79 29 27 28 72 84
28 13 76 88 48 20 52 87 1 71 17 13 0 84 14
62 13 85 57 27 96 36 17 70 16 53 83 1 34 68
1 20 82 70 87 12 85 29 73 19 90 72 18 29 18
86 95 39 45 52 43 10 70 45 49 97 46 44 84 26

230 290 545 462 357 130 310 426 236 247 225 338 158 200 391

759 406 1411 1019 529 699 656 568 540 618 1327 749 511 780 768

17 11 35 27 3 31 26 3 37 20 11 8 17 31 33 29 36 10 31 17 28 13 26 20 28 24 19 17 23 9

49 90 79 86 51 28 49 85 32 45 37 51 60 72 67
