30
15

74 86 59 60 91 35 79 17 2 81 66 81 50 44 92
18 38 21 56 32 39 12 91 96 56 87 44 92 22 21
25 22 65 91 93 20 77 15 56 80 48 74 1 86 73
47 52 8 26 50 61 90 66 65 55 51 30 90 92 80
6 49 20 89 4 52 27 58 75 82 19 77 22 54 84
87 34 74 15 62 16 91 98 84 94 23 4 7 37 97
22 12 5 27 29 0 26 46 97 65 59 31 58 62 99
6 95 44 20 23 32 45 68 25 25 30 65 74 88 29
59 71 9 49 49 21 38 5 66 9 33 31 86 92 31
59 14 26 54 65 51 77 73 45 47 95 91 42 97 40
22 54 28 91 72 97 95 81 47 80 66 40 56 45 89
31 62 68 52 20 25 8 75 5 22 72 21 4 40 33
90 81 90 94 35 43 68 13 31 44 77 22 74 96 80
94 83 51 45 63 54 7 13 77 69 62 82 63 65 16
6 14 24 93 43 33 23 25 0 3 76 33 64 54 39
98 10 64 61 90 39 88 17 14 66 27 42 88 74 76
58 56 16 96 56 6 0 29 90 46 11 18 77 57 61
21 19 26 46 39 98 22 71 65 92 82 73 61 31 12
35 92 81 10 89 87 26 87 45 13 90 26 88 60 11
12 40 91 74 21 75 0 47 57 34 87 84 61 66 28
3 45 19 16 24 26 37 92 52 40 32 91 30 97 57
80 85 77 88 55 69 87 83 29 40 41 89 18 54 12
20 28 54 87 98 78 79 10 63 18 32 3 79 40 73
99 90 76 36 19 11 31 73 85 41 5 91 55 66 1
15 8 51 9 11 21 61 30 43 32 62 67 43 52 74
13 36 87 99 94 29 91 30 55 63 42 18 6 92 18
58 48 39 31 17 67 30 19 13 46 18 22 22 42 42
96 71 34 92 23 39 31 62 32 87 92 16 41 73 8
15 84 30 47 48 77 20 47 97 37 79 27 11 70 24
43 67 84 90 3 66 83 6 29 58 65 37 25 17 29

93 19 53 59 62 75 67 68 95 54 42 81 28 69 82
69 45 8 24 61 35 11 53 4 69 98 13 26 23 53
34 50 3 96 99 11 25 78 27 1 77 19 39 8 51
42 42 53 39 85 38 31 10 95 51 2 28 35 23 3
77 58 31 63 88 27 11 57 5 82 6 11 22 97 71
62 78 63 84 32 96 90 81 60 9 33 81 7 86 57
81 31 83 21 44 98 62 27 7 66 44 79 68 66 24
38 41 69 22 75 2 3 77 47 32 71 5 61 56 79
55 0 25 66 62 7 93 14 77 80 79 64 98 0 23
67 62 11 79 63 60 15 88 40 76 48 43 41 85 60
34 6 31 15 22 68 96 76 91 52 20 33 89 30 31
21 31 42 1 1 35 80 28 14 31 99 23 49 41 3
44 49 26 8 99 70 58 1 26 76 54 31 15 5 76
99 20 59 99 49 92 8 84 62 24 92 20 14 84 77
24 42 88 91 87 33 26 51 47 35 56 51 95 51 21
78 52 59 52 73 83 76 72 53 24 56 7 64 43 0
62 24 65 1 35 93 24 57 69 60 22 42 50 35 25
91 33 3 99 56 25 66 88 41 65 73 76 13 96 33
85 50 95 48 12 75 14 2 90 90 67 19 42 3 33
56 53 10 83 99 77 86 48 79 68 92 79 20 87 88
73 0 30 37 56 78 82 15 65 7 87 69 48 63 89
0 92 32 88 46 37 51 17 4 41 0 24 5 8 65
25 43 78 54 61 17 56 6 71 28 37 41 67 60 24
47 68 20 72 75 37 17 98 11 24 17 36 56 6 88
35 98 81 43 13 77 57 21 41 93 44 72 92 78 28
60 95 44 8 57 82 87 4 22 6 99 76 87 73 18
12 78 24 22 71 58 43 44 99 62 93 69 41 64 3
34 19 96 44 42 61 8 91 66 94 38 34 2 25 33
7 98 89 40 29 60 33 62 92 21 65 32 30 28 75
72 53 68 34 24 43 46 2 75 29 98 7 22 95 74

230 290 545 462 357 130 310 426 236 247 225 338 158 200 391

1868 1532 4489 838 3715 736 1872 3032 1360 1328 2005 1884 1449 1839 4036

17 11 35 27 3 31 26 3 37 20 11 8 17 31 33 29 36 10 31 17 28 13 26 20 28 24 19 17 23 9

49 90 79 86 51 28 49 85 32 45 37 51 60 72 67
