30
15

76 58 72 89 74 77 76 68 94 15 82 3 35 77 34
81 84 82 46 31 86 71 50 83 76 94 52 38 93 56
98 26 45 45 14 35 84 52 51 58 17 83 70 85 64
9 49 26 37 94 80 57 96 18 96 22 13 75 57 20
49 7 66 78 20 11 9 80 14 35 33 1 79 37 3
68 94 82 17 52 3 0 47 59 57 27 54 68 11 9
89 48 61 26 76 33 13 84 39 61 44 76 19 84 60
96 3 14 90 82 42 69 66 0 45 15 58 10 72 42
97 64 59 4 77 37 59 8 30 90 65 49 19 99 61
9 82 30 19 75 34 20 34 49 2 95 51 39 52 50
54 73 37 59 8 55 63 89 53 80 68 52 30 52 54
1 64 85 9 56 33 84 24 30 5 24 79 83 21 84
63 9 60 2 43 60 5 56 2 51 97 84 16 93 54
13 29 52 91 33 47 38 54 64 77 71 74 86 59 60
91 35 79 17 2 81 66 81 50 44 92 18 38 21 56
32 39 12 91 96 56 87 44 92 22 21 25 22 65 91
93 20 77 15 56 80 48 74 1 86 73 47 52 8 26
50 61 90 66 65 55 51 30 90 92 80 6 49 20 89
4 52 27 58 75 82 19 77 22 54 84 87 34 74 15
62 16 91 98 84 94 23 4 7 37 97 22 12 5 27
29 0 26 46 97 65 59 31 58 62 99 6 95 44 20
23 32 45 68 25 25 30 65 74 88 29 59 71 9 49
49 21 38 5 66 9 33 31 86 92 31 59 14 26 54
65 51 77 73 45 47 95 91 42 97 40 22 54 28 91
72 97 95 81 47 80 66 40 56 45 89 31 62 68 52
20 25 8 75 5 22 72 21 4 40 33 90 81 90 94
35 43 68 13 31 44 77 22 74 96 80 94 83 51 45
63 54 7 13 77 69 62 82 63 65 16 6 14 24 93
43 33 23 25 0 3 76 33 64 54 39 98 10 64 61
90 39 88 17 14 66 27 42 88 74 76 58 56 16 96

76 58 72 89 74 77 76 68 94 15 82 3 35 77 34
81 84 82 46 31 86 71 50 83 76 94 52 38 93 56
98 26 45 45 14 35 84 52 51 58 17 83 70 85 64
9 49 26 37 94 80 57 96 18 96 22 13 75 57 20
49 7 66 78 20 11 9 80 14 35 33 1 79 37 3
68 94 82 17 52 3 0 47 59 57 27 54 68 11 9
89 48 61 26 76 33 13 84 39 61 44 76 19 84 60
96 3 14 90 82 42 69 66 0 45 15 58 10 72 42
97 64 59 4 77 37 59 8 30 90 65 49 19 99 61
9 82 30 19 75 34 20 34 49 2 95 51 39 52 50
54 73 37 59 8 55 63 89 53 80 68 52 30 52 54
1 64 85 9 56 33 84 24 30 5 24 79 83 21 84
63 9 60 2 43 60 5 56 2 51 97 84 16 93 54
13 29 52 91 33 47 38 54 64 77 71 74 86 59 60
91 35 79 17 2 81 66 81 50 44 92 18 38 21 56
32 39 12 91 96 56 87 44 92 22 21 25 22 65 91
93 20 77 15 56 80 48 74 1 86 73 47 52 8 26
50 61 90 66 65 55 51 30 90 92 80 6 49 20 89
4 52 27 58 75 82 19 77 22 54 84 87 34 74 15
62 16 91 98 84 94 23 4 7 37 97 22 12 5 27
29 0 26 46 97 65 59 31 58 62 99 6 95 44 20
23 32 45 68 25 25 30 65 74 88 29 59 71 9 49
49 21 38 5 66 9 33 31 86 92 31 59 14 26 54
65 51 77 73 45 47 95 91 42 97 40 22 54 28 91
72 97 95 81 47 80 66 40 56 45 89 31 62 68 52
20 25 8 75 5 22 72 21 4 40 33 90 81 90 94
35 43 68 13 31 44 77 22 74 96 80 94 83 51 45
63 54 7 13 77 69 62 82 63 65 16 6 14 24 93
43 33 23 25 0 3 76 33 64 54 39 98 10 64 61
90 39 88 17 14 66 27 42 88 74 76 58 56 16 96

582 698 834 326 204 434 268 526 117 362 737 730 858 511 228

487 587 704 277 170 366 225 437 99 305 619 618 726 429 191

17 11 35 27 3 31 26 3 37 20 11 8 17 31 33 29 36 10 31 17 28 13 26 20 28 24 19 17 23 9

122 95 109 53 67 82 38 78 32 77 163 111 129 81 43
