30
15

76 58 72 89 74 77 76 68 94 15 82 3 35 77 34
81 84 82 46 31 86 71 50 83 76 94 52 38 93 56
98 26 45 45 14 35 84 52 51 58 17 83 70 85 64
9 49 26 37 94 80 57 96 18 96 22 13 75 57 20
49 7 66 78 20 11 9 80 14 35 33 1 79 37 3
68 94 82 17 52 3 0 47 59 57 27 54 68 11 9
89 48 61 26 76 33 13 84 39 61 44 76 19 84 60
96 3 14 90 82 42 69 66 0 45 15 58 10 72 42
97 64 59 4 77 37 59 8 30 90 65 49 19 99 61
9 82 30 19 75 34 20 34 49 2 95 51 39 52 50
54 73 37 59 8 55 63 89 53 80 68 52 30 52 54
1 64 85 9 56 33 84 24 30 5 24 79 83 21 84
63 9 60 2 43 60 5 56 2 51 97 84 16 93 54
13 29 52 91 33 47 38 54 64 77 71 74 86 59 60
91 35 79 17 2 81 66 81 50 44 92 18 38 21 56
32 39 12 91 96 56 87 44 92 22 21 25 22 65 91
93 20 77 15 56 80 48 74 1 86 73 47 52 8 26
50 61 90 66 65 55 51 30 90 92 80 6 49 20 89
4 52 27 58 75 82 19 77 22 54 84 87 34 74 15
62 16 91 98 84 94 23 4 7 37 97 22 12 5 27
29 0 26 46 97 65 59 31 58 62 99 6 95 44 20
23 32 45 68 25 25 30 65 74 88 29 59 71 9 49
49 21 38 5 66 9 33 31 86 92 31 59 14 26 54
65 51 77 73 45 47 95 91 42 97 40 22 54 28 91
72 97 95 81 47 80 66 40 56 45 89 31 62 68 52
20 25 8 75 5 22 72 21 4 40 33 90 81 90 94
35 43 68 13 31 44 77 22 74 96 80 94 83 51 45
63 54 7 13 77 69 62 82 63 65 16 6 14 24 93
43 33 23 25 0 3 76 33 64 54 39 98 10 64 61
90 39 88 17 14 66 27 42 88 74 76 58 56 16 96

12 6 59 61 44 62 63 48 44 12 56 54 6 43 27
4 30 48 38 45 75 1 39 30 43 37 12 65 46 20
50 0 2 70 54 15 58 2 67 32 39 68 1 55 75
22 36 29 51 62 69 55 73 88 65 1 62 0 27 22
11 29 91 43 63 60 11 92 2 98 90 87 57 91 78
93 74 96 32 29 90 69 14 74 26 8 80 10 80 73
73 1 79 71 30 82 38 80 68 31 18 46 0 30 87
76 5 44 31 17 54 72 65 89 57 50 38 11 83 18
33 42 85 61 17 27 14 9 70 16 4 39 23 95 76
19 64 47 86 99 0 44 4 20 93 23 17 99 86 98
84 28 8 19 86 80 14 81 48 8 1 34 30 90 5
50 10 53 72 57 12 70 57 38 43 28 89 51 49 4
21 26 4 86 37 49 83 49 83 23 1 53 69 77 94
27 28 70 2 74 45 91 57 82 1 66 94 42 67 32
45 15 68 8 74 82 2 5 71 81 62 46 99 11 13
71 82 58 27 70 65 67 64 60 86 81 57 0 40 1
38 5 32 50 25 9 38 45 34 90 30 3 9 50 33
44 68 19 12 58 12 18 21 58 58 9 44 27 70 16
27 35 14 90 73 92 62 51 49 47 13 36 25 59 9
39 52 2 70 6 42 71 65 38 5 17 5 9 67 0
10 95 59 68 3 85 67 95 24 9 70 5 64 6 8
13 67 19 67 29 51 94 63 8 45 8 62 53 33 62
73 94 72 22 4 15 13 68 50 75 31 14 79 74 64
92 18 43 15 6 51 63 44 28 3 45 79 61 47 20
15 2 70 25 73 88 88 83 50 98 92 21 72 52 61
53 38 15 77 46 6 15 36 30 79 29 27 28 72 84
28 13 76 88 48 20 52 87 1 71 17 13 0 84 14
62 13 85 57 27 96 36 17 70 16 53 83 1 34 68
1 20 82 70 87 12 85 29 73 19 90 72 18 29 18
86 95 39 45 52 43 10 70 45 49 97 46 44 84 26

487 587 704 277 170 366 225 437 99 305 619 618 726 429 191

1139 611 2118 1530 794 1049 984 852 809 928 1991 1124 766 1170 1152

17 11 35 27 3 31 26 3 37 20 11 8 17 31 33 29 36 10 31 17 28 13 26 20 28 24 19 17 23 9

102 80 92 45 56 69 32 65 27 65 137 94 109 68 36
