30
15

76 58 72 89 74 77 76 68 94 15 82 3 35 77 34
81 84 82 46 31 86 71 50 83 76 94 52 38 93 56
98 26 45 45 14 35 84 52 51 58 17 83 70 85 64
9 49 26 37 94 80 57 96 18 96 22 13 75 57 20
49 7 66 78 20 11 9 80 14 35 33 1 79 37 3
68 94 82 17 52 3 0 47 59 57 27 54 68 11 9
89 48 61 26 76 33 13 84 39 61 44 76 19 84 60
96 3 14 90 82 42 69 66 0 45 15 58 10 72 42
97 64 59 4 77 37 59 8 30 90 65 49 19 99 61
9 82 30 19 75 34 20 34 49 2 95 51 39 52 50
54 73 37 59 8 55 63 89 53 80 68 52 30 52 54
1 64 85 9 56 33 84 24 30 5 24 79 83 21 84
63 9 60 2 43 60 5 56 2 51 97 84 16 93 54
13 29 52 91 33 47 38 54 64 77 71 74 86 59 60
91 35 79 17 2 81 66 81 50 44 92 18 38 21 56
32 39 12 91 96 56 87 44 92 22 21 25 22 65 91
93 20 77 15 56 80 48 74 1 86 73 47 52 8 26
50 61 90 66 65 55 51 30 90 92 80 6 49 20 89
4 52 27 58 75 82 19 77 22 54 84 87 34 74 15
62 16 91 98 84 94 23 4 7 37 97 22 12 5 27
29 0 26 46 97 65 59 31 58 62 99 6 95 44 20
23 32 45 68 25 25 30 65 74 88 29 59 71 9 49
49 21 38 5 66 9 33 31 86 92 31 59 14 26 54
65 51 77 73 45 47 95 91 42 97 40 22 54 28 91
72 97 95 81 47 80 66 40 56 45 89 31 62 68 52
20 25 8 75 5 22 72 21 4 40 33 90 81 90 94
35 43 68 13 31 44 77 22 74 96 80 94 83 51 45
63 54 7 13 77 69 62 82 63 65 16 6 14 24 93
43 33 23 25 0 3 76 33 64 54 39 98 10 64 61
90 39 88 17 14 66 27 42 88 74 76 58 56 16 96

93 19 53 59 62 75 67 68 95 54 42 81 28 69 82
69 45 8 24 61 35 11 53 4 69 98 13 26 23 53
34 50 3 96 99 11 25 78 27 1 77 19 39 8 51
42 42 53 39 85 38 31 10 95 51 2 28 35 23 3
77 58 31 63 88 27 11 57 5 82 6 11 22 97 71
62 78 63 84 32 96 90 81 60 9 33 81 7 86 57
81 31 83 21 44 98 62 27 7 66 44 79 68 66 24
38 41 69 22 75 2 3 77 47 32 71 5 61 56 79
55 0 25 66 62 7 93 14 77 80 79 64 98 0 23
67 62 11 79 63 60 15 88 40 76 48 43 41 85 60
34 6 31 15 22 68 96 76 91 52 20 33 89 30 31
21 31 42 1 1 35 80 28 14 31 99 23 49 41 3
44 49 26 8 99 70 58 1 26 76 54 31 15 5 76
99 20 59 99 49 92 8 84 62 24 92 20 14 84 77
24 42 88 91 87 33 26 51 47 35 56 51 95 51 21
78 52 59 52 73 83 76 72 53 24 56 7 64 43 0
62 24 65 1 35 93 24 57 69 60 22 42 50 35 25
91 33 3 99 56 25 66 88 41 65 73 76 13 96 33
85 50 95 48 12 75 14 2 90 90 67 19 42 3 33
56 53 10 83 99 77 86 48 79 68 92 79 20 87 88
73 0 30 37 56 78 82 15 65 7 87 69 48 63 89
0 92 32 88 46 37 51 17 4 41 0 24 5 8 65
25 43 78 54 61 17 56 6 71 28 37 41 67 60 24
47 68 20 72 75 37 17 98 11 24 17 36 56 6 88
35 98 81 43 13 77 57 21 41 93 44 72 92 78 28
60 95 44 8 57 82 87 4 22 6 99 76 87 73 18
12 78 24 22 71 58 43 44 99 62 93 69 41 64 3
34 19 96 44 42 61 8 91 66 94 38 34 2 25 33
7 98 89 40 29 60 33 62 92 21 65 32 30 28 75
72 53 68 34 24 43 46 2 75 29 98 7 22 95 74

487 587 704 277 170 366 225 437 99 305 619 618 726 429 191

1868 1532 4489 838 3715 736 1872 3032 1360 1328 2005 1884 1449 1839 4036

17 11 35 27 3 31 26 3 37 20 11 8 17 31 33 29 36 10 31 17 28 13 26 20 28 24 19 17 23 9

102 80 92 45 56 69 32 65 27 65 137 94 109 68 36
