30
15

64 41 32 51 76 26 31 25 79 33 45 99 30 57 33
98 42 33 61 80 62 91 91 59 96 3 1 59 29 12
2 31 93 82 70 1 99 97 6 23 24 3 97 67 17
76 34 49 74 50 28 4 93 43 9 39 98 67 5 30
11 6 40 46 4 4 0 12 51 83 57 47 72 7 28
37 38 39 41 33 77 60 19 77 0 70 1 1 38 57
68 51 55 29 37 32 86 32 49 74 7 99 58 65 45
19 96 5 69 99 77 69 39 69 59 90 98 53 75 2
15 3 19 93 53 79 26 69 81 5 86 25 73 44 1
71 68 73 50 65 67 49 34 49 8 97 12 79 30 60
56 20 32 93 77 23 75 88 5 11 88 73 24 51 81
5 96 80 71 65 31 11 66 13 67 38 81 72 87 31
71 46 87 59 96 78 55 9 71 26 39 86 58 94 14
89 97 55 68 33 89 51 72 32 82 55 1 77 15 36
33 79 25 51 27 44 19 72 55 16 71 99 61 95 99
40 55 22 13 50 62 92 61 48 97 18 10 72 27 77
19 38 43 7 25 2 55 27 18 45 76 7 86 48 72
11 72 92 84 82 53 36 37 44 32 34 25 58 23 0
5 25 57 42 51 46 34 9 63 79 14 33 5 45 3
49 39 84 95 44 81 48 70 42 73 99 51 49 66 37
77 7 60 81 47 20 34 76 46 71 64 98 34 29 23
90 92 18 96 34 37 98 69 51 47 85 63 90 71 93
20 41 4 1 86 77 64 57 10 24 81 72 87 4 8
89 3 1 1 1 45 56 25 70 13 67 95 65 20 74
50 27 83 52 19 24 42 20 35 47 39 67 94 81 77
39 73 30 11 36 60 85 56 18 40 84 20 22 58 71
73 32 51 72 41 52 15 52 56 90 42 97 26 31 64
55 96 73 68 28 3 50 76 90 63 62 16 77 38 90
5 76 70 66 42 12 71 21 63 2 23 40 25 24 15
88 5 35 27 93 39 24 30 97 37 74 71 2 44 96

93 19 53 59 62 75 67 68 95 54 42 81 28 69 82
69 45 8 24 61 35 11 53 4 69 98 13 26 23 53
34 50 3 96 99 11 25 78 27 1 77 19 39 8 51
42 42 53 39 85 38 31 10 95 51 2 28 35 23 3
77 58 31 63 88 27 11 57 5 82 6 11 22 97 71
62 78 63 84 32 96 90 81 60 9 33 81 7 86 57
81 31 83 21 44 98 62 27 7 66 44 79 68 66 24
38 41 69 22 75 2 3 77 47 32 71 5 61 56 79
55 0 25 66 62 7 93 14 77 80 79 64 98 0 23
67 62 11 79 63 60 15 88 40 76 48 43 41 85 60
34 6 31 15 22 68 96 76 91 52 20 33 89 30 31
21 31 42 1 1 35 80 28 14 31 99 23 49 41 3
44 49 26 8 99 70 58 1 26 76 54 31 15 5 76
99 20 59 99 49 92 8 84 62 24 92 20 14 84 77
24 42 88 91 87 33 26 51 47 35 56 51 95 51 21
78 52 59 52 73 83 76 72 53 24 56 7 64 43 0
62 24 65 1 35 93 24 57 69 60 22 42 50 35 25
91 33 3 99 56 25 66 88 41 65 73 76 13 96 33
85 50 95 48 12 75 14 2 90 90 67 19 42 3 33
56 53 10 83 99 77 86 48 79 68 92 79 20 87 88
73 0 30 37 56 78 82 15 65 7 87 69 48 63 89
0 92 32 88 46 37 51 17 4 41 0 24 5 8 65
25 43 78 54 61 17 56 6 71 28 37 41 67 60 24
47 68 20 72 75 37 17 98 11 24 17 36 56 6 88
35 98 81 43 13 77 57 21 41 93 44 72 92 78 28
60 95 44 8 57 82 87 4 22 6 99 76 87 73 18
12 78 24 22 71 58 43 44 99 62 93 69 41 64 3
34 19 96 44 42 61 8 91 66 94 38 34 2 25 33
7 98 89 40 29 60 33 62 92 21 65 32 30 28 75
72 53 68 34 24 43 46 2 75 29 98 7 22 95 74

305 601 2031 681 360 2241 445 665 2832 678 2497 3535 3486 899 1679

1868 1532 4489 838 3715 736 1872 3032 1360 1328 2005 1884 1449 1839 4036

9 27 7 4 11 15 16 16 9 32 34 1 7 22 32 25 38 9 15 17 29 3 9 33 4 15 32 24 33 14

23 74 125 42 32 104 55 76 182 41 128 185 161 113 150
