30
15

12 6 59 61 44 62 63 48 44 12 56 54 6 43 27
4 30 48 38 45 75 1 39 30 43 37 12 65 46 20
50 0 2 70 54 15 58 2 67 32 39 68 1 55 75
22 36 29 51 62 69 55 73 88 65 1 62 0 27 22
11 29 91 43 63 60 11 92 2 98 90 87 57 91 78
93 74 96 32 29 90 69 14 74 26 8 80 10 80 73
73 1 79 71 30 82 38 80 68 31 18 46 0 30 87
76 5 44 31 17 54 72 65 89 57 50 38 11 83 18
33 42 85 61 17 27 14 9 70 16 4 39 23 95 76
19 64 47 86 99 0 44 4 20 93 23 17 99 86 98
84 28 8 19 86 80 14 81 48 8 1 34 30 90 5
50 10 53 72 57 12 70 57 38 43 28 89 51 49 4
21 26 4 86 37 49 83 49 83 23 1 53 69 77 94
27 28 70 2 74 45 91 57 82 1 66 94 42 67 32
45 15 68 8 74 82 2 5 71 81 62 46 99 11 13
71 82 58 27 70 65 67 64 60 86 81 57 0 40 1
38 5 32 50 25 9 38 45 34 90 30 3 9 50 33
44 68 19 12 58 12 18 21 58 58 9 44 27 70 16
27 35 14 90 73 92 62 51 49 47 13 36 25 59 9
39 52 2 70 6 42 71 65 38 5 17 5 9 67 0
10 95 59 68 3 85 67 95 24 9 70 5 64 6 8
13 67 19 67 29 51 94 63 8 45 8 62 53 33 62
73 94 72 22 4 15 13 68 50 75 31 14 79 74 64
92 18 43 15 6 51 63 44 28 3 45 79 61 47 20
15 2 70 25 73 88 88 83 50 98 92 21 72 52 61
53 38 15 77 46 6 15 36 30 79 29 27 28 72 84
28 13 76 88 48 20 52 87 1 71 17 13 0 84 14
62 13 85 57 27 96 36 17 70 16 53 83 1 34 68
1 20 82 70 87 12 85 29 73 19 90 72 18 29 18
86 95 39 45 52 43 10 70 45 49 97 46 44 84 26

93 19 53 59 62 75 67 68 95 54 42 81 28 69 82
69 45 8 24 61 35 11 53 4 69 98 13 26 23 53
34 50 3 96 99 11 25 78 27 1 77 19 39 8 51
42 42 53 39 85 38 31 10 95 51 2 28 35 23 3
77 58 31 63 88 27 11 57 5 82 6 11 22 97 71
62 78 63 84 32 96 90 81 60 9 33 81 7 86 57
81 31 83 21 44 98 62 27 7 66 44 79 68 66 24
38 41 69 22 75 2 3 77 47 32 71 5 61 56 79
55 0 25 66 62 7 93 14 77 80 79 64 98 0 23
67 62 11 79 63 60 15 88 40 76 48 43 41 85 60
34 6 31 15 22 68 96 76 91 52 20 33 89 30 31
21 31 42 1 1 35 80 28 14 31 99 23 49 41 3
44 49 26 8 99 70 58 1 26 76 54 31 15 5 76
99 20 59 99 49 92 8 84 62 24 92 20 14 84 77
24 42 88 91 87 33 26 51 47 35 56 51 95 51 21
78 52 59 52 73 83 76 72 53 24 56 7 64 43 0
62 24 65 1 35 93 24 57 69 60 22 42 50 35 25
91 33 3 99 56 25 66 88 41 65 73 76 13 96 33
85 50 95 48 12 75 14 2 90 90 67 19 42 3 33
56 53 10 83 99 77 86 48 79 68 92 79 20 87 88
73 0 30 37 56 78 82 15 65 7 87 69 48 63 89
0 92 32 88 46 37 51 17 4 41 0 24 5 8 65
25 43 78 54 61 17 56 6 71 28 37 41 67 60 24
47 68 20 72 75 37 17 98 11 24 17 36 56 6 88
35 98 81 43 13 77 57 21 41 93 44 72 92 78 28
60 95 44 8 57 82 87 4 22 6 99 76 87 73 18
12 78 24 22 71 58 43 44 99 62 93 69 41 64 3
34 19 96 44 42 61 8 91 66 94 38 34 2 25 33
7 98 89 40 29 60 33 62 92 21 65 32 30 28 75
72 53 68 34 24 43 46 2 75 29 98 7 22 95 74

759 406 1411 1019 529 699 656 568 540 618 1327 749 511 780 768

1868 1532 4489 838 3715 736 1872 3032 1360 1328 2005 1884 1449 1839 4036

27 34 6 14 8 33 36 18 30 19 23 8 5 16 20 22 8 6 14 28 6 17 15 32 1 11 29 3 23 21

46 21 57 66 57 48 44 58 28 25 58 68 34 53 44
