40
20

95 22 77 89 72 45 82 16 77 96 79 45 45 16 62 49 36 78 57 87
0 58 34 83 2 97 14 57 71 93 80 55 24 77 72 88 83 48 40 78
94 73 73 76 13 93 33 94 5 67 67 67 95 59 64 44 51 47 95 64
78 15 35 66 82 41 70 53 14 15 40 95 94 26 48 45 1 19 63 1
61 8 89 43 66 81 64 30 20 64 25 21 88 98 58 74 91 60 4 26
72 39 93 56 43 33 40 96 60 38 14 29 8 43 58 98 89 51 33 5
33 93 18 88 94 93 75 92 81 22 55 81 53 32 36 55 69 60 90 53
72 56 23 94 56 55 53 45 25 14 93 43 73 73 87 3 22 19 82 86
96 58 54 22 35 20 29 90 61 66 33 21 59 50 99 62 28 73 4 28
23 31 93 18 84 35 41 86 35 58 51 77 88 39 81 80 85 50 56 67
70 5 3 84 77 63 26 60 60 63 91 18 16 80 2 13 72 2 89 35
33 64 27 40 24 82 62 19 54 84 23 92 7 19 35 5 17 6 59 63
96 37 38 18 24 58 13 12 3 88 40 29 50 54 27 7 77 42 73 29
81 0 60 79 43 46 59 27 7 56 28 5 92 49 22 60 54 77 43 7
6 2 98 26 58 15 44 62 35 20 38 34 89 95 22 45 12 13 6 74
13 57 38 74 14 93 65 5 96 68 34 91 68 43 68 63 64 0 43 46
95 55 31 83 88 84 86 12 7 41 4 47 32 22 63 12 42 7 40 45
29 78 48 64 38 3 54 58 9 30 62 53 65 33 71 59 73 97 51 8
84 43 80 29 2 29 56 15 62 70 67 0 15 72 74 32 27 64 55 9
74 92 12 32 64 78 29 72 26 82 42 65 57 24 59 83 94 25 39 36
76 5 14 22 5 31 21 2 7 5 72 91 73 41 80 87 23 59 23 62
15 6 7 18 3 82 66 48 15 24 9 81 93 75 99 90 33 54 24 89
8 93 2 62 56 99 24 76 82 85 19 1 92 49 16 9 61 5 22 48
10 4 37 10 36 86 87 14 22 58 41 10 25 88 43 57 11 55 76 14
94 9 31 86 97 13 64 83 28 76 49 83 58 16 68 39 36 88 93 34
78 76 52 90 10 43 89 92 59 66 41 68 22 26 24 49 56 14 68 91
64 67 65 34 74 73 17 39 38 69 78 20 95 59 62 56 80 3 33 63
59 55 0 61 39 71 8 49 79 85 70 88 90 46 88 60 10 57 76 35
95 64 55 70 52 74 0 40 10 5 67 46 6 13 4 70 31 25 44 73
64 80 34 34 86 69 34 3 53 19 10 6 73 47 81 14 14 5 16 79
37 78 82 94 30 98 80 27 93 7 41 41 94 65 48 92 96 88 18 81
27 74 55 87 49 35 65 9 32 56 85 16 58 44 65 43 97 35 26 20
32 82 55 1 38 27 24 34 21 45 52 95 91 6 24 66 8 88 64 45
43 45 5 96 32 16 5 7 9 16 16 88 65 54 92 32 50 68 97 31
27 75 47 24 40 67 0 89 51 7 82 37 71 9 98 71 79 1 86 80
5 1 96 30 21 71 7 40 73 9 26 64 39 4 14 25 5 74 42 52
84 35 71 35 23 2 10 97 80 95 93 36 59 17 86 94 41 23 0 63
32 87 91 15 42 52 60 39 54 12 81 10 30 59 34 16 95 94 8 35
75 90 9 28 81 57 78 88 73 42 23 68 40 55 98 71 84 29 92 82
88 35 22 70 18 7 20 85 67 73 85 49 68 67 13 88 17 83 40 70

15 16 0 86 87 46 31 27 24 2 94 48 54 51 72 49 56 16 7 86
8 3 27 10 38 55 5 37 23 17 25 52 97 51 67 25 77 39 26 20
1 50 39 15 38 72 79 47 30 33 44 75 60 48 44 21 60 87 67 14
6 38 83 62 64 12 7 27 83 13 28 77 39 77 96 28 0 44 2 21
43 20 94 79 46 47 28 45 56 86 40 9 81 73 87 41 62 15 85 32
48 37 62 75 42 74 86 55 12 1 41 25 92 26 69 83 0 88 88 98
58 47 65 13 82 47 92 55 91 92 10 23 48 65 71 20 17 92 19 63
22 12 59 87 29 11 22 24 86 41 51 19 0 28 74 18 24 24 23 43
5 81 32 37 84 37 15 36 76 43 1 16 61 83 91 7 63 45 51 84
98 66 61 71 21 44 93 13 4 2 71 18 14 34 42 55 92 79 71 74
36 99 28 78 40 54 37 61 54 11 92 96 59 6 77 41 66 76 40 87
94 15 96 65 81 14 75 9 35 2 33 7 18 93 89 12 46 4 63 95
18 1 27 40 21 91 78 39 83 61 25 25 49 33 23 45 27 93 8 78
4 6 12 32 49 22 63 79 49 45 5 32 28 19 78 45 68 37 59 98
26 99 48 12 4 62 46 91 23 56 59 92 22 74 38 68 60 39 25 36
98 26 64 66 9 79 9 89 12 47 32 76 54 53 5 32 70 45 24 8
99 97 89 25 43 75 56 59 86 62 39 42 22 33 9 65 41 6 29 97
95 7 26 51 29 43 82 66 42 59 85 77 36 23 1 4 47 65 29 73
67 68 63 52 27 86 75 71 59 38 85 43 88 91 89 29 18 52 56 94
93 19 24 51 74 51 40 1 45 87 38 0 49 95 46 21 2 43 68 98
54 21 69 50 94 60 83 36 95 25 99 94 75 73 3 57 3 7 94 39
81 67 79 53 81 44 30 1 14 96 56 36 70 14 16 89 42 58 91 22
36 67 73 45 20 9 50 95 71 32 92 87 23 19 68 69 17 73 49 43
11 73 77 46 6 86 0 80 95 18 9 63 23 42 34 20 40 48 62 39
79 74 7 65 74 43 35 11 16 4 30 98 18 41 36 63 17 16 39 90
42 56 54 54 42 78 29 94 28 47 3 35 85 95 51 40 63 25 31 60
43 19 89 13 44 99 6 96 10 98 94 36 3 76 58 18 84 62 97 40
53 1 2 4 97 65 83 27 50 35 21 27 65 62 39 34 73 83 25 28
49 31 67 83 29 68 71 97 45 42 69 26 68 38 58 41 83 68 99 90
24 30 89 40 56 36 80 7 72 68 0 14 53 30 2 44 98 7 59 61
25 29 70 24 3 25 36 11 63 97 40 43 7 55 35 56 93 6 10 75
86 60 4 83 93 18 86 81 21 53 7 1 30 93 15 1 68 62 67 57
12 56 89 45 45 38 76 51 59 99 14 79 40 5 78 38 98 30 47 4
35 55 17 30 69 64 13 21 53 88 52 93 58 60 72 6 19 95 49 27
41 0 71 61 40 83 31 54 49 11 58 71 11 45 6 88 57 35 64 51
29 75 56 6 88 36 54 84 36 26 4 9 30 58 53 57 70 9 36 81
82 19 31 90 45 42 10 35 13 60 59 52 45 33 14 57 40 21 46 85
34 18 11 46 24 81 25 7 94 38 37 43 91 22 21 15 66 51 82 56
61 52 86 87 29 6 26 81 7 64 99 65 83 45 57 8 24 39 40 44
56 55 44 34 20 97 26 52 31 63 93 61 29 87 19 14 91 77 61 85

1710 958 1326 1786 1023 793 1600 1874 1967 2178 3604 2243 555 1518 2105 424 339 1582 1624 1646

1289 1542 2481 1286 710 1340 707 186 1737 1547 290 2575 274 873 1386 2141 1233 464 282 385

22 11 18 20 13 14 16 22 12 22 26 12 26 12 29 27 16 22 29 29 27 25 23 17 20 26 24 19 20 27 24 29 18 21 16 24 14 17 12 14

99 26 72 73 77 51 88 61 101 80 108 94 22 69 79 31 23 63 54 96
