40
20

95 22 77 89 72 45 82 16 77 96 79 45 45 16 62 49 36 78 57 87
0 58 34 83 2 97 14 57 71 93 80 55 24 77 72 88 83 48 40 78
94 73 73 76 13 93 33 94 5 67 67 67 95 59 64 44 51 47 95 64
78 15 35 66 82 41 70 53 14 15 40 95 94 26 48 45 1 19 63 1
61 8 89 43 66 81 64 30 20 64 25 21 88 98 58 74 91 60 4 26
72 39 93 56 43 33 40 96 60 38 14 29 8 43 58 98 89 51 33 5
33 93 18 88 94 93 75 92 81 22 55 81 53 32 36 55 69 60 90 53
72 56 23 94 56 55 53 45 25 14 93 43 73 73 87 3 22 19 82 86
96 58 54 22 35 20 29 90 61 66 33 21 59 50 99 62 28 73 4 28
23 31 93 18 84 35 41 86 35 58 51 77 88 39 81 80 85 50 56 67
70 5 3 84 77 63 26 60 60 63 91 18 16 80 2 13 72 2 89 35
33 64 27 40 24 82 62 19 54 84 23 92 7 19 35 5 17 6 59 63
96 37 38 18 24 58 13 12 3 88 40 29 50 54 27 7 77 42 73 29
81 0 60 79 43 46 59 27 7 56 28 5 92 49 22 60 54 77 43 7
6 2 98 26 58 15 44 62 35 20 38 34 89 95 22 45 12 13 6 74
13 57 38 74 14 93 65 5 96 68 34 91 68 43 68 63 64 0 43 46
95 55 31 83 88 84 86 12 7 41 4 47 32 22 63 12 42 7 40 45
29 78 48 64 38 3 54 58 9 30 62 53 65 33 71 59 73 97 51 8
84 43 80 29 2 29 56 15 62 70 67 0 15 72 74 32 27 64 55 9
74 92 12 32 64 78 29 72 26 82 42 65 57 24 59 83 94 25 39 36
76 5 14 22 5 31 21 2 7 5 72 91 73 41 80 87 23 59 23 62
15 6 7 18 3 82 66 48 15 24 9 81 93 75 99 90 33 54 24 89
8 93 2 62 56 99 24 76 82 85 19 1 92 49 16 9 61 5 22 48
10 4 37 10 36 86 87 14 22 58 41 10 25 88 43 57 11 55 76 14
94 9 31 86 97 13 64 83 28 76 49 83 58 16 68 39 36 88 93 34
78 76 52 90 10 43 89 92 59 66 41 68 22 26 24 49 56 14 68 91
64 67 65 34 74 73 17 39 38 69 78 20 95 59 62 56 80 3 33 63
59 55 0 61 39 71 8 49 79 85 70 88 90 46 88 60 10 57 76 35
95 64 55 70 52 74 0 40 10 5 67 46 6 13 4 70 31 25 44 73
64 80 34 34 86 69 34 3 53 19 10 6 73 47 81 14 14 5 16 79
37 78 82 94 30 98 80 27 93 7 41 41 94 65 48 92 96 88 18 81
27 74 55 87 49 35 65 9 32 56 85 16 58 44 65 43 97 35 26 20
32 82 55 1 38 27 24 34 21 45 52 95 91 6 24 66 8 88 64 45
43 45 5 96 32 16 5 7 9 16 16 88 65 54 92 32 50 68 97 31
27 75 47 24 40 67 0 89 51 7 82 37 71 9 98 71 79 1 86 80
5 1 96 30 21 71 7 40 73 9 26 64 39 4 14 25 5 74 42 52
84 35 71 35 23 2 10 97 80 95 93 36 59 17 86 94 41 23 0 63
32 87 91 15 42 52 60 39 54 12 81 10 30 59 34 16 95 94 8 35
75 90 9 28 81 57 78 88 73 42 23 68 40 55 98 71 84 29 92 82
88 35 22 70 18 7 20 85 67 73 85 49 68 67 13 88 17 83 40 70

86 73 23 98 62 65 17 86 31 58 69 0 9 81 2 90 54 49 0 73
29 2 90 3 10 99 23 6 23 4 64 65 46 47 85 68 5 47 94 44
28 45 47 72 67 55 33 17 85 48 30 36 63 42 66 58 83 29 31 35
3 86 37 9 1 49 5 48 78 39 41 49 41 71 18 99 97 88 85 58
47 8 67 90 41 54 20 69 49 26 70 29 44 35 38 25 21 85 27 51
81 0 41 13 60 23 42 39 85 19 76 10 84 88 23 23 80 40 44 10
48 10 45 93 25 6 69 47 78 17 85 89 93 25 44 19 28 98 20 95
51 70 43 95 48 7 5 21 71 39 97 25 76 8 4 82 53 42 50 35
53 71 5 70 73 45 70 26 45 7 97 20 42 50 39 59 95 46 9 66
90 25 7 35 85 60 35 98 66 68 19 70 28 33 8 4 59 27 3 66
63 68 57 17 34 54 35 70 85 46 28 43 89 7 67 33 80 17 72 91
31 97 30 57 91 50 3 97 70 74 96 42 91 14 29 35 35 61 19 19
84 9 42 31 2 32 39 85 21 39 87 61 43 28 54 26 34 29 95 53
4 25 68 34 90 85 83 72 82 40 96 23 62 0 27 10 41 82 49 33
24 1 99 56 31 46 81 28 56 41 80 77 37 56 7 93 78 35 32 76
40 43 90 20 93 42 48 57 98 74 95 88 56 83 65 71 49 21 17 38
57 13 44 70 28 76 66 44 27 28 30 42 5 8 38 72 57 21 66 49
47 62 39 38 44 82 85 51 84 10 83 57 45 38 69 33 12 33 67 87
63 37 75 14 4 60 99 66 38 83 31 60 38 37 10 43 65 2 4 90
51 55 22 5 31 66 26 64 8 10 98 92 68 49 4 82 91 8 46 9
24 34 87 64 3 23 5 38 54 59 5 28 95 85 91 30 32 11 80 61
11 24 15 6 78 61 0 90 52 51 70 36 9 44 69 32 53 82 89 29
98 80 17 55 91 14 63 1 66 45 87 20 97 31 40 47 84 79 85 24
0 69 80 1 91 40 4 33 80 13 93 97 41 3 8 9 44 42 32 9
61 4 96 34 22 21 63 8 30 23 26 24 81 32 1 85 72 13 13 37
53 47 16 95 81 78 90 78 87 56 6 73 47 83 48 97 22 21 42 54
16 21 30 74 69 93 76 91 61 14 7 9 23 56 23 53 69 63 18 96
85 27 12 30 57 37 76 98 10 93 1 26 99 14 46 9 66 92 64 44
69 55 91 15 19 43 48 69 13 30 87 47 32 14 93 44 32 85 6 28
83 34 32 35 86 53 68 12 8 56 43 94 13 8 61 19 52 51 89 89
89 63 96 76 32 57 89 58 68 95 53 75 34 65 9 11 31 79 64 2
14 67 62 46 40 72 80 58 6 16 8 71 34 0 54 87 25 44 70 20
59 75 80 74 29 36 76 76 25 58 91 33 12 32 73 85 76 61 31 92
10 82 4 57 85 96 95 73 24 36 59 69 62 66 38 61 69 88 92 58
80 3 52 71 32 55 9 11 26 47 10 6 57 8 21 40 67 66 83 11
44 35 69 61 34 28 21 19 70 63 18 63 24 9 9 93 27 7 16 68
27 45 83 56 75 79 28 89 61 36 25 26 25 30 29 78 39 85 15 29
24 38 80 70 41 81 64 23 77 42 57 23 18 33 8 99 74 16 60 46
1 43 70 93 39 94 87 22 43 18 98 72 4 29 75 33 68 36 63 35
96 3 13 67 45 50 33 89 39 76 22 25 78 33 10 33 87 87 5 22

1710 958 1326 1786 1023 793 1600 1874 1967 2178 3604 2243 555 1518 2105 424 339 1582 1624 1646

362 491 913 419 266 401 598 409 418 721 350 602 488 397 512 1056 476 116 446 525

22 11 18 20 13 14 16 22 12 22 26 12 26 12 29 27 16 22 29 29 27 25 23 17 20 26 24 19 20 27 24 29 18 21 16 24 14 17 12 14

99 26 72 73 77 51 88 61 101 80 108 94 22 69 79 31 23 63 54 96
