40
20

95 22 77 89 72 45 82 16 77 96 79 45 45 16 62 49 36 78 57 87
0 58 34 83 2 97 14 57 71 93 80 55 24 77 72 88 83 48 40 78
94 73 73 76 13 93 33 94 5 67 67 67 95 59 64 44 51 47 95 64
78 15 35 66 82 41 70 53 14 15 40 95 94 26 48 45 1 19 63 1
61 8 89 43 66 81 64 30 20 64 25 21 88 98 58 74 91 60 4 26
72 39 93 56 43 33 40 96 60 38 14 29 8 43 58 98 89 51 33 5
33 93 18 88 94 93 75 92 81 22 55 81 53 32 36 55 69 60 90 53
72 56 23 94 56 55 53 45 25 14 93 43 73 73 87 3 22 19 82 86
96 58 54 22 35 20 29 90 61 66 33 21 59 50 99 62 28 73 4 28
23 31 93 18 84 35 41 86 35 58 51 77 88 39 81 80 85 50 56 67
70 5 3 84 77 63 26 60 60 63 91 18 16 80 2 13 72 2 89 35
33 64 27 40 24 82 62 19 54 84 23 92 7 19 35 5 17 6 59 63
96 37 38 18 24 58 13 12 3 88 40 29 50 54 27 7 77 42 73 29
81 0 60 79 43 46 59 27 7 56 28 5 92 49 22 60 54 77 43 7
6 2 98 26 58 15 44 62 35 20 38 34 89 95 22 45 12 13 6 74
13 57 38 74 14 93 65 5 96 68 34 91 68 43 68 63 64 0 43 46
95 55 31 83 88 84 86 12 7 41 4 47 32 22 63 12 42 7 40 45
29 78 48 64 38 3 54 58 9 30 62 53 65 33 71 59 73 97 51 8
84 43 80 29 2 29 56 15 62 70 67 0 15 72 74 32 27 64 55 9
74 92 12 32 64 78 29 72 26 82 42 65 57 24 59 83 94 25 39 36
76 5 14 22 5 31 21 2 7 5 72 91 73 41 80 87 23 59 23 62
15 6 7 18 3 82 66 48 15 24 9 81 93 75 99 90 33 54 24 89
8 93 2 62 56 99 24 76 82 85 19 1 92 49 16 9 61 5 22 48
10 4 37 10 36 86 87 14 22 58 41 10 25 88 43 57 11 55 76 14
94 9 31 86 97 13 64 83 28 76 49 83 58 16 68 39 36 88 93 34
78 76 52 90 10 43 89 92 59 66 41 68 22 26 24 49 56 14 68 91
64 67 65 34 74 73 17 39 38 69 78 20 95 59 62 56 80 3 33 63
59 55 0 61 39 71 8 49 79 85 70 88 90 46 88 60 10 57 76 35
95 64 55 70 52 74 0 40 10 5 67 46 6 13 4 70 31 25 44 73
64 80 34 34 86 69 34 3 53 19 10 6 73 47 81 14 14 5 16 79
37 78 82 94 30 98 80 27 93 7 41 41 94 65 48 92 96 88 18 81
27 74 55 87 49 35 65 9 32 56 85 16 58 44 65 43 97 35 26 20
32 82 55 1 38 27 24 34 21 45 52 95 91 6 24 66 8 88 64 45
43 45 5 96 32 16 5 7 9 16 16 88 65 54 92 32 50 68 97 31
27 75 47 24 40 67 0 89 51 7 82 37 71 9 98 71 79 1 86 80
5 1 96 30 21 71 7 40 73 9 26 64 39 4 14 25 5 74 42 52
84 35 71 35 23 2 10 97 80 95 93 36 59 17 86 94 41 23 0 63
32 87 91 15 42 52 60 39 54 12 81 10 30 59 34 16 95 94 8 35
75 90 9 28 81 57 78 88 73 42 23 68 40 55 98 71 84 29 92 82
88 35 22 70 18 7 20 85 67 73 85 49 68 67 13 88 17 83 40 70

83 62 1 77 41 15 43 54 91 78 31 37 31 78 38 46 53 69 50 79
99 53 61 37 43 20 6 16 20 11 95 43 6 89 78 47 7 65 62 82
25 14 60 42 14 84 30 43 21 81 50 50 94 74 23 82 1 65 24 24
87 21 17 27 54 38 11 66 65 16 38 9 83 45 58 91 11 37 44 12
86 52 85 6 47 5 11 33 79 58 43 12 3 11 5 74 63 81 59 25
31 4 52 39 35 9 76 12 65 56 98 62 41 21 87 49 18 91 68 47
77 78 64 96 31 84 14 22 30 77 78 90 59 31 59 29 60 82 15 62
7 80 34 11 37 23 89 64 3 42 10 32 6 50 37 23 20 63 22 16
11 80 22 10 38 67 87 92 52 86 24 27 55 64 18 76 87 80 18 12
34 37 28 55 89 42 58 70 4 87 31 0 28 36 47 13 92 48 38 96
12 83 99 23 10 81 38 84 67 9 3 36 80 22 84 35 59 60 75 43
5 10 68 29 58 82 2 5 83 79 87 61 55 77 85 97 61 20 7 63
11 21 70 59 43 8 16 45 59 57 82 77 29 7 81 58 43 49 40 74
6 31 83 65 5 15 76 24 83 88 60 47 16 15 43 82 64 76 35 16
46 24 21 39 68 67 43 48 85 59 8 86 96 43 48 38 99 86 14 9
37 9 57 76 38 85 46 86 17 73 23 30 86 97 84 22 0 99 49 66
45 27 54 88 20 19 78 68 81 21 90 87 68 23 80 92 96 17 0 33
16 13 39 26 54 54 12 52 91 27 19 82 48 58 23 6 83 34 40 94
11 94 44 24 8 91 36 43 69 88 25 63 7 77 12 97 41 13 91 84
89 93 96 73 79 52 61 45 26 26 78 13 57 21 61 13 77 86 53 83
96 68 38 97 74 14 48 91 43 37 59 2 33 56 45 17 81 99 8 90
24 2 8 73 97 58 79 78 78 1 86 69 79 19 58 36 36 40 22 9
72 29 1 19 43 93 57 0 63 83 7 8 92 39 19 79 22 7 82 73
2 48 9 62 79 96 99 59 48 38 87 10 47 35 51 79 27 96 45 12
90 79 97 42 75 75 72 92 34 8 2 83 24 52 23 31 19 44 75 26
2 57 67 4 2 43 90 56 81 77 44 46 92 55 15 17 60 22 6 25
44 47 21 19 7 57 51 46 83 3 98 75 26 15 59 59 77 85 49 53
83 64 16 1 57 70 98 37 66 54 28 47 77 50 69 24 98 26 40 83
15 3 78 27 82 97 36 95 28 32 8 1 99 1 43 81 36 76 81 86
50 14 23 82 65 85 23 72 32 38 59 24 21 67 25 80 69 54 41 88
18 99 92 64 83 51 32 94 39 17 96 27 3 13 46 7 54 64 10 63
27 86 4 53 68 10 45 12 23 5 92 68 23 43 79 33 70 93 13 54
39 30 76 4 53 29 27 55 0 40 5 31 91 86 89 62 82 40 45 81
14 37 82 22 29 64 92 31 86 23 41 77 68 43 51 40 65 5 70 15
69 7 32 37 14 67 56 45 52 56 30 25 49 2 76 88 34 3 3 8
39 57 92 85 20 76 49 37 38 54 52 27 40 3 62 72 74 76 69 2
28 50 1 61 72 21 11 62 46 42 35 46 25 24 67 7 50 43 96 78
8 55 22 90 1 8 16 56 35 79 15 38 20 7 60 87 61 81 0 93
84 9 56 55 26 73 90 74 74 48 20 23 47 55 4 55 52 44 62 41
46 56 5 60 98 1 6 78 30 38 28 83 79 71 85 76 9 68 8 21

1710 958 1326 1786 1023 793 1600 1874 1967 2178 3604 2243 555 1518 2105 424 339 1582 1624 1646

1518 1595 3224 1216 2416 803 1148 3188 3034 1946 2228 3656 2313 5073 704 1980 890 1929 3781 1866

22 11 18 20 13 14 16 22 12 22 26 12 26 12 29 27 16 22 29 29 27 25 23 17 20 26 24 19 20 27 24 29 18 21 16 24 14 17 12 14

99 26 72 73 77 51 88 61 101 80 108 94 22 69 79 31 23 63 54 96
