40
20

95 22 77 89 72 45 82 16 77 96 79 45 45 16 62 49 36 78 57 87
0 58 34 83 2 97 14 57 71 93 80 55 24 77 72 88 83 48 40 78
94 73 73 76 13 93 33 94 5 67 67 67 95 59 64 44 51 47 95 64
78 15 35 66 82 41 70 53 14 15 40 95 94 26 48 45 1 19 63 1
61 8 89 43 66 81 64 30 20 64 25 21 88 98 58 74 91 60 4 26
72 39 93 56 43 33 40 96 60 38 14 29 8 43 58 98 89 51 33 5
33 93 18 88 94 93 75 92 81 22 55 81 53 32 36 55 69 60 90 53
72 56 23 94 56 55 53 45 25 14 93 43 73 73 87 3 22 19 82 86
96 58 54 22 35 20 29 90 61 66 33 21 59 50 99 62 28 73 4 28
23 31 93 18 84 35 41 86 35 58 51 77 88 39 81 80 85 50 56 67
70 5 3 84 77 63 26 60 60 63 91 18 16 80 2 13 72 2 89 35
33 64 27 40 24 82 62 19 54 84 23 92 7 19 35 5 17 6 59 63
96 37 38 18 24 58 13 12 3 88 40 29 50 54 27 7 77 42 73 29
81 0 60 79 43 46 59 27 7 56 28 5 92 49 22 60 54 77 43 7
6 2 98 26 58 15 44 62 35 20 38 34 89 95 22 45 12 13 6 74
13 57 38 74 14 93 65 5 96 68 34 91 68 43 68 63 64 0 43 46
95 55 31 83 88 84 86 12 7 41 4 47 32 22 63 12 42 7 40 45
29 78 48 64 38 3 54 58 9 30 62 53 65 33 71 59 73 97 51 8
84 43 80 29 2 29 56 15 62 70 67 0 15 72 74 32 27 64 55 9
74 92 12 32 64 78 29 72 26 82 42 65 57 24 59 83 94 25 39 36
76 5 14 22 5 31 21 2 7 5 72 91 73 41 80 87 23 59 23 62
15 6 7 18 3 82 66 48 15 24 9 81 93 75 99 90 33 54 24 89
8 93 2 62 56 99 24 76 82 85 19 1 92 49 16 9 61 5 22 48
10 4 37 10 36 86 87 14 22 58 41 10 25 88 43 57 11 55 76 14
94 9 31 86 97 13 64 83 28 76 49 83 58 16 68 39 36 88 93 34
78 76 52 90 10 43 89 92 59 66 41 68 22 26 24 49 56 14 68 91
64 67 65 34 74 73 17 39 38 69 78 20 95 59 62 56 80 3 33 63
59 55 0 61 39 71 8 49 79 85 70 88 90 46 88 60 10 57 76 35
95 64 55 70 52 74 0 40 10 5 67 46 6 13 4 70 31 25 44 73
64 80 34 34 86 69 34 3 53 19 10 6 73 47 81 14 14 5 16 79
37 78 82 94 30 98 80 27 93 7 41 41 94 65 48 92 96 88 18 81
27 74 55 87 49 35 65 9 32 56 85 16 58 44 65 43 97 35 26 20
32 82 55 1 38 27 24 34 21 45 52 95 91 6 24 66 8 88 64 45
43 45 5 96 32 16 5 7 9 16 16 88 65 54 92 32 50 68 97 31
27 75 47 24 40 67 0 89 51 7 82 37 71 9 98 71 79 1 86 80
5 1 96 30 21 71 7 40 73 9 26 64 39 4 14 25 5 74 42 52
84 35 71 35 23 2 10 97 80 95 93 36 59 17 86 94 41 23 0 63
32 87 91 15 42 52 60 39 54 12 81 10 30 59 34 16 95 94 8 35
75 90 9 28 81 57 78 88 73 42 23 68 40 55 98 71 84 29 92 82
88 35 22 70 18 7 20 85 67 73 85 49 68 67 13 88 17 83 40 70

11 6 45 1 69 92 73 26 97 28 42 4 63 5 26 12 59 80 21 43
42 61 87 40 32 63 8 30 31 41 22 6 78 85 43 87 63 44 62 42
65 7 93 63 73 58 11 28 23 86 93 87 56 19 64 50 64 6 2 77
2 70 54 94 70 8 78 77 92 9 4 89 54 13 75 51 68 34 15 94
85 32 51 14 66 79 56 28 85 81 6 8 25 44 82 40 93 81 29 24
59 23 73 29 99 57 66 63 0 20 83 6 46 23 12 45 9 64 12 92
1 74 15 62 60 9 4 73 94 58 2 70 83 43 47 90 26 49 26 30
85 74 12 73 50 13 23 91 39 18 90 23 10 70 1 13 33 86 69 33
62 40 36 42 1 52 10 56 55 97 93 20 10 25 55 16 81 4 62 45
25 11 50 64 1 50 19 70 38 67 83 70 30 79 98 52 68 55 49 75
96 7 85 35 27 81 21 66 70 44 35 89 57 34 57 15 59 96 1 81
37 20 7 46 72 73 83 99 56 80 56 54 53 86 1 15 55 18 72 64
85 33 80 89 39 3 80 42 56 86 60 26 58 83 55 33 4 71 19 68
54 80 30 62 22 36 17 33 82 88 25 64 39 17 62 98 94 56 96 67
60 99 89 24 95 70 97 14 84 68 61 30 67 31 72 29 91 59 91 2
61 18 53 29 87 91 77 54 61 56 82 77 29 10 59 28 12 69 57 84
15 10 96 40 18 30 89 46 40 55 61 67 14 5 81 33 26 1 51 82
98 89 23 17 15 95 22 29 38 40 14 48 37 88 39 42 49 1 93 64
40 25 42 13 29 21 91 63 94 36 39 93 77 63 8 95 61 26 11 51
71 16 2 21 37 45 34 64 16 90 98 97 57 63 31 56 62 12 19 15
73 39 27 83 91 12 30 79 3 75 35 57 75 5 9 31 42 69 58 20
94 66 27 17 46 67 4 52 35 97 56 96 86 99 28 33 48 91 88 97
68 11 86 44 81 87 78 16 21 1 14 10 76 21 4 59 57 31 17 91
38 68 47 25 99 52 87 13 72 79 83 39 76 3 35 45 87 16 6 25
85 25 36 21 70 72 60 18 30 47 5 0 29 91 92 31 20 84 79 76
8 81 24 57 39 18 31 30 60 21 47 17 90 77 89 25 2 59 29 51
0 6 82 41 33 5 45 55 98 31 7 63 14 22 22 63 61 22 5 5
32 1 7 64 30 42 66 79 17 44 51 75 90 97 45 12 39 23 17 48
25 74 5 99 68 51 94 28 39 76 66 10 4 32 47 46 44 50 90 29
75 14 71 68 19 9 68 48 8 32 71 72 37 46 35 98 64 43 63 87
62 45 4 23 42 61 85 58 13 83 15 3 53 79 36 69 96 27 3 19
65 90 26 0 9 25 90 56 14 93 54 34 9 88 87 56 82 9 92 2
58 69 22 19 47 73 0 79 23 37 86 31 4 30 56 16 59 40 94 57
46 23 97 24 55 64 64 60 24 72 92 92 45 85 25 77 69 52 23 58
94 22 30 26 84 60 88 16 50 68 97 71 6 74 30 76 64 30 64 19
39 17 68 56 81 58 65 65 49 97 66 28 96 63 28 82 33 58 6 5
84 32 82 55 57 16 91 64 94 43 94 54 62 85 53 28 15 62 15 58
32 10 97 73 7 40 53 14 46 79 48 0 6 8 62 50 80 37 26 29
94 57 42 22 96 93 39 56 38 18 74 14 84 20 89 36 97 32 58 70
84 49 4 29 4 17 75 82 71 52 84 70 6 25 76 16 11 28 68 98

1710 958 1326 1786 1023 793 1600 1874 1967 2178 3604 2243 555 1518 2105 424 339 1582 1624 1646

517 1411 2562 2549 1919 1229 4072 2996 2764 680 3027 2319 2874 2827 720 4066 1534 5317 1296 2571

22 11 18 20 13 14 16 22 12 22 26 12 26 12 29 27 16 22 29 29 27 25 23 17 20 26 24 19 20 27 24 29 18 21 16 24 14 17 12 14

99 26 72 73 77 51 88 61 101 80 108 94 22 69 79 31 23 63 54 96
