40
20

95 22 77 89 72 45 82 16 77 96 79 45 45 16 62 49 36 78 57 87
0 58 34 83 2 97 14 57 71 93 80 55 24 77 72 88 83 48 40 78
94 73 73 76 13 93 33 94 5 67 67 67 95 59 64 44 51 47 95 64
78 15 35 66 82 41 70 53 14 15 40 95 94 26 48 45 1 19 63 1
61 8 89 43 66 81 64 30 20 64 25 21 88 98 58 74 91 60 4 26
72 39 93 56 43 33 40 96 60 38 14 29 8 43 58 98 89 51 33 5
33 93 18 88 94 93 75 92 81 22 55 81 53 32 36 55 69 60 90 53
72 56 23 94 56 55 53 45 25 14 93 43 73 73 87 3 22 19 82 86
96 58 54 22 35 20 29 90 61 66 33 21 59 50 99 62 28 73 4 28
23 31 93 18 84 35 41 86 35 58 51 77 88 39 81 80 85 50 56 67
70 5 3 84 77 63 26 60 60 63 91 18 16 80 2 13 72 2 89 35
33 64 27 40 24 82 62 19 54 84 23 92 7 19 35 5 17 6 59 63
96 37 38 18 24 58 13 12 3 88 40 29 50 54 27 7 77 42 73 29
81 0 60 79 43 46 59 27 7 56 28 5 92 49 22 60 54 77 43 7
6 2 98 26 58 15 44 62 35 20 38 34 89 95 22 45 12 13 6 74
13 57 38 74 14 93 65 5 96 68 34 91 68 43 68 63 64 0 43 46
95 55 31 83 88 84 86 12 7 41 4 47 32 22 63 12 42 7 40 45
29 78 48 64 38 3 54 58 9 30 62 53 65 33 71 59 73 97 51 8
84 43 80 29 2 29 56 15 62 70 67 0 15 72 74 32 27 64 55 9
74 92 12 32 64 78 29 72 26 82 42 65 57 24 59 83 94 25 39 36
76 5 14 22 5 31 21 2 7 5 72 91 73 41 80 87 23 59 23 62
15 6 7 18 3 82 66 48 15 24 9 81 93 75 99 90 33 54 24 89
8 93 2 62 56 99 24 76 82 85 19 1 92 49 16 9 61 5 22 48
10 4 37 10 36 86 87 14 22 58 41 10 25 88 43 57 11 55 76 14
94 9 31 86 97 13 64 83 28 76 49 83 58 16 68 39 36 88 93 34
78 76 52 90 10 43 89 92 59 66 41 68 22 26 24 49 56 14 68 91
64 67 65 34 74 73 17 39 38 69 78 20 95 59 62 56 80 3 33 63
59 55 0 61 39 71 8 49 79 85 70 88 90 46 88 60 10 57 76 35
95 64 55 70 52 74 0 40 10 5 67 46 6 13 4 70 31 25 44 73
64 80 34 34 86 69 34 3 53 19 10 6 73 47 81 14 14 5 16 79
37 78 82 94 30 98 80 27 93 7 41 41 94 65 48 92 96 88 18 81
27 74 55 87 49 35 65 9 32 56 85 16 58 44 65 43 97 35 26 20
32 82 55 1 38 27 24 34 21 45 52 95 91 6 24 66 8 88 64 45
43 45 5 96 32 16 5 7 9 16 16 88 65 54 92 32 50 68 97 31
27 75 47 24 40 67 0 89 51 7 82 37 71 9 98 71 79 1 86 80
5 1 96 30 21 71 7 40 73 9 26 64 39 4 14 25 5 74 42 52
84 35 71 35 23 2 10 97 80 95 93 36 59 17 86 94 41 23 0 63
32 87 91 15 42 52 60 39 54 12 81 10 30 59 34 16 95 94 8 35
75 90 9 28 81 57 78 88 73 42 23 68 40 55 98 71 84 29 92 82
88 35 22 70 18 7 20 85 67 73 85 49 68 67 13 88 17 83 40 70

99 77 63 32 36 35 91 80 18 68 23 17 60 89 10 51 5 50 17 76
78 96 43 20 60 94 86 47 7 72 77 61 10 58 31 51 55 92 6 96
26 66 74 97 78 9 9 21 57 20 96 75 48 19 86 24 84 66 39 51
39 70 73 98 91 92 71 50 34 8 25 46 60 83 33 31 55 80 61 81
76 7 42 63 0 66 81 20 60 56 72 86 13 65 58 71 12 22 96 74
61 20 87 14 84 21 4 85 39 91 15 77 58 59 86 12 84 65 27 2
52 48 83 16 18 14 14 10 46 52 6 68 2 0 99 55 16 93 31 72
11 18 38 76 3 87 53 90 33 81 88 37 82 34 13 53 75 61 41 69
69 47 98 76 1 57 33 98 29 22 1 54 80 21 15 68 16 59 57 66
55 18 97 66 25 19 45 60 32 35 59 27 65 33 58 39 85 36 32 45
49 45 43 40 85 48 47 70 7 8 8 5 42 11 53 3 10 19 4 44
67 52 0 85 20 96 65 98 58 15 2 72 60 6 26 90 94 32 52 18
91 26 6 71 63 35 22 37 21 59 57 63 90 12 19 67 28 85 92 91
4 13 19 30 97 62 66 9 6 92 67 75 86 66 42 28 67 97 38 27
98 77 13 25 39 2 83 22 83 8 0 55 89 81 26 39 53 82 17 55
49 34 43 24 17 43 3 37 83 45 3 9 34 20 24 83 80 95 79 22
87 35 47 26 55 7 31 98 73 43 77 30 79 46 51 76 12 30 64 57
21 59 84 90 79 49 83 41 12 50 12 61 47 96 80 38 27 15 12 76
58 35 85 86 85 8 78 61 5 65 95 47 69 55 16 53 34 33 27 50
62 12 1 59 72 82 40 24 8 66 12 15 64 58 24 26 84 81 30 35
32 45 56 64 95 87 2 51 59 52 32 11 87 11 85 57 79 47 58 14
82 55 43 33 1 25 17 98 22 15 26 76 38 26 3 62 47 45 12 14
65 99 21 71 73 65 19 20 86 3 60 37 10 15 82 19 33 56 32 99
76 43 6 87 69 29 80 95 52 51 83 42 19 77 54 27 37 76 75 38
19 25 62 21 35 12 75 37 81 87 76 75 52 86 27 93 77 32 24 15
18 69 18 12 45 99 37 26 24 32 44 22 7 48 72 92 79 52 35 24
19 60 1 22 85 52 60 43 19 77 67 72 32 94 89 72 17 91 17 60
11 9 31 9 84 69 93 75 45 73 42 90 75 31 98 82 41 32 98 9
57 65 30 16 60 59 34 43 68 86 82 72 1 65 61 58 89 44 17 94
13 52 42 19 33 67 4 47 16 5 46 89 55 59 27 92 49 33 58 22
84 34 64 52 32 49 74 50 65 91 30 68 45 0 51 67 32 43 96 56
34 35 30 0 86 83 66 48 25 19 36 76 4 90 36 40 66 91 30 93
60 89 10 19 81 64 48 67 64 49 92 97 49 73 93 85 24 19 44 27
93 60 6 50 25 23 13 22 99 11 4 16 27 79 26 65 43 29 83 22
77 82 56 8 46 54 92 12 50 16 54 72 39 31 76 58 97 12 54 36
54 13 88 72 23 61 40 22 30 13 72 9 74 54 89 73 39 1 4 68
48 77 78 23 28 45 19 90 24 49 58 64 86 86 93 36 11 97 8 6
23 71 97 79 11 84 40 26 71 23 23 69 8 72 90 21 4 49 79 8
66 34 68 41 77 6 45 10 57 10 74 30 80 96 8 57 1 5 95 50
15 12 60 49 24 27 60 2 93 29 63 48 36 79 67 47 41 37 89 15

1710 958 1326 1786 1023 793 1600 1874 1967 2178 3604 2243 555 1518 2105 424 339 1582 1624 1646

3093 411 1470 3113 506 1190 1777 884 407 1646 1649 415 462 2398 2229 1518 868 1883 1593 2023

22 11 18 20 13 14 16 22 12 22 26 12 26 12 29 27 16 22 29 29 27 25 23 17 20 26 24 19 20 27 24 29 18 21 16 24 14 17 12 14

99 26 72 73 77 51 88 61 101 80 108 94 22 69 79 31 23 63 54 96
