40
20

89 14 99 56 50 76 59 14 65 13 5 88 85 66 66 20 21 94 0 67
30 41 30 31 67 32 88 16 97 54 44 20 42 59 1 40 34 10 86 27
89 31 65 18 8 56 65 48 2 84 80 17 61 63 89 49 41 92 23 74
32 96 49 39 16 10 65 3 54 87 22 81 39 14 10 53 13 95 92 40
41 39 52 12 77 65 98 89 68 4 49 50 97 73 84 47 36 34 22 9
75 74 86 66 56 74 60 37 0 37 26 60 34 3 61 58 51 76 28 75
36 31 76 2 75 76 53 14 15 0 81 61 29 12 55 90 22 72 65 98
86 59 49 34 69 16 34 2 24 98 8 42 73 81 43 80 69 20 67 70
64 74 34 95 14 16 57 65 63 18 2 53 7 62 48 48 23 20 75 23
4 8 19 36 50 15 18 15 96 43 40 9 82 20 50 85 98 72 77 20
45 69 80 1 15 73 15 52 68 52 68 38 67 55 98 14 80 38 0 27
92 7 90 83 62 1 77 41 15 43 54 91 78 31 37 31 78 38 46 53
69 50 79 99 53 61 37 43 20 6 16 20 11 95 43 6 89 78 47 7
65 62 82 25 14 60 42 14 84 30 43 21 81 50 50 94 74 23 82 1
65 24 24 87 21 17 27 54 38 11 66 65 16 38 9 83 45 58 91 11
37 44 12 86 52 85 6 47 5 11 33 79 58 43 12 3 11 5 74 63
81 59 25 31 4 52 39 35 9 76 12 65 56 98 62 41 21 87 49 18
91 68 47 77 78 64 96 31 84 14 22 30 77 78 90 59 31 59 29 60
82 15 62 7 80 34 11 37 23 89 64 3 42 10 32 6 50 37 23 20
63 22 16 11 80 22 10 38 67 87 92 52 86 24 27 55 64 18 76 87
80 18 12 34 37 28 55 89 42 58 70 4 87 31 0 28 36 47 13 92
48 38 96 12 83 99 23 10 81 38 84 67 9 3 36 80 22 84 35 59
60 75 43 5 10 68 29 58 82 2 5 83 79 87 61 55 77 85 97 61
20 7 63 11 21 70 59 43 8 16 45 59 57 82 77 29 7 81 58 43
49 40 74 6 31 83 65 5 15 76 24 83 88 60 47 16 15 43 82 64
76 35 16 46 24 21 39 68 67 43 48 85 59 8 86 96 43 48 38 99
86 14 9 37 9 57 76 38 85 46 86 17 73 23 30 86 97 84 22 0
99 49 66 45 27 54 88 20 19 78 68 81 21 90 87 68 23 80 92 96
17 0 33 16 13 39 26 54 54 12 52 91 27 19 82 48 58 23 6 83
34 40 94 11 94 44 24 8 91 36 43 69 88 25 63 7 77 12 97 41
13 91 84 89 93 96 73 79 52 61 45 26 26 78 13 57 21 61 13 77
86 53 83 96 68 38 97 74 14 48 91 43 37 59 2 33 56 45 17 81
99 8 90 24 2 8 73 97 58 79 78 78 1 86 69 79 19 58 36 36
40 22 9 72 29 1 19 43 93 57 0 63 83 7 8 92 39 19 79 22
7 82 73 2 48 9 62 79 96 99 59 48 38 87 10 47 35 51 79 27
96 45 12 90 79 97 42 75 75 72 92 34 8 2 83 24 52 23 31 19
44 75 26 2 57 67 4 2 43 90 56 81 77 44 46 92 55 15 17 60
22 6 25 44 47 21 19 7 57 51 46 83 3 98 75 26 15 59 59 77
85 49 53 83 64 16 1 57 70 98 37 66 54 28 47 77 50 69 24 98
26 40 83 15 3 78 27 82 97 36 95 28 32 8 1 99 1 43 81 36

11 6 45 1 69 92 73 26 97 28 42 4 63 5 26 12 59 80 21 43
42 61 87 40 32 63 8 30 31 41 22 6 78 85 43 87 63 44 62 42
65 7 93 63 73 58 11 28 23 86 93 87 56 19 64 50 64 6 2 77
2 70 54 94 70 8 78 77 92 9 4 89 54 13 75 51 68 34 15 94
85 32 51 14 66 79 56 28 85 81 6 8 25 44 82 40 93 81 29 24
59 23 73 29 99 57 66 63 0 20 83 6 46 23 12 45 9 64 12 92
1 74 15 62 60 9 4 73 94 58 2 70 83 43 47 90 26 49 26 30
85 74 12 73 50 13 23 91 39 18 90 23 10 70 1 13 33 86 69 33
62 40 36 42 1 52 10 56 55 97 93 20 10 25 55 16 81 4 62 45
25 11 50 64 1 50 19 70 38 67 83 70 30 79 98 52 68 55 49 75
96 7 85 35 27 81 21 66 70 44 35 89 57 34 57 15 59 96 1 81
37 20 7 46 72 73 83 99 56 80 56 54 53 86 1 15 55 18 72 64
85 33 80 89 39 3 80 42 56 86 60 26 58 83 55 33 4 71 19 68
54 80 30 62 22 36 17 33 82 88 25 64 39 17 62 98 94 56 96 67
60 99 89 24 95 70 97 14 84 68 61 30 67 31 72 29 91 59 91 2
61 18 53 29 87 91 77 54 61 56 82 77 29 10 59 28 12 69 57 84
15 10 96 40 18 30 89 46 40 55 61 67 14 5 81 33 26 1 51 82
98 89 23 17 15 95 22 29 38 40 14 48 37 88 39 42 49 1 93 64
40 25 42 13 29 21 91 63 94 36 39 93 77 63 8 95 61 26 11 51
71 16 2 21 37 45 34 64 16 90 98 97 57 63 31 56 62 12 19 15
73 39 27 83 91 12 30 79 3 75 35 57 75 5 9 31 42 69 58 20
94 66 27 17 46 67 4 52 35 97 56 96 86 99 28 33 48 91 88 97
68 11 86 44 81 87 78 16 21 1 14 10 76 21 4 59 57 31 17 91
38 68 47 25 99 52 87 13 72 79 83 39 76 3 35 45 87 16 6 25
85 25 36 21 70 72 60 18 30 47 5 0 29 91 92 31 20 84 79 76
8 81 24 57 39 18 31 30 60 21 47 17 90 77 89 25 2 59 29 51
0 6 82 41 33 5 45 55 98 31 7 63 14 22 22 63 61 22 5 5
32 1 7 64 30 42 66 79 17 44 51 75 90 97 45 12 39 23 17 48
25 74 5 99 68 51 94 28 39 76 66 10 4 32 47 46 44 50 90 29
75 14 71 68 19 9 68 48 8 32 71 72 37 46 35 98 64 43 63 87
62 45 4 23 42 61 85 58 13 83 15 3 53 79 36 69 96 27 3 19
65 90 26 0 9 25 90 56 14 93 54 34 9 88 87 56 82 9 92 2
58 69 22 19 47 73 0 79 23 37 86 31 4 30 56 16 59 40 94 57
46 23 97 24 55 64 64 60 24 72 92 92 45 85 25 77 69 52 23 58
94 22 30 26 84 60 88 16 50 68 97 71 6 74 30 76 64 30 64 19
39 17 68 56 81 58 65 65 49 97 66 28 96 63 28 82 33 58 6 5
84 32 82 55 57 16 91 64 94 43 94 54 62 85 53 28 15 62 15 58
32 10 97 73 7 40 53 14 46 79 48 0 6 8 62 50 80 37 26 29
94 57 42 22 96 93 39 56 38 18 74 14 84 20 89 36 97 32 58 70
84 49 4 29 4 17 75 82 71 52 84 70 6 25 76 16 11 28 68 98

2772 1265 1608 3663 1660 2763 2584 1008 1333 4485 2439 2248 1333 704 3432 4935 1045 4001 1964 2574

517 1411 2562 2549 1919 1229 4072 2996 2764 680 3027 2319 2874 2827 720 4066 1534 5317 1296 2571

12 21 21 18 22 16 14 27 18 22 12 10 23 15 23 29 13 15 16 19 22 27 18 14 19 22 11 16 23 15 15 23 15 10 11 14 10 28 24 21

111 54 74 108 36 64 112 35 61 104 92 56 35 23 80 113 37 94 83 94
