20
10

90 11 98 72 73 52 55 36 69 1
99 97 74 65 81 70 6 86 58 49
17 84 41 62 65 77 71 5 19 56
22 32 34 90 99 69 4 5 99 65
75 45 29 97 88 18 6 1 76 84
94 90 41 42 42 84 84 11 30 56
52 16 32 82 46 45 73 38 85 4
17 81 33 3 12 16 28 60 3 37
64 87 69 74 35 4 44 8 19 0
39 32 69 22 70 49 51 78 61 61
27 78 64 76 85 40 41 46 65 54
75 99 20 60 16 37 23 1 81 24
14 49 60 58 30 11 94 26 72 69
36 83 12 10 7 86 23 52 94 93
97 66 84 2 90 50 2 87 99 19
2 63 58 95 39 73 15 28 22 97
31 80 13 19 99 39 22 88 86 63
35 82 41 65 54 52 21 83 33 96
33 97 62 98 91 1 8 37 32 20
33 42 47 52 37 51 18 57 97 1

34 78 31 70 45 9 50 22 70 25
36 73 11 99 32 35 81 92 64 26
82 64 81 74 6 62 61 87 51 36
9 10 63 80 78 97 45 17 9 47
84 72 77 81 92 85 61 81 63 85
98 0 89 11 90 16 90 45 55 90
52 8 63 56 74 29 82 53 69 83
32 63 70 61 22 32 42 21 17 83
91 27 60 43 26 81 40 44 18 3
99 81 58 12 95 19 5 10 80 95
84 86 63 60 72 79 47 32 76 58
80 99 99 41 53 45 45 30 33 21
7 37 12 75 46 49 14 3 40 37
94 1 80 12 11 20 31 89 65 57
84 0 40 27 72 82 68 18 23 21
30 0 74 26 50 56 67 76 43 53
13 53 32 64 69 50 41 20 86 37
24 47 28 7 98 11 44 32 81 88
60 20 53 28 30 30 4 74 47 7
11 58 6 31 88 94 88 94 81 27

417 270 1090 583 294 916 510 357 399 683

840 789 1090 739 563 207 671 834 300 437

10 28 28 24 27 18 28 11 23 26 27 10 27 22 24 11 10 12 15 20

48 22 80 61 27 75 62 35 42 80
