20
10

90 11 98 72 73 52 55 36 69 1
99 97 74 65 81 70 6 86 58 49
17 84 41 62 65 77 71 5 19 56
22 32 34 90 99 69 4 5 99 65
75 45 29 97 88 18 6 1 76 84
94 90 41 42 42 84 84 11 30 56
52 16 32 82 46 45 73 38 85 4
17 81 33 3 12 16 28 60 3 37
64 87 69 74 35 4 44 8 19 0
39 32 69 22 70 49 51 78 61 61
27 78 64 76 85 40 41 46 65 54
75 99 20 60 16 37 23 1 81 24
14 49 60 58 30 11 94 26 72 69
36 83 12 10 7 86 23 52 94 93
97 66 84 2 90 50 2 87 99 19
2 63 58 95 39 73 15 28 22 97
31 80 13 19 99 39 22 88 86 63
35 82 41 65 54 52 21 83 33 96
33 97 62 98 91 1 8 37 32 20
33 42 47 52 37 51 18 57 97 1

51 47 94 76 60 24 18 6 96 20
39 5 1 8 33 70 2 86 55 81
65 62 12 10 16 50 27 38 84 97
93 9 82 64 65 1 29 16 39 95
90 5 12 72 65 48 25 65 77 25
42 46 36 63 2 31 61 69 56 33
8 42 70 83 25 59 67 12 41 28
30 68 45 53 83 94 21 42 42 97
56 67 81 4 17 58 69 56 70 68
74 93 0 65 20 51 34 35 75 51
94 83 80 60 26 90 53 55 74 51
42 14 7 98 84 26 9 90 27 84
3 31 92 7 47 28 99 2 44 11
86 64 46 93 75 85 37 8 94 99
43 83 29 94 85 19 87 84 78 95
85 95 54 10 95 20 49 31 12 53
79 24 22 3 17 64 3 37 15 67
52 20 57 83 58 45 32 52 47 58
49 98 55 47 56 21 41 29 13 17
11 53 48 27 29 23 87 94 45 90

417 270 1090 583 294 916 510 357 399 683

206 132 335 219 340 206 340 298 233 322

10 28 28 24 27 18 28 11 23 26 27 10 27 22 24 11 10 12 15 20

48 22 80 61 27 75 62 35 42 80
