40
20

83 62 1 77 41 15 43 54 91 78 31 37 31 78 38 46 53 69 50 79
99 53 61 37 43 20 6 16 20 11 95 43 6 89 78 47 7 65 62 82
25 14 60 42 14 84 30 43 21 81 50 50 94 74 23 82 1 65 24 24
87 21 17 27 54 38 11 66 65 16 38 9 83 45 58 91 11 37 44 12
86 52 85 6 47 5 11 33 79 58 43 12 3 11 5 74 63 81 59 25
31 4 52 39 35 9 76 12 65 56 98 62 41 21 87 49 18 91 68 47
77 78 64 96 31 84 14 22 30 77 78 90 59 31 59 29 60 82 15 62
7 80 34 11 37 23 89 64 3 42 10 32 6 50 37 23 20 63 22 16
11 80 22 10 38 67 87 92 52 86 24 27 55 64 18 76 87 80 18 12
34 37 28 55 89 42 58 70 4 87 31 0 28 36 47 13 92 48 38 96
12 83 99 23 10 81 38 84 67 9 3 36 80 22 84 35 59 60 75 43
5 10 68 29 58 82 2 5 83 79 87 61 55 77 85 97 61 20 7 63
11 21 70 59 43 8 16 45 59 57 82 77 29 7 81 58 43 49 40 74
6 31 83 65 5 15 76 24 83 88 60 47 16 15 43 82 64 76 35 16
46 24 21 39 68 67 43 48 85 59 8 86 96 43 48 38 99 86 14 9
37 9 57 76 38 85 46 86 17 73 23 30 86 97 84 22 0 99 49 66
45 27 54 88 20 19 78 68 81 21 90 87 68 23 80 92 96 17 0 33
16 13 39 26 54 54 12 52 91 27 19 82 48 58 23 6 83 34 40 94
11 94 44 24 8 91 36 43 69 88 25 63 7 77 12 97 41 13 91 84
89 93 96 73 79 52 61 45 26 26 78 13 57 21 61 13 77 86 53 83
96 68 38 97 74 14 48 91 43 37 59 2 33 56 45 17 81 99 8 90
24 2 8 73 97 58 79 78 78 1 86 69 79 19 58 36 36 40 22 9
72 29 1 19 43 93 57 0 63 83 7 8 92 39 19 79 22 7 82 73
2 48 9 62 79 96 99 59 48 38 87 10 47 35 51 79 27 96 45 12
90 79 97 42 75 75 72 92 34 8 2 83 24 52 23 31 19 44 75 26
2 57 67 4 2 43 90 56 81 77 44 46 92 55 15 17 60 22 6 25
44 47 21 19 7 57 51 46 83 3 98 75 26 15 59 59 77 85 49 53
83 64 16 1 57 70 98 37 66 54 28 47 77 50 69 24 98 26 40 83
15 3 78 27 82 97 36 95 28 32 8 1 99 1 43 81 36 76 81 86
50 14 23 82 65 85 23 72 32 38 59 24 21 67 25 80 69 54 41 88
18 99 92 64 83 51 32 94 39 17 96 27 3 13 46 7 54 64 10 63
27 86 4 53 68 10 45 12 23 5 92 68 23 43 79 33 70 93 13 54
39 30 76 4 53 29 27 55 0 40 5 31 91 86 89 62 82 40 45 81
14 37 82 22 29 64 92 31 86 23 41 77 68 43 51 40 65 5 70 15
69 7 32 37 14 67 56 45 52 56 30 25 49 2 76 88 34 3 3 8
39 57 92 85 20 76 49 37 38 54 52 27 40 3 62 72 74 76 69 2
28 50 1 61 72 21 11 62 46 42 35 46 25 24 67 7 50 43 96 78
8 55 22 90 1 8 16 56 35 79 15 38 20 7 60 87 61 81 0 93
84 9 56 55 26 73 90 74 74 48 20 23 47 55 4 55 52 44 62 41
46 56 5 60 98 1 6 78 30 38 28 83 79 71 85 76 9 68 8 21

99 77 63 32 36 35 91 80 18 68 23 17 60 89 10 51 5 50 17 76
78 96 43 20 60 94 86 47 7 72 77 61 10 58 31 51 55 92 6 96
26 66 74 97 78 9 9 21 57 20 96 75 48 19 86 24 84 66 39 51
39 70 73 98 91 92 71 50 34 8 25 46 60 83 33 31 55 80 61 81
76 7 42 63 0 66 81 20 60 56 72 86 13 65 58 71 12 22 96 74
61 20 87 14 84 21 4 85 39 91 15 77 58 59 86 12 84 65 27 2
52 48 83 16 18 14 14 10 46 52 6 68 2 0 99 55 16 93 31 72
11 18 38 76 3 87 53 90 33 81 88 37 82 34 13 53 75 61 41 69
69 47 98 76 1 57 33 98 29 22 1 54 80 21 15 68 16 59 57 66
55 18 97 66 25 19 45 60 32 35 59 27 65 33 58 39 85 36 32 45
49 45 43 40 85 48 47 70 7 8 8 5 42 11 53 3 10 19 4 44
67 52 0 85 20 96 65 98 58 15 2 72 60 6 26 90 94 32 52 18
91 26 6 71 63 35 22 37 21 59 57 63 90 12 19 67 28 85 92 91
4 13 19 30 97 62 66 9 6 92 67 75 86 66 42 28 67 97 38 27
98 77 13 25 39 2 83 22 83 8 0 55 89 81 26 39 53 82 17 55
49 34 43 24 17 43 3 37 83 45 3 9 34 20 24 83 80 95 79 22
87 35 47 26 55 7 31 98 73 43 77 30 79 46 51 76 12 30 64 57
21 59 84 90 79 49 83 41 12 50 12 61 47 96 80 38 27 15 12 76
58 35 85 86 85 8 78 61 5 65 95 47 69 55 16 53 34 33 27 50
62 12 1 59 72 82 40 24 8 66 12 15 64 58 24 26 84 81 30 35
32 45 56 64 95 87 2 51 59 52 32 11 87 11 85 57 79 47 58 14
82 55 43 33 1 25 17 98 22 15 26 76 38 26 3 62 47 45 12 14
65 99 21 71 73 65 19 20 86 3 60 37 10 15 82 19 33 56 32 99
76 43 6 87 69 29 80 95 52 51 83 42 19 77 54 27 37 76 75 38
19 25 62 21 35 12 75 37 81 87 76 75 52 86 27 93 77 32 24 15
18 69 18 12 45 99 37 26 24 32 44 22 7 48 72 92 79 52 35 24
19 60 1 22 85 52 60 43 19 77 67 72 32 94 89 72 17 91 17 60
11 9 31 9 84 69 93 75 45 73 42 90 75 31 98 82 41 32 98 9
57 65 30 16 60 59 34 43 68 86 82 72 1 65 61 58 89 44 17 94
13 52 42 19 33 67 4 47 16 5 46 89 55 59 27 92 49 33 58 22
84 34 64 52 32 49 74 50 65 91 30 68 45 0 51 67 32 43 96 56
34 35 30 0 86 83 66 48 25 19 36 76 4 90 36 40 66 91 30 93
60 89 10 19 81 64 48 67 64 49 92 97 49 73 93 85 24 19 44 27
93 60 6 50 25 23 13 22 99 11 4 16 27 79 26 65 43 29 83 22
77 82 56 8 46 54 92 12 50 16 54 72 39 31 76 58 97 12 54 36
54 13 88 72 23 61 40 22 30 13 72 9 74 54 89 73 39 1 4 68
48 77 78 23 28 45 19 90 24 49 58 64 86 86 93 36 11 97 8 6
23 71 97 79 11 84 40 26 71 23 23 69 8 72 90 21 4 49 79 8
66 34 68 41 77 6 45 10 57 10 74 30 80 96 8 57 1 5 95 50
15 12 60 49 24 27 60 2 93 29 63 48 36 79 67 47 41 37 89 15

1518 1595 3224 1216 2416 803 1148 3188 3034 1946 2228 3656 2313 5073 704 1980 890 1929 3781 1866

3093 411 1470 3113 506 1190 1777 884 407 1646 1649 415 462 2398 2229 1518 868 1883 1593 2023

12 21 21 18 22 16 14 27 18 22 12 10 23 15 23 29 13 15 16 19 22 27 18 14 19 22 11 16 23 15 15 23 15 10 11 14 10 28 24 21

43 61 69 21 64 22 49 60 48 60 39 59 50 82 21 69 38 30 78 76
