40
20

83 62 1 77 41 15 43 54 91 78 31 37 31 78 38 46 53 69 50 79
99 53 61 37 43 20 6 16 20 11 95 43 6 89 78 47 7 65 62 82
25 14 60 42 14 84 30 43 21 81 50 50 94 74 23 82 1 65 24 24
87 21 17 27 54 38 11 66 65 16 38 9 83 45 58 91 11 37 44 12
86 52 85 6 47 5 11 33 79 58 43 12 3 11 5 74 63 81 59 25
31 4 52 39 35 9 76 12 65 56 98 62 41 21 87 49 18 91 68 47
77 78 64 96 31 84 14 22 30 77 78 90 59 31 59 29 60 82 15 62
7 80 34 11 37 23 89 64 3 42 10 32 6 50 37 23 20 63 22 16
11 80 22 10 38 67 87 92 52 86 24 27 55 64 18 76 87 80 18 12
34 37 28 55 89 42 58 70 4 87 31 0 28 36 47 13 92 48 38 96
12 83 99 23 10 81 38 84 67 9 3 36 80 22 84 35 59 60 75 43
5 10 68 29 58 82 2 5 83 79 87 61 55 77 85 97 61 20 7 63
11 21 70 59 43 8 16 45 59 57 82 77 29 7 81 58 43 49 40 74
6 31 83 65 5 15 76 24 83 88 60 47 16 15 43 82 64 76 35 16
46 24 21 39 68 67 43 48 85 59 8 86 96 43 48 38 99 86 14 9
37 9 57 76 38 85 46 86 17 73 23 30 86 97 84 22 0 99 49 66
45 27 54 88 20 19 78 68 81 21 90 87 68 23 80 92 96 17 0 33
16 13 39 26 54 54 12 52 91 27 19 82 48 58 23 6 83 34 40 94
11 94 44 24 8 91 36 43 69 88 25 63 7 77 12 97 41 13 91 84
89 93 96 73 79 52 61 45 26 26 78 13 57 21 61 13 77 86 53 83
96 68 38 97 74 14 48 91 43 37 59 2 33 56 45 17 81 99 8 90
24 2 8 73 97 58 79 78 78 1 86 69 79 19 58 36 36 40 22 9
72 29 1 19 43 93 57 0 63 83 7 8 92 39 19 79 22 7 82 73
2 48 9 62 79 96 99 59 48 38 87 10 47 35 51 79 27 96 45 12
90 79 97 42 75 75 72 92 34 8 2 83 24 52 23 31 19 44 75 26
2 57 67 4 2 43 90 56 81 77 44 46 92 55 15 17 60 22 6 25
44 47 21 19 7 57 51 46 83 3 98 75 26 15 59 59 77 85 49 53
83 64 16 1 57 70 98 37 66 54 28 47 77 50 69 24 98 26 40 83
15 3 78 27 82 97 36 95 28 32 8 1 99 1 43 81 36 76 81 86
50 14 23 82 65 85 23 72 32 38 59 24 21 67 25 80 69 54 41 88
18 99 92 64 83 51 32 94 39 17 96 27 3 13 46 7 54 64 10 63
27 86 4 53 68 10 45 12 23 5 92 68 23 43 79 33 70 93 13 54
39 30 76 4 53 29 27 55 0 40 5 31 91 86 89 62 82 40 45 81
14 37 82 22 29 64 92 31 86 23 41 77 68 43 51 40 65 5 70 15
69 7 32 37 14 67 56 45 52 56 30 25 49 2 76 88 34 3 3 8
39 57 92 85 20 76 49 37 38 54 52 27 40 3 62 72 74 76 69 2
28 50 1 61 72 21 11 62 46 42 35 46 25 24 67 7 50 43 96 78
8 55 22 90 1 8 16 56 35 79 15 38 20 7 60 87 61 81 0 93
84 9 56 55 26 73 90 74 74 48 20 23 47 55 4 55 52 44 62 41
46 56 5 60 98 1 6 78 30 38 28 83 79 71 85 76 9 68 8 21

15 16 0 86 87 46 31 27 24 2 94 48 54 51 72 49 56 16 7 86
8 3 27 10 38 55 5 37 23 17 25 52 97 51 67 25 77 39 26 20
1 50 39 15 38 72 79 47 30 33 44 75 60 48 44 21 60 87 67 14
6 38 83 62 64 12 7 27 83 13 28 77 39 77 96 28 0 44 2 21
43 20 94 79 46 47 28 45 56 86 40 9 81 73 87 41 62 15 85 32
48 37 62 75 42 74 86 55 12 1 41 25 92 26 69 83 0 88 88 98
58 47 65 13 82 47 92 55 91 92 10 23 48 65 71 20 17 92 19 63
22 12 59 87 29 11 22 24 86 41 51 19 0 28 74 18 24 24 23 43
5 81 32 37 84 37 15 36 76 43 1 16 61 83 91 7 63 45 51 84
98 66 61 71 21 44 93 13 4 2 71 18 14 34 42 55 92 79 71 74
36 99 28 78 40 54 37 61 54 11 92 96 59 6 77 41 66 76 40 87
94 15 96 65 81 14 75 9 35 2 33 7 18 93 89 12 46 4 63 95
18 1 27 40 21 91 78 39 83 61 25 25 49 33 23 45 27 93 8 78
4 6 12 32 49 22 63 79 49 45 5 32 28 19 78 45 68 37 59 98
26 99 48 12 4 62 46 91 23 56 59 92 22 74 38 68 60 39 25 36
98 26 64 66 9 79 9 89 12 47 32 76 54 53 5 32 70 45 24 8
99 97 89 25 43 75 56 59 86 62 39 42 22 33 9 65 41 6 29 97
95 7 26 51 29 43 82 66 42 59 85 77 36 23 1 4 47 65 29 73
67 68 63 52 27 86 75 71 59 38 85 43 88 91 89 29 18 52 56 94
93 19 24 51 74 51 40 1 45 87 38 0 49 95 46 21 2 43 68 98
54 21 69 50 94 60 83 36 95 25 99 94 75 73 3 57 3 7 94 39
81 67 79 53 81 44 30 1 14 96 56 36 70 14 16 89 42 58 91 22
36 67 73 45 20 9 50 95 71 32 92 87 23 19 68 69 17 73 49 43
11 73 77 46 6 86 0 80 95 18 9 63 23 42 34 20 40 48 62 39
79 74 7 65 74 43 35 11 16 4 30 98 18 41 36 63 17 16 39 90
42 56 54 54 42 78 29 94 28 47 3 35 85 95 51 40 63 25 31 60
43 19 89 13 44 99 6 96 10 98 94 36 3 76 58 18 84 62 97 40
53 1 2 4 97 65 83 27 50 35 21 27 65 62 39 34 73 83 25 28
49 31 67 83 29 68 71 97 45 42 69 26 68 38 58 41 83 68 99 90
24 30 89 40 56 36 80 7 72 68 0 14 53 30 2 44 98 7 59 61
25 29 70 24 3 25 36 11 63 97 40 43 7 55 35 56 93 6 10 75
86 60 4 83 93 18 86 81 21 53 7 1 30 93 15 1 68 62 67 57
12 56 89 45 45 38 76 51 59 99 14 79 40 5 78 38 98 30 47 4
35 55 17 30 69 64 13 21 53 88 52 93 58 60 72 6 19 95 49 27
41 0 71 61 40 83 31 54 49 11 58 71 11 45 6 88 57 35 64 51
29 75 56 6 88 36 54 84 36 26 4 9 30 58 53 57 70 9 36 81
82 19 31 90 45 42 10 35 13 60 59 52 45 33 14 57 40 21 46 85
34 18 11 46 24 81 25 7 94 38 37 43 91 22 21 15 66 51 82 56
61 52 86 87 29 6 26 81 7 64 99 65 83 45 57 8 24 39 40 44
56 55 44 34 20 97 26 52 31 63 93 61 29 87 19 14 91 77 61 85

1518 1595 3224 1216 2416 803 1148 3188 3034 1946 2228 3656 2313 5073 704 1980 890 1929 3781 1866

1289 1542 2481 1286 710 1340 707 186 1737 1547 290 2575 274 873 1386 2141 1233 464 282 385

12 21 21 18 22 16 14 27 18 22 12 10 23 15 23 29 13 15 16 19 22 27 18 14 19 22 11 16 23 15 15 23 15 10 11 14 10 28 24 21

43 61 69 21 64 22 49 60 48 60 39 59 50 82 21 69 38 30 78 76
