40
20

86 73 23 98 62 65 17 86 31 58 69 0 9 81 2 90 54 49 0 73
29 2 90 3 10 99 23 6 23 4 64 65 46 47 85 68 5 47 94 44
28 45 47 72 67 55 33 17 85 48 30 36 63 42 66 58 83 29 31 35
3 86 37 9 1 49 5 48 78 39 41 49 41 71 18 99 97 88 85 58
47 8 67 90 41 54 20 69 49 26 70 29 44 35 38 25 21 85 27 51
81 0 41 13 60 23 42 39 85 19 76 10 84 88 23 23 80 40 44 10
48 10 45 93 25 6 69 47 78 17 85 89 93 25 44 19 28 98 20 95
51 70 43 95 48 7 5 21 71 39 97 25 76 8 4 82 53 42 50 35
53 71 5 70 73 45 70 26 45 7 97 20 42 50 39 59 95 46 9 66
90 25 7 35 85 60 35 98 66 68 19 70 28 33 8 4 59 27 3 66
63 68 57 17 34 54 35 70 85 46 28 43 89 7 67 33 80 17 72 91
31 97 30 57 91 50 3 97 70 74 96 42 91 14 29 35 35 61 19 19
84 9 42 31 2 32 39 85 21 39 87 61 43 28 54 26 34 29 95 53
4 25 68 34 90 85 83 72 82 40 96 23 62 0 27 10 41 82 49 33
24 1 99 56 31 46 81 28 56 41 80 77 37 56 7 93 78 35 32 76
40 43 90 20 93 42 48 57 98 74 95 88 56 83 65 71 49 21 17 38
57 13 44 70 28 76 66 44 27 28 30 42 5 8 38 72 57 21 66 49
47 62 39 38 44 82 85 51 84 10 83 57 45 38 69 33 12 33 67 87
63 37 75 14 4 60 99 66 38 83 31 60 38 37 10 43 65 2 4 90
51 55 22 5 31 66 26 64 8 10 98 92 68 49 4 82 91 8 46 9
24 34 87 64 3 23 5 38 54 59 5 28 95 85 91 30 32 11 80 61
11 24 15 6 78 61 0 90 52 51 70 36 9 44 69 32 53 82 89 29
98 80 17 55 91 14 63 1 66 45 87 20 97 31 40 47 84 79 85 24
0 69 80 1 91 40 4 33 80 13 93 97 41 3 8 9 44 42 32 9
61 4 96 34 22 21 63 8 30 23 26 24 81 32 1 85 72 13 13 37
53 47 16 95 81 78 90 78 87 56 6 73 47 83 48 97 22 21 42 54
16 21 30 74 69 93 76 91 61 14 7 9 23 56 23 53 69 63 18 96
85 27 12 30 57 37 76 98 10 93 1 26 99 14 46 9 66 92 64 44
69 55 91 15 19 43 48 69 13 30 87 47 32 14 93 44 32 85 6 28
83 34 32 35 86 53 68 12 8 56 43 94 13 8 61 19 52 51 89 89
89 63 96 76 32 57 89 58 68 95 53 75 34 65 9 11 31 79 64 2
14 67 62 46 40 72 80 58 6 16 8 71 34 0 54 87 25 44 70 20
59 75 80 74 29 36 76 76 25 58 91 33 12 32 73 85 76 61 31 92
10 82 4 57 85 96 95 73 24 36 59 69 62 66 38 61 69 88 92 58
80 3 52 71 32 55 9 11 26 47 10 6 57 8 21 40 67 66 83 11
44 35 69 61 34 28 21 19 70 63 18 63 24 9 9 93 27 7 16 68
27 45 83 56 75 79 28 89 61 36 25 26 25 30 29 78 39 85 15 29
24 38 80 70 41 81 64 23 77 42 57 23 18 33 8 99 74 16 60 46
1 43 70 93 39 94 87 22 43 18 98 72 4 29 75 33 68 36 63 35
96 3 13 67 45 50 33 89 39 76 22 25 78 33 10 33 87 87 5 22

24 93 94 77 24 14 66 34 95 85 21 64 59 76 90 48 67 33 69 44
27 31 42 51 43 31 89 24 58 85 83 36 75 35 43 74 31 22 80 8
28 68 54 47 48 28 44 8 15 12 78 40 74 11 86 73 0 3 85 5
54 8 84 35 66 13 77 98 88 96 79 75 58 26 2 75 80 92 82 12
88 16 7 30 95 84 28 0 22 1 30 83 26 41 27 28 68 58 95 2
92 86 75 21 19 45 74 63 86 63 45 50 20 69 15 79 87 56 8 40
62 90 63 54 15 57 62 25 94 49 18 81 64 21 71 48 22 1 12 90
5 12 23 2 60 37 2 37 44 52 12 14 61 97 82 32 69 55 33 78
13 78 18 22 50 57 0 26 0 41 97 7 11 45 80 43 40 5 95 3
79 71 47 34 85 39 66 53 89 69 52 20 91 43 51 77 70 55 21 96
61 30 99 66 89 32 57 12 48 95 17 21 72 84 73 20 37 82 27 38
90 56 39 44 90 41 53 32 14 46 47 9 58 84 19 7 38 69 99 7
67 28 68 71 72 33 6 5 69 40 3 95 6 99 15 3 63 67 40 9
39 36 46 30 86 65 85 55 74 72 57 87 70 23 30 69 93 37 17 33
68 76 64 16 87 1 9 13 54 13 7 68 67 4 41 32 81 86 56 22
32 82 86 73 23 98 62 65 17 86 31 58 69 0 9 81 2 90 54 49
0 73 29 2 90 3 10 99 23 6 23 4 64 65 46 47 85 68 5 47
94 44 28 45 47 72 67 55 33 17 85 48 30 36 63 42 66 58 83 29
31 35 3 86 37 9 1 49 5 48 78 39 41 49 41 71 18 99 97 88
85 58 47 8 67 90 41 54 20 69 49 26 70 29 44 35 38 25 21 85
27 51 81 0 41 13 60 23 42 39 85 19 76 10 84 88 23 23 80 40
44 10 48 10 45 93 25 6 69 47 78 17 85 89 93 25 44 19 28 98
20 95 51 70 43 95 48 7 5 21 71 39 97 25 76 8 4 82 53 42
50 35 53 71 5 70 73 45 70 26 45 7 97 20 42 50 39 59 95 46
9 66 90 25 7 35 85 60 35 98 66 68 19 70 28 33 8 4 59 27
3 66 63 68 57 17 34 54 35 70 85 46 28 43 89 7 67 33 80 17
72 91 31 97 30 57 91 50 3 97 70 74 96 42 91 14 29 35 35 61
19 19 84 9 42 31 2 32 39 85 21 39 87 61 43 28 54 26 34 29
95 53 4 25 68 34 90 85 83 72 82 40 96 23 62 0 27 10 41 82
49 33 24 1 99 56 31 46 81 28 56 41 80 77 37 56 7 93 78 35
32 76 40 43 90 20 93 42 48 57 98 74 95 88 56 83 65 71 49 21
17 38 57 13 44 70 28 76 66 44 27 28 30 42 5 8 38 72 57 21
66 49 47 62 39 38 44 82 85 51 84 10 83 57 45 38 69 33 12 33
67 87 63 37 75 14 4 60 99 66 38 83 31 60 38 37 10 43 65 2
4 90 51 55 22 5 31 66 26 64 8 10 98 92 68 49 4 82 91 8
46 9 24 34 87 64 3 23 5 38 54 59 5 28 95 85 91 30 32 11
80 61 11 24 15 6 78 61 0 90 52 51 70 36 9 44 69 32 53 82
89 29 98 80 17 55 91 14 63 1 66 45 87 20 97 31 40 47 84 79
85 24 0 69 80 1 91 40 4 33 80 13 93 97 41 3 8 9 44 42
32 9 61 4 96 34 22 21 63 8 30 23 26 24 81 32 1 85 72 13

362 491 913 419 266 401 598 409 418 721 350 602 488 397 512 1056 476 116 446 525

1146 315 929 1599 791 205 547 928 395 89 267 506 2275 103 271 176 974 292 1689 1300

15 36 31 27 6 5 35 34 37 1 10 31 30 9 19 16 21 12 33 26 27 36 27 18 38 14 2 8 20 23 20 10 6 32 36 38 6 4 38 22

29 65 87 35 32 64 71 60 82 51 64 63 40 31 76 80 53 22 31 77
