40
20

24 93 94 77 24 14 66 34 95 85 21 64 59 76 90 48 67 33 69 44
27 31 42 51 43 31 89 24 58 85 83 36 75 35 43 74 31 22 80 8
28 68 54 47 48 28 44 8 15 12 78 40 74 11 86 73 0 3 85 5
54 8 84 35 66 13 77 98 88 96 79 75 58 26 2 75 80 92 82 12
88 16 7 30 95 84 28 0 22 1 30 83 26 41 27 28 68 58 95 2
92 86 75 21 19 45 74 63 86 63 45 50 20 69 15 79 87 56 8 40
62 90 63 54 15 57 62 25 94 49 18 81 64 21 71 48 22 1 12 90
5 12 23 2 60 37 2 37 44 52 12 14 61 97 82 32 69 55 33 78
13 78 18 22 50 57 0 26 0 41 97 7 11 45 80 43 40 5 95 3
79 71 47 34 85 39 66 53 89 69 52 20 91 43 51 77 70 55 21 96
61 30 99 66 89 32 57 12 48 95 17 21 72 84 73 20 37 82 27 38
90 56 39 44 90 41 53 32 14 46 47 9 58 84 19 7 38 69 99 7
67 28 68 71 72 33 6 5 69 40 3 95 6 99 15 3 63 67 40 9
39 36 46 30 86 65 85 55 74 72 57 87 70 23 30 69 93 37 17 33
68 76 64 16 87 1 9 13 54 13 7 68 67 4 41 32 81 86 56 22
32 82 86 73 23 98 62 65 17 86 31 58 69 0 9 81 2 90 54 49
0 73 29 2 90 3 10 99 23 6 23 4 64 65 46 47 85 68 5 47
94 44 28 45 47 72 67 55 33 17 85 48 30 36 63 42 66 58 83 29
31 35 3 86 37 9 1 49 5 48 78 39 41 49 41 71 18 99 97 88
85 58 47 8 67 90 41 54 20 69 49 26 70 29 44 35 38 25 21 85
27 51 81 0 41 13 60 23 42 39 85 19 76 10 84 88 23 23 80 40
44 10 48 10 45 93 25 6 69 47 78 17 85 89 93 25 44 19 28 98
20 95 51 70 43 95 48 7 5 21 71 39 97 25 76 8 4 82 53 42
50 35 53 71 5 70 73 45 70 26 45 7 97 20 42 50 39 59 95 46
9 66 90 25 7 35 85 60 35 98 66 68 19 70 28 33 8 4 59 27
3 66 63 68 57 17 34 54 35 70 85 46 28 43 89 7 67 33 80 17
72 91 31 97 30 57 91 50 3 97 70 74 96 42 91 14 29 35 35 61
19 19 84 9 42 31 2 32 39 85 21 39 87 61 43 28 54 26 34 29
95 53 4 25 68 34 90 85 83 72 82 40 96 23 62 0 27 10 41 82
49 33 24 1 99 56 31 46 81 28 56 41 80 77 37 56 7 93 78 35
32 76 40 43 90 20 93 42 48 57 98 74 95 88 56 83 65 71 49 21
17 38 57 13 44 70 28 76 66 44 27 28 30 42 5 8 38 72 57 21
66 49 47 62 39 38 44 82 85 51 84 10 83 57 45 38 69 33 12 33
67 87 63 37 75 14 4 60 99 66 38 83 31 60 38 37 10 43 65 2
4 90 51 55 22 5 31 66 26 64 8 10 98 92 68 49 4 82 91 8
46 9 24 34 87 64 3 23 5 38 54 59 5 28 95 85 91 30 32 11
80 61 11 24 15 6 78 61 0 90 52 51 70 36 9 44 69 32 53 82
89 29 98 80 17 55 91 14 63 1 66 45 87 20 97 31 40 47 84 79
85 24 0 69 80 1 91 40 4 33 80 13 93 97 41 3 8 9 44 42
32 9 61 4 96 34 22 21 63 8 30 23 26 24 81 32 1 85 72 13

99 77 63 32 36 35 91 80 18 68 23 17 60 89 10 51 5 50 17 76
78 96 43 20 60 94 86 47 7 72 77 61 10 58 31 51 55 92 6 96
26 66 74 97 78 9 9 21 57 20 96 75 48 19 86 24 84 66 39 51
39 70 73 98 91 92 71 50 34 8 25 46 60 83 33 31 55 80 61 81
76 7 42 63 0 66 81 20 60 56 72 86 13 65 58 71 12 22 96 74
61 20 87 14 84 21 4 85 39 91 15 77 58 59 86 12 84 65 27 2
52 48 83 16 18 14 14 10 46 52 6 68 2 0 99 55 16 93 31 72
11 18 38 76 3 87 53 90 33 81 88 37 82 34 13 53 75 61 41 69
69 47 98 76 1 57 33 98 29 22 1 54 80 21 15 68 16 59 57 66
55 18 97 66 25 19 45 60 32 35 59 27 65 33 58 39 85 36 32 45
49 45 43 40 85 48 47 70 7 8 8 5 42 11 53 3 10 19 4 44
67 52 0 85 20 96 65 98 58 15 2 72 60 6 26 90 94 32 52 18
91 26 6 71 63 35 22 37 21 59 57 63 90 12 19 67 28 85 92 91
4 13 19 30 97 62 66 9 6 92 67 75 86 66 42 28 67 97 38 27
98 77 13 25 39 2 83 22 83 8 0 55 89 81 26 39 53 82 17 55
49 34 43 24 17 43 3 37 83 45 3 9 34 20 24 83 80 95 79 22
87 35 47 26 55 7 31 98 73 43 77 30 79 46 51 76 12 30 64 57
21 59 84 90 79 49 83 41 12 50 12 61 47 96 80 38 27 15 12 76
58 35 85 86 85 8 78 61 5 65 95 47 69 55 16 53 34 33 27 50
62 12 1 59 72 82 40 24 8 66 12 15 64 58 24 26 84 81 30 35
32 45 56 64 95 87 2 51 59 52 32 11 87 11 85 57 79 47 58 14
82 55 43 33 1 25 17 98 22 15 26 76 38 26 3 62 47 45 12 14
65 99 21 71 73 65 19 20 86 3 60 37 10 15 82 19 33 56 32 99
76 43 6 87 69 29 80 95 52 51 83 42 19 77 54 27 37 76 75 38
19 25 62 21 35 12 75 37 81 87 76 75 52 86 27 93 77 32 24 15
18 69 18 12 45 99 37 26 24 32 44 22 7 48 72 92 79 52 35 24
19 60 1 22 85 52 60 43 19 77 67 72 32 94 89 72 17 91 17 60
11 9 31 9 84 69 93 75 45 73 42 90 75 31 98 82 41 32 98 9
57 65 30 16 60 59 34 43 68 86 82 72 1 65 61 58 89 44 17 94
13 52 42 19 33 67 4 47 16 5 46 89 55 59 27 92 49 33 58 22
84 34 64 52 32 49 74 50 65 91 30 68 45 0 51 67 32 43 96 56
34 35 30 0 86 83 66 48 25 19 36 76 4 90 36 40 66 91 30 93
60 89 10 19 81 64 48 67 64 49 92 97 49 73 93 85 24 19 44 27
93 60 6 50 25 23 13 22 99 11 4 16 27 79 26 65 43 29 83 22
77 82 56 8 46 54 92 12 50 16 54 72 39 31 76 58 97 12 54 36
54 13 88 72 23 61 40 22 30 13 72 9 74 54 89 73 39 1 4 68
48 77 78 23 28 45 19 90 24 49 58 64 86 86 93 36 11 97 8 6
23 71 97 79 11 84 40 26 71 23 23 69 8 72 90 21 4 49 79 8
66 34 68 41 77 6 45 10 57 10 74 30 80 96 8 57 1 5 95 50
15 12 60 49 24 27 60 2 93 29 63 48 36 79 67 47 41 37 89 15

1146 315 929 1599 791 205 547 928 395 89 267 506 2275 103 271 176 974 292 1689 1300

3093 411 1470 3113 506 1190 1777 884 407 1646 1649 415 462 2398 2229 1518 868 1883 1593 2023

15 36 31 27 6 5 35 34 37 1 10 31 30 9 19 16 21 12 33 26 27 36 27 18 38 14 2 8 20 23 20 10 6 32 36 38 6 4 38 22

174 58 199 325 123 79 165 268 139 26 89 112 330 28 55 55 199 115 274 210
