40
20

24 93 94 77 24 14 66 34 95 85 21 64 59 76 90 48 67 33 69 44
27 31 42 51 43 31 89 24 58 85 83 36 75 35 43 74 31 22 80 8
28 68 54 47 48 28 44 8 15 12 78 40 74 11 86 73 0 3 85 5
54 8 84 35 66 13 77 98 88 96 79 75 58 26 2 75 80 92 82 12
88 16 7 30 95 84 28 0 22 1 30 83 26 41 27 28 68 58 95 2
92 86 75 21 19 45 74 63 86 63 45 50 20 69 15 79 87 56 8 40
62 90 63 54 15 57 62 25 94 49 18 81 64 21 71 48 22 1 12 90
5 12 23 2 60 37 2 37 44 52 12 14 61 97 82 32 69 55 33 78
13 78 18 22 50 57 0 26 0 41 97 7 11 45 80 43 40 5 95 3
79 71 47 34 85 39 66 53 89 69 52 20 91 43 51 77 70 55 21 96
61 30 99 66 89 32 57 12 48 95 17 21 72 84 73 20 37 82 27 38
90 56 39 44 90 41 53 32 14 46 47 9 58 84 19 7 38 69 99 7
67 28 68 71 72 33 6 5 69 40 3 95 6 99 15 3 63 67 40 9
39 36 46 30 86 65 85 55 74 72 57 87 70 23 30 69 93 37 17 33
68 76 64 16 87 1 9 13 54 13 7 68 67 4 41 32 81 86 56 22
32 82 86 73 23 98 62 65 17 86 31 58 69 0 9 81 2 90 54 49
0 73 29 2 90 3 10 99 23 6 23 4 64 65 46 47 85 68 5 47
94 44 28 45 47 72 67 55 33 17 85 48 30 36 63 42 66 58 83 29
31 35 3 86 37 9 1 49 5 48 78 39 41 49 41 71 18 99 97 88
85 58 47 8 67 90 41 54 20 69 49 26 70 29 44 35 38 25 21 85
27 51 81 0 41 13 60 23 42 39 85 19 76 10 84 88 23 23 80 40
44 10 48 10 45 93 25 6 69 47 78 17 85 89 93 25 44 19 28 98
20 95 51 70 43 95 48 7 5 21 71 39 97 25 76 8 4 82 53 42
50 35 53 71 5 70 73 45 70 26 45 7 97 20 42 50 39 59 95 46
9 66 90 25 7 35 85 60 35 98 66 68 19 70 28 33 8 4 59 27
3 66 63 68 57 17 34 54 35 70 85 46 28 43 89 7 67 33 80 17
72 91 31 97 30 57 91 50 3 97 70 74 96 42 91 14 29 35 35 61
19 19 84 9 42 31 2 32 39 85 21 39 87 61 43 28 54 26 34 29
95 53 4 25 68 34 90 85 83 72 82 40 96 23 62 0 27 10 41 82
49 33 24 1 99 56 31 46 81 28 56 41 80 77 37 56 7 93 78 35
32 76 40 43 90 20 93 42 48 57 98 74 95 88 56 83 65 71 49 21
17 38 57 13 44 70 28 76 66 44 27 28 30 42 5 8 38 72 57 21
66 49 47 62 39 38 44 82 85 51 84 10 83 57 45 38 69 33 12 33
67 87 63 37 75 14 4 60 99 66 38 83 31 60 38 37 10 43 65 2
4 90 51 55 22 5 31 66 26 64 8 10 98 92 68 49 4 82 91 8
46 9 24 34 87 64 3 23 5 38 54 59 5 28 95 85 91 30 32 11
80 61 11 24 15 6 78 61 0 90 52 51 70 36 9 44 69 32 53 82
89 29 98 80 17 55 91 14 63 1 66 45 87 20 97 31 40 47 84 79
85 24 0 69 80 1 91 40 4 33 80 13 93 97 41 3 8 9 44 42
32 9 61 4 96 34 22 21 63 8 30 23 26 24 81 32 1 85 72 13

11 6 45 1 69 92 73 26 97 28 42 4 63 5 26 12 59 80 21 43
42 61 87 40 32 63 8 30 31 41 22 6 78 85 43 87 63 44 62 42
65 7 93 63 73 58 11 28 23 86 93 87 56 19 64 50 64 6 2 77
2 70 54 94 70 8 78 77 92 9 4 89 54 13 75 51 68 34 15 94
85 32 51 14 66 79 56 28 85 81 6 8 25 44 82 40 93 81 29 24
59 23 73 29 99 57 66 63 0 20 83 6 46 23 12 45 9 64 12 92
1 74 15 62 60 9 4 73 94 58 2 70 83 43 47 90 26 49 26 30
85 74 12 73 50 13 23 91 39 18 90 23 10 70 1 13 33 86 69 33
62 40 36 42 1 52 10 56 55 97 93 20 10 25 55 16 81 4 62 45
25 11 50 64 1 50 19 70 38 67 83 70 30 79 98 52 68 55 49 75
96 7 85 35 27 81 21 66 70 44 35 89 57 34 57 15 59 96 1 81
37 20 7 46 72 73 83 99 56 80 56 54 53 86 1 15 55 18 72 64
85 33 80 89 39 3 80 42 56 86 60 26 58 83 55 33 4 71 19 68
54 80 30 62 22 36 17 33 82 88 25 64 39 17 62 98 94 56 96 67
60 99 89 24 95 70 97 14 84 68 61 30 67 31 72 29 91 59 91 2
61 18 53 29 87 91 77 54 61 56 82 77 29 10 59 28 12 69 57 84
15 10 96 40 18 30 89 46 40 55 61 67 14 5 81 33 26 1 51 82
98 89 23 17 15 95 22 29 38 40 14 48 37 88 39 42 49 1 93 64
40 25 42 13 29 21 91 63 94 36 39 93 77 63 8 95 61 26 11 51
71 16 2 21 37 45 34 64 16 90 98 97 57 63 31 56 62 12 19 15
73 39 27 83 91 12 30 79 3 75 35 57 75 5 9 31 42 69 58 20
94 66 27 17 46 67 4 52 35 97 56 96 86 99 28 33 48 91 88 97
68 11 86 44 81 87 78 16 21 1 14 10 76 21 4 59 57 31 17 91
38 68 47 25 99 52 87 13 72 79 83 39 76 3 35 45 87 16 6 25
85 25 36 21 70 72 60 18 30 47 5 0 29 91 92 31 20 84 79 76
8 81 24 57 39 18 31 30 60 21 47 17 90 77 89 25 2 59 29 51
0 6 82 41 33 5 45 55 98 31 7 63 14 22 22 63 61 22 5 5
32 1 7 64 30 42 66 79 17 44 51 75 90 97 45 12 39 23 17 48
25 74 5 99 68 51 94 28 39 76 66 10 4 32 47 46 44 50 90 29
75 14 71 68 19 9 68 48 8 32 71 72 37 46 35 98 64 43 63 87
62 45 4 23 42 61 85 58 13 83 15 3 53 79 36 69 96 27 3 19
65 90 26 0 9 25 90 56 14 93 54 34 9 88 87 56 82 9 92 2
58 69 22 19 47 73 0 79 23 37 86 31 4 30 56 16 59 40 94 57
46 23 97 24 55 64 64 60 24 72 92 92 45 85 25 77 69 52 23 58
94 22 30 26 84 60 88 16 50 68 97 71 6 74 30 76 64 30 64 19
39 17 68 56 81 58 65 65 49 97 66 28 96 63 28 82 33 58 6 5
84 32 82 55 57 16 91 64 94 43 94 54 62 85 53 28 15 62 15 58
32 10 97 73 7 40 53 14 46 79 48 0 6 8 62 50 80 37 26 29
94 57 42 22 96 93 39 56 38 18 74 14 84 20 89 36 97 32 58 70
84 49 4 29 4 17 75 82 71 52 84 70 6 25 76 16 11 28 68 98

1146 315 929 1599 791 205 547 928 395 89 267 506 2275 103 271 176 974 292 1689 1300

517 1411 2562 2549 1919 1229 4072 2996 2764 680 3027 2319 2874 2827 720 4066 1534 5317 1296 2571

15 36 31 27 6 5 35 34 37 1 10 31 30 9 19 16 21 12 33 26 27 36 27 18 38 14 2 8 20 23 20 10 6 32 36 38 6 4 38 22

174 58 199 325 123 79 165 268 139 26 89 112 330 28 55 55 199 115 274 210
