40
20

24 93 94 77 24 14 66 34 95 85 21 64 59 76 90 48 67 33 69 44
27 31 42 51 43 31 89 24 58 85 83 36 75 35 43 74 31 22 80 8
28 68 54 47 48 28 44 8 15 12 78 40 74 11 86 73 0 3 85 5
54 8 84 35 66 13 77 98 88 96 79 75 58 26 2 75 80 92 82 12
88 16 7 30 95 84 28 0 22 1 30 83 26 41 27 28 68 58 95 2
92 86 75 21 19 45 74 63 86 63 45 50 20 69 15 79 87 56 8 40
62 90 63 54 15 57 62 25 94 49 18 81 64 21 71 48 22 1 12 90
5 12 23 2 60 37 2 37 44 52 12 14 61 97 82 32 69 55 33 78
13 78 18 22 50 57 0 26 0 41 97 7 11 45 80 43 40 5 95 3
79 71 47 34 85 39 66 53 89 69 52 20 91 43 51 77 70 55 21 96
61 30 99 66 89 32 57 12 48 95 17 21 72 84 73 20 37 82 27 38
90 56 39 44 90 41 53 32 14 46 47 9 58 84 19 7 38 69 99 7
67 28 68 71 72 33 6 5 69 40 3 95 6 99 15 3 63 67 40 9
39 36 46 30 86 65 85 55 74 72 57 87 70 23 30 69 93 37 17 33
68 76 64 16 87 1 9 13 54 13 7 68 67 4 41 32 81 86 56 22
32 82 86 73 23 98 62 65 17 86 31 58 69 0 9 81 2 90 54 49
0 73 29 2 90 3 10 99 23 6 23 4 64 65 46 47 85 68 5 47
94 44 28 45 47 72 67 55 33 17 85 48 30 36 63 42 66 58 83 29
31 35 3 86 37 9 1 49 5 48 78 39 41 49 41 71 18 99 97 88
85 58 47 8 67 90 41 54 20 69 49 26 70 29 44 35 38 25 21 85
27 51 81 0 41 13 60 23 42 39 85 19 76 10 84 88 23 23 80 40
44 10 48 10 45 93 25 6 69 47 78 17 85 89 93 25 44 19 28 98
20 95 51 70 43 95 48 7 5 21 71 39 97 25 76 8 4 82 53 42
50 35 53 71 5 70 73 45 70 26 45 7 97 20 42 50 39 59 95 46
9 66 90 25 7 35 85 60 35 98 66 68 19 70 28 33 8 4 59 27
3 66 63 68 57 17 34 54 35 70 85 46 28 43 89 7 67 33 80 17
72 91 31 97 30 57 91 50 3 97 70 74 96 42 91 14 29 35 35 61
19 19 84 9 42 31 2 32 39 85 21 39 87 61 43 28 54 26 34 29
95 53 4 25 68 34 90 85 83 72 82 40 96 23 62 0 27 10 41 82
49 33 24 1 99 56 31 46 81 28 56 41 80 77 37 56 7 93 78 35
32 76 40 43 90 20 93 42 48 57 98 74 95 88 56 83 65 71 49 21
17 38 57 13 44 70 28 76 66 44 27 28 30 42 5 8 38 72 57 21
66 49 47 62 39 38 44 82 85 51 84 10 83 57 45 38 69 33 12 33
67 87 63 37 75 14 4 60 99 66 38 83 31 60 38 37 10 43 65 2
4 90 51 55 22 5 31 66 26 64 8 10 98 92 68 49 4 82 91 8
46 9 24 34 87 64 3 23 5 38 54 59 5 28 95 85 91 30 32 11
80 61 11 24 15 6 78 61 0 90 52 51 70 36 9 44 69 32 53 82
89 29 98 80 17 55 91 14 63 1 66 45 87 20 97 31 40 47 84 79
85 24 0 69 80 1 91 40 4 33 80 13 93 97 41 3 8 9 44 42
32 9 61 4 96 34 22 21 63 8 30 23 26 24 81 32 1 85 72 13

15 16 0 86 87 46 31 27 24 2 94 48 54 51 72 49 56 16 7 86
8 3 27 10 38 55 5 37 23 17 25 52 97 51 67 25 77 39 26 20
1 50 39 15 38 72 79 47 30 33 44 75 60 48 44 21 60 87 67 14
6 38 83 62 64 12 7 27 83 13 28 77 39 77 96 28 0 44 2 21
43 20 94 79 46 47 28 45 56 86 40 9 81 73 87 41 62 15 85 32
48 37 62 75 42 74 86 55 12 1 41 25 92 26 69 83 0 88 88 98
58 47 65 13 82 47 92 55 91 92 10 23 48 65 71 20 17 92 19 63
22 12 59 87 29 11 22 24 86 41 51 19 0 28 74 18 24 24 23 43
5 81 32 37 84 37 15 36 76 43 1 16 61 83 91 7 63 45 51 84
98 66 61 71 21 44 93 13 4 2 71 18 14 34 42 55 92 79 71 74
36 99 28 78 40 54 37 61 54 11 92 96 59 6 77 41 66 76 40 87
94 15 96 65 81 14 75 9 35 2 33 7 18 93 89 12 46 4 63 95
18 1 27 40 21 91 78 39 83 61 25 25 49 33 23 45 27 93 8 78
4 6 12 32 49 22 63 79 49 45 5 32 28 19 78 45 68 37 59 98
26 99 48 12 4 62 46 91 23 56 59 92 22 74 38 68 60 39 25 36
98 26 64 66 9 79 9 89 12 47 32 76 54 53 5 32 70 45 24 8
99 97 89 25 43 75 56 59 86 62 39 42 22 33 9 65 41 6 29 97
95 7 26 51 29 43 82 66 42 59 85 77 36 23 1 4 47 65 29 73
67 68 63 52 27 86 75 71 59 38 85 43 88 91 89 29 18 52 56 94
93 19 24 51 74 51 40 1 45 87 38 0 49 95 46 21 2 43 68 98
54 21 69 50 94 60 83 36 95 25 99 94 75 73 3 57 3 7 94 39
81 67 79 53 81 44 30 1 14 96 56 36 70 14 16 89 42 58 91 22
36 67 73 45 20 9 50 95 71 32 92 87 23 19 68 69 17 73 49 43
11 73 77 46 6 86 0 80 95 18 9 63 23 42 34 20 40 48 62 39
79 74 7 65 74 43 35 11 16 4 30 98 18 41 36 63 17 16 39 90
42 56 54 54 42 78 29 94 28 47 3 35 85 95 51 40 63 25 31 60
43 19 89 13 44 99 6 96 10 98 94 36 3 76 58 18 84 62 97 40
53 1 2 4 97 65 83 27 50 35 21 27 65 62 39 34 73 83 25 28
49 31 67 83 29 68 71 97 45 42 69 26 68 38 58 41 83 68 99 90
24 30 89 40 56 36 80 7 72 68 0 14 53 30 2 44 98 7 59 61
25 29 70 24 3 25 36 11 63 97 40 43 7 55 35 56 93 6 10 75
86 60 4 83 93 18 86 81 21 53 7 1 30 93 15 1 68 62 67 57
12 56 89 45 45 38 76 51 59 99 14 79 40 5 78 38 98 30 47 4
35 55 17 30 69 64 13 21 53 88 52 93 58 60 72 6 19 95 49 27
41 0 71 61 40 83 31 54 49 11 58 71 11 45 6 88 57 35 64 51
29 75 56 6 88 36 54 84 36 26 4 9 30 58 53 57 70 9 36 81
82 19 31 90 45 42 10 35 13 60 59 52 45 33 14 57 40 21 46 85
34 18 11 46 24 81 25 7 94 38 37 43 91 22 21 15 66 51 82 56
61 52 86 87 29 6 26 81 7 64 99 65 83 45 57 8 24 39 40 44
56 55 44 34 20 97 26 52 31 63 93 61 29 87 19 14 91 77 61 85

1146 315 929 1599 791 205 547 928 395 89 267 506 2275 103 271 176 974 292 1689 1300

1289 1542 2481 1286 710 1340 707 186 1737 1547 290 2575 274 873 1386 2141 1233 464 282 385

15 36 31 27 6 5 35 34 37 1 10 31 30 9 19 16 21 12 33 26 27 36 27 18 38 14 2 8 20 23 20 10 6 32 36 38 6 4 38 22

174 58 199 325 123 79 165 268 139 26 89 112 330 28 55 55 199 115 274 210
