40
20

15 16 0 86 87 46 31 27 24 2 94 48 54 51 72 49 56 16 7 86
8 3 27 10 38 55 5 37 23 17 25 52 97 51 67 25 77 39 26 20
1 50 39 15 38 72 79 47 30 33 44 75 60 48 44 21 60 87 67 14
6 38 83 62 64 12 7 27 83 13 28 77 39 77 96 28 0 44 2 21
43 20 94 79 46 47 28 45 56 86 40 9 81 73 87 41 62 15 85 32
48 37 62 75 42 74 86 55 12 1 41 25 92 26 69 83 0 88 88 98
58 47 65 13 82 47 92 55 91 92 10 23 48 65 71 20 17 92 19 63
22 12 59 87 29 11 22 24 86 41 51 19 0 28 74 18 24 24 23 43
5 81 32 37 84 37 15 36 76 43 1 16 61 83 91 7 63 45 51 84
98 66 61 71 21 44 93 13 4 2 71 18 14 34 42 55 92 79 71 74
36 99 28 78 40 54 37 61 54 11 92 96 59 6 77 41 66 76 40 87
94 15 96 65 81 14 75 9 35 2 33 7 18 93 89 12 46 4 63 95
18 1 27 40 21 91 78 39 83 61 25 25 49 33 23 45 27 93 8 78
4 6 12 32 49 22 63 79 49 45 5 32 28 19 78 45 68 37 59 98
26 99 48 12 4 62 46 91 23 56 59 92 22 74 38 68 60 39 25 36
98 26 64 66 9 79 9 89 12 47 32 76 54 53 5 32 70 45 24 8
99 97 89 25 43 75 56 59 86 62 39 42 22 33 9 65 41 6 29 97
95 7 26 51 29 43 82 66 42 59 85 77 36 23 1 4 47 65 29 73
67 68 63 52 27 86 75 71 59 38 85 43 88 91 89 29 18 52 56 94
93 19 24 51 74 51 40 1 45 87 38 0 49 95 46 21 2 43 68 98
54 21 69 50 94 60 83 36 95 25 99 94 75 73 3 57 3 7 94 39
81 67 79 53 81 44 30 1 14 96 56 36 70 14 16 89 42 58 91 22
36 67 73 45 20 9 50 95 71 32 92 87 23 19 68 69 17 73 49 43
11 73 77 46 6 86 0 80 95 18 9 63 23 42 34 20 40 48 62 39
79 74 7 65 74 43 35 11 16 4 30 98 18 41 36 63 17 16 39 90
42 56 54 54 42 78 29 94 28 47 3 35 85 95 51 40 63 25 31 60
43 19 89 13 44 99 6 96 10 98 94 36 3 76 58 18 84 62 97 40
53 1 2 4 97 65 83 27 50 35 21 27 65 62 39 34 73 83 25 28
49 31 67 83 29 68 71 97 45 42 69 26 68 38 58 41 83 68 99 90
24 30 89 40 56 36 80 7 72 68 0 14 53 30 2 44 98 7 59 61
25 29 70 24 3 25 36 11 63 97 40 43 7 55 35 56 93 6 10 75
86 60 4 83 93 18 86 81 21 53 7 1 30 93 15 1 68 62 67 57
12 56 89 45 45 38 76 51 59 99 14 79 40 5 78 38 98 30 47 4
35 55 17 30 69 64 13 21 53 88 52 93 58 60 72 6 19 95 49 27
41 0 71 61 40 83 31 54 49 11 58 71 11 45 6 88 57 35 64 51
29 75 56 6 88 36 54 84 36 26 4 9 30 58 53 57 70 9 36 81
82 19 31 90 45 42 10 35 13 60 59 52 45 33 14 57 40 21 46 85
34 18 11 46 24 81 25 7 94 38 37 43 91 22 21 15 66 51 82 56
61 52 86 87 29 6 26 81 7 64 99 65 83 45 57 8 24 39 40 44
56 55 44 34 20 97 26 52 31 63 93 61 29 87 19 14 91 77 61 85

99 77 63 32 36 35 91 80 18 68 23 17 60 89 10 51 5 50 17 76
78 96 43 20 60 94 86 47 7 72 77 61 10 58 31 51 55 92 6 96
26 66 74 97 78 9 9 21 57 20 96 75 48 19 86 24 84 66 39 51
39 70 73 98 91 92 71 50 34 8 25 46 60 83 33 31 55 80 61 81
76 7 42 63 0 66 81 20 60 56 72 86 13 65 58 71 12 22 96 74
61 20 87 14 84 21 4 85 39 91 15 77 58 59 86 12 84 65 27 2
52 48 83 16 18 14 14 10 46 52 6 68 2 0 99 55 16 93 31 72
11 18 38 76 3 87 53 90 33 81 88 37 82 34 13 53 75 61 41 69
69 47 98 76 1 57 33 98 29 22 1 54 80 21 15 68 16 59 57 66
55 18 97 66 25 19 45 60 32 35 59 27 65 33 58 39 85 36 32 45
49 45 43 40 85 48 47 70 7 8 8 5 42 11 53 3 10 19 4 44
67 52 0 85 20 96 65 98 58 15 2 72 60 6 26 90 94 32 52 18
91 26 6 71 63 35 22 37 21 59 57 63 90 12 19 67 28 85 92 91
4 13 19 30 97 62 66 9 6 92 67 75 86 66 42 28 67 97 38 27
98 77 13 25 39 2 83 22 83 8 0 55 89 81 26 39 53 82 17 55
49 34 43 24 17 43 3 37 83 45 3 9 34 20 24 83 80 95 79 22
87 35 47 26 55 7 31 98 73 43 77 30 79 46 51 76 12 30 64 57
21 59 84 90 79 49 83 41 12 50 12 61 47 96 80 38 27 15 12 76
58 35 85 86 85 8 78 61 5 65 95 47 69 55 16 53 34 33 27 50
62 12 1 59 72 82 40 24 8 66 12 15 64 58 24 26 84 81 30 35
32 45 56 64 95 87 2 51 59 52 32 11 87 11 85 57 79 47 58 14
82 55 43 33 1 25 17 98 22 15 26 76 38 26 3 62 47 45 12 14
65 99 21 71 73 65 19 20 86 3 60 37 10 15 82 19 33 56 32 99
76 43 6 87 69 29 80 95 52 51 83 42 19 77 54 27 37 76 75 38
19 25 62 21 35 12 75 37 81 87 76 75 52 86 27 93 77 32 24 15
18 69 18 12 45 99 37 26 24 32 44 22 7 48 72 92 79 52 35 24
19 60 1 22 85 52 60 43 19 77 67 72 32 94 89 72 17 91 17 60
11 9 31 9 84 69 93 75 45 73 42 90 75 31 98 82 41 32 98 9
57 65 30 16 60 59 34 43 68 86 82 72 1 65 61 58 89 44 17 94
13 52 42 19 33 67 4 47 16 5 46 89 55 59 27 92 49 33 58 22
84 34 64 52 32 49 74 50 65 91 30 68 45 0 51 67 32 43 96 56
34 35 30 0 86 83 66 48 25 19 36 76 4 90 36 40 66 91 30 93
60 89 10 19 81 64 48 67 64 49 92 97 49 73 93 85 24 19 44 27
93 60 6 50 25 23 13 22 99 11 4 16 27 79 26 65 43 29 83 22
77 82 56 8 46 54 92 12 50 16 54 72 39 31 76 58 97 12 54 36
54 13 88 72 23 61 40 22 30 13 72 9 74 54 89 73 39 1 4 68
48 77 78 23 28 45 19 90 24 49 58 64 86 86 93 36 11 97 8 6
23 71 97 79 11 84 40 26 71 23 23 69 8 72 90 21 4 49 79 8
66 34 68 41 77 6 45 10 57 10 74 30 80 96 8 57 1 5 95 50
15 12 60 49 24 27 60 2 93 29 63 48 36 79 67 47 41 37 89 15

1289 1542 2481 1286 710 1340 707 186 1737 1547 290 2575 274 873 1386 2141 1233 464 282 385

3093 411 1470 3113 506 1190 1777 884 407 1646 1649 415 462 2398 2229 1518 868 1883 1593 2023

14 36 10 24 17 12 27 36 9 27 15 4 19 13 3 21 15 18 7 25 18 30 10 7 4 23 34 35 19 17 11 38 32 9 38 20 14 16 5 3

121 126 181 107 103 166 70 33 157 185 30 184 41 144 122 180 162 42 46 41
