40
20

15 16 0 86 87 46 31 27 24 2 94 48 54 51 72 49 56 16 7 86
8 3 27 10 38 55 5 37 23 17 25 52 97 51 67 25 77 39 26 20
1 50 39 15 38 72 79 47 30 33 44 75 60 48 44 21 60 87 67 14
6 38 83 62 64 12 7 27 83 13 28 77 39 77 96 28 0 44 2 21
43 20 94 79 46 47 28 45 56 86 40 9 81 73 87 41 62 15 85 32
48 37 62 75 42 74 86 55 12 1 41 25 92 26 69 83 0 88 88 98
58 47 65 13 82 47 92 55 91 92 10 23 48 65 71 20 17 92 19 63
22 12 59 87 29 11 22 24 86 41 51 19 0 28 74 18 24 24 23 43
5 81 32 37 84 37 15 36 76 43 1 16 61 83 91 7 63 45 51 84
98 66 61 71 21 44 93 13 4 2 71 18 14 34 42 55 92 79 71 74
36 99 28 78 40 54 37 61 54 11 92 96 59 6 77 41 66 76 40 87
94 15 96 65 81 14 75 9 35 2 33 7 18 93 89 12 46 4 63 95
18 1 27 40 21 91 78 39 83 61 25 25 49 33 23 45 27 93 8 78
4 6 12 32 49 22 63 79 49 45 5 32 28 19 78 45 68 37 59 98
26 99 48 12 4 62 46 91 23 56 59 92 22 74 38 68 60 39 25 36
98 26 64 66 9 79 9 89 12 47 32 76 54 53 5 32 70 45 24 8
99 97 89 25 43 75 56 59 86 62 39 42 22 33 9 65 41 6 29 97
95 7 26 51 29 43 82 66 42 59 85 77 36 23 1 4 47 65 29 73
67 68 63 52 27 86 75 71 59 38 85 43 88 91 89 29 18 52 56 94
93 19 24 51 74 51 40 1 45 87 38 0 49 95 46 21 2 43 68 98
54 21 69 50 94 60 83 36 95 25 99 94 75 73 3 57 3 7 94 39
81 67 79 53 81 44 30 1 14 96 56 36 70 14 16 89 42 58 91 22
36 67 73 45 20 9 50 95 71 32 92 87 23 19 68 69 17 73 49 43
11 73 77 46 6 86 0 80 95 18 9 63 23 42 34 20 40 48 62 39
79 74 7 65 74 43 35 11 16 4 30 98 18 41 36 63 17 16 39 90
42 56 54 54 42 78 29 94 28 47 3 35 85 95 51 40 63 25 31 60
43 19 89 13 44 99 6 96 10 98 94 36 3 76 58 18 84 62 97 40
53 1 2 4 97 65 83 27 50 35 21 27 65 62 39 34 73 83 25 28
49 31 67 83 29 68 71 97 45 42 69 26 68 38 58 41 83 68 99 90
24 30 89 40 56 36 80 7 72 68 0 14 53 30 2 44 98 7 59 61
25 29 70 24 3 25 36 11 63 97 40 43 7 55 35 56 93 6 10 75
86 60 4 83 93 18 86 81 21 53 7 1 30 93 15 1 68 62 67 57
12 56 89 45 45 38 76 51 59 99 14 79 40 5 78 38 98 30 47 4
35 55 17 30 69 64 13 21 53 88 52 93 58 60 72 6 19 95 49 27
41 0 71 61 40 83 31 54 49 11 58 71 11 45 6 88 57 35 64 51
29 75 56 6 88 36 54 84 36 26 4 9 30 58 53 57 70 9 36 81
82 19 31 90 45 42 10 35 13 60 59 52 45 33 14 57 40 21 46 85
34 18 11 46 24 81 25 7 94 38 37 43 91 22 21 15 66 51 82 56
61 52 86 87 29 6 26 81 7 64 99 65 83 45 57 8 24 39 40 44
56 55 44 34 20 97 26 52 31 63 93 61 29 87 19 14 91 77 61 85

11 6 45 1 69 92 73 26 97 28 42 4 63 5 26 12 59 80 21 43
42 61 87 40 32 63 8 30 31 41 22 6 78 85 43 87 63 44 62 42
65 7 93 63 73 58 11 28 23 86 93 87 56 19 64 50 64 6 2 77
2 70 54 94 70 8 78 77 92 9 4 89 54 13 75 51 68 34 15 94
85 32 51 14 66 79 56 28 85 81 6 8 25 44 82 40 93 81 29 24
59 23 73 29 99 57 66 63 0 20 83 6 46 23 12 45 9 64 12 92
1 74 15 62 60 9 4 73 94 58 2 70 83 43 47 90 26 49 26 30
85 74 12 73 50 13 23 91 39 18 90 23 10 70 1 13 33 86 69 33
62 40 36 42 1 52 10 56 55 97 93 20 10 25 55 16 81 4 62 45
25 11 50 64 1 50 19 70 38 67 83 70 30 79 98 52 68 55 49 75
96 7 85 35 27 81 21 66 70 44 35 89 57 34 57 15 59 96 1 81
37 20 7 46 72 73 83 99 56 80 56 54 53 86 1 15 55 18 72 64
85 33 80 89 39 3 80 42 56 86 60 26 58 83 55 33 4 71 19 68
54 80 30 62 22 36 17 33 82 88 25 64 39 17 62 98 94 56 96 67
60 99 89 24 95 70 97 14 84 68 61 30 67 31 72 29 91 59 91 2
61 18 53 29 87 91 77 54 61 56 82 77 29 10 59 28 12 69 57 84
15 10 96 40 18 30 89 46 40 55 61 67 14 5 81 33 26 1 51 82
98 89 23 17 15 95 22 29 38 40 14 48 37 88 39 42 49 1 93 64
40 25 42 13 29 21 91 63 94 36 39 93 77 63 8 95 61 26 11 51
71 16 2 21 37 45 34 64 16 90 98 97 57 63 31 56 62 12 19 15
73 39 27 83 91 12 30 79 3 75 35 57 75 5 9 31 42 69 58 20
94 66 27 17 46 67 4 52 35 97 56 96 86 99 28 33 48 91 88 97
68 11 86 44 81 87 78 16 21 1 14 10 76 21 4 59 57 31 17 91
38 68 47 25 99 52 87 13 72 79 83 39 76 3 35 45 87 16 6 25
85 25 36 21 70 72 60 18 30 47 5 0 29 91 92 31 20 84 79 76
8 81 24 57 39 18 31 30 60 21 47 17 90 77 89 25 2 59 29 51
0 6 82 41 33 5 45 55 98 31 7 63 14 22 22 63 61 22 5 5
32 1 7 64 30 42 66 79 17 44 51 75 90 97 45 12 39 23 17 48
25 74 5 99 68 51 94 28 39 76 66 10 4 32 47 46 44 50 90 29
75 14 71 68 19 9 68 48 8 32 71 72 37 46 35 98 64 43 63 87
62 45 4 23 42 61 85 58 13 83 15 3 53 79 36 69 96 27 3 19
65 90 26 0 9 25 90 56 14 93 54 34 9 88 87 56 82 9 92 2
58 69 22 19 47 73 0 79 23 37 86 31 4 30 56 16 59 40 94 57
46 23 97 24 55 64 64 60 24 72 92 92 45 85 25 77 69 52 23 58
94 22 30 26 84 60 88 16 50 68 97 71 6 74 30 76 64 30 64 19
39 17 68 56 81 58 65 65 49 97 66 28 96 63 28 82 33 58 6 5
84 32 82 55 57 16 91 64 94 43 94 54 62 85 53 28 15 62 15 58
32 10 97 73 7 40 53 14 46 79 48 0 6 8 62 50 80 37 26 29
94 57 42 22 96 93 39 56 38 18 74 14 84 20 89 36 97 32 58 70
84 49 4 29 4 17 75 82 71 52 84 70 6 25 76 16 11 28 68 98

1289 1542 2481 1286 710 1340 707 186 1737 1547 290 2575 274 873 1386 2141 1233 464 282 385

517 1411 2562 2549 1919 1229 4072 2996 2764 680 3027 2319 2874 2827 720 4066 1534 5317 1296 2571

14 36 10 24 17 12 27 36 9 27 15 4 19 13 3 21 15 18 7 25 18 30 10 7 4 23 34 35 19 17 11 38 32 9 38 20 14 16 5 3

121 126 181 107 103 166 70 33 157 185 30 184 41 144 122 180 162 42 46 41
