40
20

99 77 63 32 36 35 91 80 18 68 23 17 60 89 10 51 5 50 17 76
78 96 43 20 60 94 86 47 7 72 77 61 10 58 31 51 55 92 6 96
26 66 74 97 78 9 9 21 57 20 96 75 48 19 86 24 84 66 39 51
39 70 73 98 91 92 71 50 34 8 25 46 60 83 33 31 55 80 61 81
76 7 42 63 0 66 81 20 60 56 72 86 13 65 58 71 12 22 96 74
61 20 87 14 84 21 4 85 39 91 15 77 58 59 86 12 84 65 27 2
52 48 83 16 18 14 14 10 46 52 6 68 2 0 99 55 16 93 31 72
11 18 38 76 3 87 53 90 33 81 88 37 82 34 13 53 75 61 41 69
69 47 98 76 1 57 33 98 29 22 1 54 80 21 15 68 16 59 57 66
55 18 97 66 25 19 45 60 32 35 59 27 65 33 58 39 85 36 32 45
49 45 43 40 85 48 47 70 7 8 8 5 42 11 53 3 10 19 4 44
67 52 0 85 20 96 65 98 58 15 2 72 60 6 26 90 94 32 52 18
91 26 6 71 63 35 22 37 21 59 57 63 90 12 19 67 28 85 92 91
4 13 19 30 97 62 66 9 6 92 67 75 86 66 42 28 67 97 38 27
98 77 13 25 39 2 83 22 83 8 0 55 89 81 26 39 53 82 17 55
49 34 43 24 17 43 3 37 83 45 3 9 34 20 24 83 80 95 79 22
87 35 47 26 55 7 31 98 73 43 77 30 79 46 51 76 12 30 64 57
21 59 84 90 79 49 83 41 12 50 12 61 47 96 80 38 27 15 12 76
58 35 85 86 85 8 78 61 5 65 95 47 69 55 16 53 34 33 27 50
62 12 1 59 72 82 40 24 8 66 12 15 64 58 24 26 84 81 30 35
32 45 56 64 95 87 2 51 59 52 32 11 87 11 85 57 79 47 58 14
82 55 43 33 1 25 17 98 22 15 26 76 38 26 3 62 47 45 12 14
65 99 21 71 73 65 19 20 86 3 60 37 10 15 82 19 33 56 32 99
76 43 6 87 69 29 80 95 52 51 83 42 19 77 54 27 37 76 75 38
19 25 62 21 35 12 75 37 81 87 76 75 52 86 27 93 77 32 24 15
18 69 18 12 45 99 37 26 24 32 44 22 7 48 72 92 79 52 35 24
19 60 1 22 85 52 60 43 19 77 67 72 32 94 89 72 17 91 17 60
11 9 31 9 84 69 93 75 45 73 42 90 75 31 98 82 41 32 98 9
57 65 30 16 60 59 34 43 68 86 82 72 1 65 61 58 89 44 17 94
13 52 42 19 33 67 4 47 16 5 46 89 55 59 27 92 49 33 58 22
84 34 64 52 32 49 74 50 65 91 30 68 45 0 51 67 32 43 96 56
34 35 30 0 86 83 66 48 25 19 36 76 4 90 36 40 66 91 30 93
60 89 10 19 81 64 48 67 64 49 92 97 49 73 93 85 24 19 44 27
93 60 6 50 25 23 13 22 99 11 4 16 27 79 26 65 43 29 83 22
77 82 56 8 46 54 92 12 50 16 54 72 39 31 76 58 97 12 54 36
54 13 88 72 23 61 40 22 30 13 72 9 74 54 89 73 39 1 4 68
48 77 78 23 28 45 19 90 24 49 58 64 86 86 93 36 11 97 8 6
23 71 97 79 11 84 40 26 71 23 23 69 8 72 90 21 4 49 79 8
66 34 68 41 77 6 45 10 57 10 74 30 80 96 8 57 1 5 95 50
15 12 60 49 24 27 60 2 93 29 63 48 36 79 67 47 41 37 89 15

11 6 45 1 69 92 73 26 97 28 42 4 63 5 26 12 59 80 21 43
42 61 87 40 32 63 8 30 31 41 22 6 78 85 43 87 63 44 62 42
65 7 93 63 73 58 11 28 23 86 93 87 56 19 64 50 64 6 2 77
2 70 54 94 70 8 78 77 92 9 4 89 54 13 75 51 68 34 15 94
85 32 51 14 66 79 56 28 85 81 6 8 25 44 82 40 93 81 29 24
59 23 73 29 99 57 66 63 0 20 83 6 46 23 12 45 9 64 12 92
1 74 15 62 60 9 4 73 94 58 2 70 83 43 47 90 26 49 26 30
85 74 12 73 50 13 23 91 39 18 90 23 10 70 1 13 33 86 69 33
62 40 36 42 1 52 10 56 55 97 93 20 10 25 55 16 81 4 62 45
25 11 50 64 1 50 19 70 38 67 83 70 30 79 98 52 68 55 49 75
96 7 85 35 27 81 21 66 70 44 35 89 57 34 57 15 59 96 1 81
37 20 7 46 72 73 83 99 56 80 56 54 53 86 1 15 55 18 72 64
85 33 80 89 39 3 80 42 56 86 60 26 58 83 55 33 4 71 19 68
54 80 30 62 22 36 17 33 82 88 25 64 39 17 62 98 94 56 96 67
60 99 89 24 95 70 97 14 84 68 61 30 67 31 72 29 91 59 91 2
61 18 53 29 87 91 77 54 61 56 82 77 29 10 59 28 12 69 57 84
15 10 96 40 18 30 89 46 40 55 61 67 14 5 81 33 26 1 51 82
98 89 23 17 15 95 22 29 38 40 14 48 37 88 39 42 49 1 93 64
40 25 42 13 29 21 91 63 94 36 39 93 77 63 8 95 61 26 11 51
71 16 2 21 37 45 34 64 16 90 98 97 57 63 31 56 62 12 19 15
73 39 27 83 91 12 30 79 3 75 35 57 75 5 9 31 42 69 58 20
94 66 27 17 46 67 4 52 35 97 56 96 86 99 28 33 48 91 88 97
68 11 86 44 81 87 78 16 21 1 14 10 76 21 4 59 57 31 17 91
38 68 47 25 99 52 87 13 72 79 83 39 76 3 35 45 87 16 6 25
85 25 36 21 70 72 60 18 30 47 5 0 29 91 92 31 20 84 79 76
8 81 24 57 39 18 31 30 60 21 47 17 90 77 89 25 2 59 29 51
0 6 82 41 33 5 45 55 98 31 7 63 14 22 22 63 61 22 5 5
32 1 7 64 30 42 66 79 17 44 51 75 90 97 45 12 39 23 17 48
25 74 5 99 68 51 94 28 39 76 66 10 4 32 47 46 44 50 90 29
75 14 71 68 19 9 68 48 8 32 71 72 37 46 35 98 64 43 63 87
62 45 4 23 42 61 85 58 13 83 15 3 53 79 36 69 96 27 3 19
65 90 26 0 9 25 90 56 14 93 54 34 9 88 87 56 82 9 92 2
58 69 22 19 47 73 0 79 23 37 86 31 4 30 56 16 59 40 94 57
46 23 97 24 55 64 64 60 24 72 92 92 45 85 25 77 69 52 23 58
94 22 30 26 84 60 88 16 50 68 97 71 6 74 30 76 64 30 64 19
39 17 68 56 81 58 65 65 49 97 66 28 96 63 28 82 33 58 6 5
84 32 82 55 57 16 91 64 94 43 94 54 62 85 53 28 15 62 15 58
32 10 97 73 7 40 53 14 46 79 48 0 6 8 62 50 80 37 26 29
94 57 42 22 96 93 39 56 38 18 74 14 84 20 89 36 97 32 58 70
84 49 4 29 4 17 75 82 71 52 84 70 6 25 76 16 11 28 68 98

3093 411 1470 3113 506 1190 1777 884 407 1646 1649 415 462 2398 2229 1518 868 1883 1593 2023

517 1411 2562 2549 1919 1229 4072 2996 2764 680 3027 2319 2874 2827 720 4066 1534 5317 1296 2571

16 3 26 14 15 13 21 36 2 29 21 2 19 29 23 10 17 28 37 23 31 31 24 31 30 12 16 8 23 27 1 33 37 26 20 17 28 15 4 35

273 64 210 223 48 90 145 83 30 185 265 56 64 244 212 194 162 165 159 143
