50
20

71 90 74 53 46 32 45 73 92 99 26 65 1 5 10 52 47 77 49 69
70 68 32 1 77 36 84 73 18 51 72 63 37 68 59 54 87 91 23 36
70 22 60 42 40 46 20 61 75 14 42 72 5 33 2 87 68 46 79 3
7 90 9 98 42 50 69 11 93 47 31 14 12 43 69 43 62 23 96 58
62 13 87 48 72 36 0 94 82 9 5 71 52 39 85 31 96 64 60 18
8 65 62 97 91 24 54 91 16 4 70 80 32 4 19 86 11 83 86 46
78 64 18 68 78 79 77 10 84 95 98 10 23 41 93 92 3 29 78 0
48 35 10 34 80 74 85 17 15 9 6 83 39 54 36 81 6 72 95 48
62 80 60 65 78 98 89 26 67 31 63 77 4 41 21 92 74 63 43 15
21 77 94 63 70 27 38 87 56 59 87 26 61 12 34 1 60 92 1 38
26 4 95 20 29 29 44 94 57 67 60 95 17 83 66 63 1 37 65 56
45 60 38 94 85 40 18 80 7 7 64 89 45 30 19 21 65 84 55 47
45 35 17 15 39 51 29 75 85 39 16 50 91 76 65 67 12 66 24 6
4 57 1 55 16 91 42 62 53 71 66 26 27 73 4 75 72 34 70 9
99 98 55 23 9 85 25 28 92 46 71 25 84 85 19 30 51 78 30 19
33 34 26 73 65 39 22 16 48 16 67 92 41 78 3 22 13 49 10 27
51 92 91 26 30 64 13 23 85 86 12 60 42 99 19 95 97 48 83 24
49 10 82 68 36 53 44 85 14 6 45 82 86 72 27 39 71 99 63 63
80 12 76 44 17 69 66 69 30 69 11 25 4 59 62 99 30 98 23 44
24 76 95 77 67 6 32 36 87 20 35 95 19 61 74 23 92 28 21 38
49 25 38 88 91 34 41 63 94 94 45 20 51 56 58 63 41 69 71 32
5 91 80 81 8 41 16 41 1 40 79 12 10 94 11 22 37 40 40 57
19 26 77 29 3 26 69 60 24 93 20 84 1 4 37 1 78 65 74 34
75 47 65 68 43 9 86 82 17 6 63 93 25 86 47 80 85 43 0 53
10 62 65 92 99 80 28 51 83 50 80 32 44 74 46 53 50 58 28 63
54 95 3 1 51 67 42 70 2 45 57 97 62 17 3 96 72 71 64 45
99 18 30 54 37 21 19 76 9 83 17 2 21 99 37 29 60 70 13 92
56 49 84 10 19 51 43 80 41 58 41 14 27 97 77 13 81 72 22 18
70 81 40 79 37 37 30 42 41 99 68 30 49 53 59 82 93 15 3 70
74 51 39 6 91 19 37 14 2 89 25 24 57 3 98 15 71 61 29 21
4 63 80 60 81 33 96 67 69 12 14 34 91 92 26 87 39 19 87 56
22 13 37 8 66 55 1 75 40 51 71 65 82 75 81 50 48 47 47 86
6 1 17 82 58 50 57 39 41 38 64 26 64 65 2 51 68 99 71 65
11 17 77 90 35 54 63 61 49 29 98 30 37 95 65 66 89 24 69 62
92 23 68 6 49 47 98 99 7 51 40 33 96 99 55 31 42 23 81 46
77 96 71 53 67 62 19 81 47 46 88 73 10 24 57 71 97 39 41 70
0 80 51 69 59 66 97 36 9 10 49 48 26 44 26 81 75 25 55 63
46 73 26 5 35 96 51 86 24 2 84 43 39 12 60 7 11 16 83 74
63 48 43 6 88 47 56 3 14 62 56 91 43 95 80 11 33 99 33 9
46 75 12 70 87 26 31 21 10 80 78 30 55 73 1 48 53 61 92 79
9 3 19 87 49 30 32 59 92 97 45 92 79 79 50 65 83 57 40 29
65 15 33 6 60 27 20 96 9 20 0 32 60 37 50 12 20 27 52 34
22 60 89 75 35 12 57 14 36 94 76 90 32 9 85 21 77 57 58 64
45 39 83 55 40 4 67 74 62 64 95 39 59 61 29 94 24 55 28 67
32 81 35 5 15 80 57 12 28 14 36 58 45 11 78 7 95 0 98 19
28 47 2 94 62 78 92 77 58 65 94 42 29 15 27 18 68 76 58 32
56 54 33 74 93 10 60 16 45 77 84 37 21 16 99 37 12 96 62 41
44 82 22 24 58 52 72 15 92 74 82 53 32 37 92 4 71 89 38 76
83 40 75 60 92 36 99 22 14 2 88 98 89 24 16 66 25 97 1 24
37 81 11 61 46 29 14 30 62 82 59 46 75 49 31 63 40 4 1 21

31 87 93 44 33 84 35 36 5 50 55 24 40 25 19 22 5 54 21 85
62 56 36 57 45 48 19 1 67 98 62 56 9 26 5 41 12 58 43 92
74 21 78 1 19 28 31 10 89 74 79 53 93 67 9 67 89 60 89 16
92 38 7 83 54 98 20 43 27 20 16 11 20 15 96 28 19 93 94 34
19 93 35 34 91 79 66 69 78 70 21 33 8 69 16 0 51 21 65 71
61 0 75 25 97 5 66 53 90 20 4 18 10 77 66 39 57 4 66 19
76 71 97 64 59 51 96 37 94 57 16 79 84 44 64 69 24 56 46 5
17 80 28 43 86 32 98 10 79 72 89 82 3 51 99 3 21 13 28 76
90 9 0 47 52 13 49 83 76 25 92 91 21 8 8 45 84 7 6 19
32 29 37 24 43 87 7 23 9 49 63 54 55 22 89 88 7 89 21 12
93 62 59 99 59 8 60 13 51 95 10 68 74 39 40 19 40 51 99 77
73 20 30 64 18 83 6 42 76 69 94 6 73 8 99 96 24 49 70 92
46 27 84 86 51 83 46 42 97 5 52 96 98 56 28 52 16 22 19 82
72 68 5 19 77 98 63 31 43 69 2 81 38 81 46 37 94 60 30 76
81 3 42 93 7 53 31 21 0 11 50 6 96 16 15 11 26 58 1 28
84 74 90 34 7 74 64 8 22 83 89 7 19 94 43 59 57 74 85 26
30 63 63 46 32 64 7 45 3 6 60 96 45 36 44 60 45 66 55 22
38 87 45 26 98 17 26 65 41 51 12 79 78 36 76 61 52 77 90 89
50 52 88 20 63 92 46 22 52 60 83 27 30 21 41 29 67 3 63 64
90 80 5 45 27 27 51 42 14 39 95 16 71 99 29 66 11 51 50 38
43 99 62 4 75 52 46 16 35 76 22 84 69 27 32 44 69 77 2 7
60 50 76 5 31 43 27 79 98 85 88 80 41 71 54 61 33 63 50 92
72 52 72 37 78 24 33 52 10 69 90 6 20 28 10 37 56 69 23 86
68 35 60 77 81 4 68 37 52 57 68 67 10 39 78 13 57 70 23 98
64 27 24 18 9 8 0 0 33 57 58 90 2 10 43 9 9 70 64 2
64 51 39 56 42 38 4 82 77 32 90 67 57 19 61 50 28 41 70 85
10 80 70 76 14 83 86 15 81 81 47 52 89 82 24 78 19 40 14 92
48 44 94 98 28 54 8 42 63 98 69 90 95 99 96 9 59 99 12 85
65 94 75 17 32 2 7 57 57 31 69 74 16 6 70 84 24 84 20 60
89 64 67 15 58 72 72 32 23 65 18 65 41 5 50 53 83 81 97 21
31 88 28 36 62 87 26 74 4 2 99 2 63 44 61 67 30 46 32 70
32 59 73 57 96 54 24 49 20 7 27 3 76 79 50 66 2 21 44 72
38 44 98 96 31 58 68 55 1 60 8 25 45 25 20 15 32 24 0 21
5 84 50 42 90 67 91 33 89 12 78 34 7 88 15 98 23 44 30 96
25 49 32 81 58 74 76 50 61 38 25 16 87 33 47 80 30 3 7 84
14 29 56 74 3 55 1 95 57 57 14 8 14 36 31 0 3 84 31 28
4 63 98 10 0 94 18 64 15 35 51 47 99 8 81 59 29 6 51 4
34 70 8 17 43 37 35 25 48 0 49 66 94 8 65 10 66 22 91 46
26 99 74 30 7 55 28 11 99 47 11 69 43 72 24 52 48 63 69 78
96 36 65 41 77 23 19 50 90 91 12 83 2 27 28 19 34 40 45 6
37 25 74 67 59 71 98 48 24 13 58 60 88 70 91 80 7 1 5 98
66 91 56 37 45 39 61 81 13 1 55 75 79 27 83 3 41 89 89 42
29 82 25 54 99 50 11 67 50 77 13 47 71 29 18 73 19 51 20 63
13 44 52 6 71 86 29 13 38 69 80 78 81 54 91 20 41 90 81 41
84 28 84 23 70 31 17 62 46 69 51 89 37 43 5 37 71 76 49 59
80 69 76 5 58 8 77 0 61 72 32 94 96 74 5 80 13 38 96 80
11 91 99 67 27 36 58 65 48 10 33 38 86 63 8 74 0 13 0 13
43 44 68 75 85 77 13 3 37 9 22 6 60 10 5 81 59 31 26 39
81 48 15 74 61 45 28 45 9 31 77 60 6 22 68 85 62 41 94 4
63 20 83 26 98 7 11 97 45 3 98 65 59 89 81 19 94 25 12 77

373 94 392 463 142 139 886 436 801 697 154 337 839 444 290 524 666 306 266 467

2844 2625 1910 4831 3583 361 925 1248 3312 2838 530 3949 2968 1130 593 2574 688 2078 1853 1741

11 14 20 18 25 26 26 26 10 13 22 16 28 17 13 21 15 25 21 23 23 16 25 20 16 16 17 23 25 22 25 18 18 21 11 12 25 29 17 11 18 24 21 25 16 27 20 16 13 15

144 31 107 95 55 45 130 142 112 103 33 50 114 76 42 121 99 41 62 76
