50
20

71 90 74 53 46 32 45 73 92 99 26 65 1 5 10 52 47 77 49 69
70 68 32 1 77 36 84 73 18 51 72 63 37 68 59 54 87 91 23 36
70 22 60 42 40 46 20 61 75 14 42 72 5 33 2 87 68 46 79 3
7 90 9 98 42 50 69 11 93 47 31 14 12 43 69 43 62 23 96 58
62 13 87 48 72 36 0 94 82 9 5 71 52 39 85 31 96 64 60 18
8 65 62 97 91 24 54 91 16 4 70 80 32 4 19 86 11 83 86 46
78 64 18 68 78 79 77 10 84 95 98 10 23 41 93 92 3 29 78 0
48 35 10 34 80 74 85 17 15 9 6 83 39 54 36 81 6 72 95 48
62 80 60 65 78 98 89 26 67 31 63 77 4 41 21 92 74 63 43 15
21 77 94 63 70 27 38 87 56 59 87 26 61 12 34 1 60 92 1 38
26 4 95 20 29 29 44 94 57 67 60 95 17 83 66 63 1 37 65 56
45 60 38 94 85 40 18 80 7 7 64 89 45 30 19 21 65 84 55 47
45 35 17 15 39 51 29 75 85 39 16 50 91 76 65 67 12 66 24 6
4 57 1 55 16 91 42 62 53 71 66 26 27 73 4 75 72 34 70 9
99 98 55 23 9 85 25 28 92 46 71 25 84 85 19 30 51 78 30 19
33 34 26 73 65 39 22 16 48 16 67 92 41 78 3 22 13 49 10 27
51 92 91 26 30 64 13 23 85 86 12 60 42 99 19 95 97 48 83 24
49 10 82 68 36 53 44 85 14 6 45 82 86 72 27 39 71 99 63 63
80 12 76 44 17 69 66 69 30 69 11 25 4 59 62 99 30 98 23 44
24 76 95 77 67 6 32 36 87 20 35 95 19 61 74 23 92 28 21 38
49 25 38 88 91 34 41 63 94 94 45 20 51 56 58 63 41 69 71 32
5 91 80 81 8 41 16 41 1 40 79 12 10 94 11 22 37 40 40 57
19 26 77 29 3 26 69 60 24 93 20 84 1 4 37 1 78 65 74 34
75 47 65 68 43 9 86 82 17 6 63 93 25 86 47 80 85 43 0 53
10 62 65 92 99 80 28 51 83 50 80 32 44 74 46 53 50 58 28 63
54 95 3 1 51 67 42 70 2 45 57 97 62 17 3 96 72 71 64 45
99 18 30 54 37 21 19 76 9 83 17 2 21 99 37 29 60 70 13 92
56 49 84 10 19 51 43 80 41 58 41 14 27 97 77 13 81 72 22 18
70 81 40 79 37 37 30 42 41 99 68 30 49 53 59 82 93 15 3 70
74 51 39 6 91 19 37 14 2 89 25 24 57 3 98 15 71 61 29 21
4 63 80 60 81 33 96 67 69 12 14 34 91 92 26 87 39 19 87 56
22 13 37 8 66 55 1 75 40 51 71 65 82 75 81 50 48 47 47 86
6 1 17 82 58 50 57 39 41 38 64 26 64 65 2 51 68 99 71 65
11 17 77 90 35 54 63 61 49 29 98 30 37 95 65 66 89 24 69 62
92 23 68 6 49 47 98 99 7 51 40 33 96 99 55 31 42 23 81 46
77 96 71 53 67 62 19 81 47 46 88 73 10 24 57 71 97 39 41 70
0 80 51 69 59 66 97 36 9 10 49 48 26 44 26 81 75 25 55 63
46 73 26 5 35 96 51 86 24 2 84 43 39 12 60 7 11 16 83 74
63 48 43 6 88 47 56 3 14 62 56 91 43 95 80 11 33 99 33 9
46 75 12 70 87 26 31 21 10 80 78 30 55 73 1 48 53 61 92 79
9 3 19 87 49 30 32 59 92 97 45 92 79 79 50 65 83 57 40 29
65 15 33 6 60 27 20 96 9 20 0 32 60 37 50 12 20 27 52 34
22 60 89 75 35 12 57 14 36 94 76 90 32 9 85 21 77 57 58 64
45 39 83 55 40 4 67 74 62 64 95 39 59 61 29 94 24 55 28 67
32 81 35 5 15 80 57 12 28 14 36 58 45 11 78 7 95 0 98 19
28 47 2 94 62 78 92 77 58 65 94 42 29 15 27 18 68 76 58 32
56 54 33 74 93 10 60 16 45 77 84 37 21 16 99 37 12 96 62 41
44 82 22 24 58 52 72 15 92 74 82 53 32 37 92 4 71 89 38 76
83 40 75 60 92 36 99 22 14 2 88 98 89 24 16 66 25 97 1 24
37 81 11 61 46 29 14 30 62 82 59 46 75 49 31 63 40 4 1 21

27 76 13 52 30 14 13 71 3 96 23 86 44 71 90 60 82 26 41 86
86 59 92 42 7 5 35 73 81 74 29 99 84 85 80 55 36 22 86 49
2 20 82 60 11 81 96 29 19 56 31 17 68 62 13 20 20 10 64 80
84 62 18 18 37 48 52 93 35 9 36 48 45 49 1 5 51 4 78 21
21 72 77 17 30 54 90 35 76 8 45 89 36 1 38 22 54 33 32 75
50 44 94 35 98 50 2 13 3 53 54 80 89 26 57 51 67 78 71 96
49 25 50 25 24 54 99 71 18 30 23 71 97 96 69 9 92 63 59 88
51 90 75 34 39 98 53 44 66 77 79 47 79 66 7 22 78 30 39 13
30 55 37 12 83 30 52 9 26 4 2 47 19 23 18 0 9 89 53 84
6 89 20 68 75 6 98 27 68 88 27 81 9 46 86 90 10 9 13 8
68 59 15 15 75 11 92 77 48 23 48 1 26 59 9 11 69 77 5 35
6 45 74 85 80 51 19 55 0 14 94 64 71 84 46 81 88 82 9 59
78 49 25 63 80 40 74 83 14 62 53 60 75 62 8 72 43 6 29 55
2 99 63 50 20 50 97 15 14 70 14 32 8 63 30 97 65 46 65 81
51 15 10 96 47 27 74 0 32 81 46 35 99 14 97 70 80 35 0 3
83 78 54 36 68 35 33 34 31 12 6 31 58 5 75 31 62 92 60 45
33 8 4 30 60 18 85 42 85 20 57 14 29 55 55 16 78 84 47 66
17 71 99 91 78 75 5 67 1 59 81 70 52 43 42 39 45 67 95 18
38 59 27 30 32 2 75 2 76 53 85 44 56 52 28 59 21 43 9 14
88 77 86 24 10 64 1 19 9 16 75 89 8 81 23 43 11 68 0 11
19 5 67 83 72 85 55 66 68 98 53 96 90 43 51 42 46 73 29 88
96 18 52 77 32 88 11 55 29 49 46 46 78 31 20 57 81 98 24 80
62 4 56 45 15 4 81 44 15 97 78 27 45 27 33 45 15 55 13 80
90 91 59 95 42 42 71 0 93 17 55 5 16 97 92 5 15 53 12 37
92 83 5 77 86 91 6 90 27 30 6 43 41 87 15 32 19 74 54 9
9 67 52 80 11 88 90 33 81 34 10 13 66 4 71 38 41 60 37 43
7 36 21 79 72 79 20 19 33 87 9 41 23 71 95 81 94 61 35 93
49 39 70 50 45 57 42 74 25 82 72 73 61 68 45 35 13 59 7 2
24 63 79 15 18 50 45 20 78 72 63 63 97 6 17 14 53 61 88 8
43 1 38 86 61 95 18 69 38 65 43 12 51 8 12 8 75 23 43 44
44 54 69 31 44 25 5 53 33 57 86 24 95 62 40 21 47 59 34 49
62 84 20 68 89 51 60 62 61 56 0 95 94 78 14 78 27 28 58 13
46 34 79 2 98 53 53 12 79 47 60 37 20 48 3 83 34 66 46 10
66 73 37 76 40 84 72 49 99 8 11 0 64 39 25 80 83 24 63 58
26 7 70 58 59 51 67 30 90 89 3 47 91 36 22 1 16 92 15 48
80 95 47 30 82 7 76 60 50 60 5 63 83 72 38 95 96 21 35 93
88 39 62 30 8 58 17 60 72 27 54 6 61 71 40 96 11 73 26 70
68 99 2 12 58 78 79 62 17 39 19 35 72 39 95 42 58 51 59 82
25 85 55 65 70 66 92 79 80 98 76 99 97 77 60 25 28 35 62 81
48 34 63 4 3 38 77 28 69 26 68 29 61 40 40 81 81 59 36 44
33 66 27 96 88 29 61 59 34 26 9 86 58 85 38 33 59 4 91 93
66 91 43 1 31 34 84 15 8 78 34 44 32 82 89 74 85 88 69 5
88 7 99 23 58 18 47 41 36 31 20 4 63 55 62 31 54 87 19 46
8 98 79 16 57 77 75 4 25 85 29 91 66 8 65 47 0 9 23 36
48 36 57 89 68 22 83 92 15 91 29 58 81 43 91 85 4 5 1 18
36 52 61 82 14 33 94 25 79 81 26 8 25 60 95 35 81 98 43 91
69 9 53 50 68 87 23 58 87 43 91 11 38 16 70 77 44 58 29 35
34 5 48 35 13 66 34 92 92 85 61 70 35 81 88 28 52 49 55 33
38 92 71 38 45 4 37 12 34 33 66 66 45 2 9 82 79 41 78 70
86 83 33 7 1 18 81 14 59 1 99 91 4 76 73 13 61 41 24 59

373 94 392 463 142 139 886 436 801 697 154 337 839 444 290 524 666 306 266 467

875 819 591 1135 848 375 538 232 376 524 871 397 441 252 568 928 1327 451 1266 1234

11 14 20 18 25 26 26 26 10 13 22 16 28 17 13 21 15 25 21 23 23 16 25 20 16 16 17 23 25 22 25 18 18 21 11 12 25 29 17 11 18 24 21 25 16 27 20 16 13 15

144 31 107 95 55 45 130 142 112 103 33 50 114 76 42 121 99 41 62 76
