50
20

71 90 74 53 46 32 45 73 92 99 26 65 1 5 10 52 47 77 49 69
70 68 32 1 77 36 84 73 18 51 72 63 37 68 59 54 87 91 23 36
70 22 60 42 40 46 20 61 75 14 42 72 5 33 2 87 68 46 79 3
7 90 9 98 42 50 69 11 93 47 31 14 12 43 69 43 62 23 96 58
62 13 87 48 72 36 0 94 82 9 5 71 52 39 85 31 96 64 60 18
8 65 62 97 91 24 54 91 16 4 70 80 32 4 19 86 11 83 86 46
78 64 18 68 78 79 77 10 84 95 98 10 23 41 93 92 3 29 78 0
48 35 10 34 80 74 85 17 15 9 6 83 39 54 36 81 6 72 95 48
62 80 60 65 78 98 89 26 67 31 63 77 4 41 21 92 74 63 43 15
21 77 94 63 70 27 38 87 56 59 87 26 61 12 34 1 60 92 1 38
26 4 95 20 29 29 44 94 57 67 60 95 17 83 66 63 1 37 65 56
45 60 38 94 85 40 18 80 7 7 64 89 45 30 19 21 65 84 55 47
45 35 17 15 39 51 29 75 85 39 16 50 91 76 65 67 12 66 24 6
4 57 1 55 16 91 42 62 53 71 66 26 27 73 4 75 72 34 70 9
99 98 55 23 9 85 25 28 92 46 71 25 84 85 19 30 51 78 30 19
33 34 26 73 65 39 22 16 48 16 67 92 41 78 3 22 13 49 10 27
51 92 91 26 30 64 13 23 85 86 12 60 42 99 19 95 97 48 83 24
49 10 82 68 36 53 44 85 14 6 45 82 86 72 27 39 71 99 63 63
80 12 76 44 17 69 66 69 30 69 11 25 4 59 62 99 30 98 23 44
24 76 95 77 67 6 32 36 87 20 35 95 19 61 74 23 92 28 21 38
49 25 38 88 91 34 41 63 94 94 45 20 51 56 58 63 41 69 71 32
5 91 80 81 8 41 16 41 1 40 79 12 10 94 11 22 37 40 40 57
19 26 77 29 3 26 69 60 24 93 20 84 1 4 37 1 78 65 74 34
75 47 65 68 43 9 86 82 17 6 63 93 25 86 47 80 85 43 0 53
10 62 65 92 99 80 28 51 83 50 80 32 44 74 46 53 50 58 28 63
54 95 3 1 51 67 42 70 2 45 57 97 62 17 3 96 72 71 64 45
99 18 30 54 37 21 19 76 9 83 17 2 21 99 37 29 60 70 13 92
56 49 84 10 19 51 43 80 41 58 41 14 27 97 77 13 81 72 22 18
70 81 40 79 37 37 30 42 41 99 68 30 49 53 59 82 93 15 3 70
74 51 39 6 91 19 37 14 2 89 25 24 57 3 98 15 71 61 29 21
4 63 80 60 81 33 96 67 69 12 14 34 91 92 26 87 39 19 87 56
22 13 37 8 66 55 1 75 40 51 71 65 82 75 81 50 48 47 47 86
6 1 17 82 58 50 57 39 41 38 64 26 64 65 2 51 68 99 71 65
11 17 77 90 35 54 63 61 49 29 98 30 37 95 65 66 89 24 69 62
92 23 68 6 49 47 98 99 7 51 40 33 96 99 55 31 42 23 81 46
77 96 71 53 67 62 19 81 47 46 88 73 10 24 57 71 97 39 41 70
0 80 51 69 59 66 97 36 9 10 49 48 26 44 26 81 75 25 55 63
46 73 26 5 35 96 51 86 24 2 84 43 39 12 60 7 11 16 83 74
63 48 43 6 88 47 56 3 14 62 56 91 43 95 80 11 33 99 33 9
46 75 12 70 87 26 31 21 10 80 78 30 55 73 1 48 53 61 92 79
9 3 19 87 49 30 32 59 92 97 45 92 79 79 50 65 83 57 40 29
65 15 33 6 60 27 20 96 9 20 0 32 60 37 50 12 20 27 52 34
22 60 89 75 35 12 57 14 36 94 76 90 32 9 85 21 77 57 58 64
45 39 83 55 40 4 67 74 62 64 95 39 59 61 29 94 24 55 28 67
32 81 35 5 15 80 57 12 28 14 36 58 45 11 78 7 95 0 98 19
28 47 2 94 62 78 92 77 58 65 94 42 29 15 27 18 68 76 58 32
56 54 33 74 93 10 60 16 45 77 84 37 21 16 99 37 12 96 62 41
44 82 22 24 58 52 72 15 92 74 82 53 32 37 92 4 71 89 38 76
83 40 75 60 92 36 99 22 14 2 88 98 89 24 16 66 25 97 1 24
37 81 11 61 46 29 14 30 62 82 59 46 75 49 31 63 40 4 1 21

25 35 95 49 97 77 61 52 89 44 21 37 95 74 60 58 17 90 67 28
17 33 46 9 12 25 97 81 99 87 60 48 67 29 31 41 22 3 99 38
26 69 72 93 38 16 73 64 11 53 44 64 59 50 76 81 26 85 54 57
11 49 87 96 20 3 68 47 67 85 76 6 28 20 12 3 38 73 43 75
71 55 86 62 42 69 63 49 35 55 0 51 34 70 58 25 11 16 24 41
9 2 84 55 8 95 68 58 75 7 39 2 32 16 65 26 89 19 88 28
34 68 88 61 68 35 6 41 33 2 72 7 67 82 45 69 95 14 69 17
21 77 9 95 95 31 6 71 64 76 64 22 36 81 77 50 9 26 46 86
45 66 41 40 2 2 11 17 34 20 52 94 43 39 83 40 29 68 90 22
74 67 32 17 69 75 29 38 41 27 71 38 75 89 14 46 16 86 65 56
88 80 56 67 97 51 67 57 70 69 51 15 70 67 65 87 80 53 13 9
45 16 53 12 19 25 28 42 56 9 19 26 38 85 28 76 33 65 51 3
21 48 81 98 41 96 64 92 33 42 0 7 89 72 45 57 37 99 75 54
7 91 12 55 81 49 16 18 92 36 0 71 54 95 22 28 21 27 60 78
10 92 68 37 38 73 79 58 59 12 2 24 1 4 16 58 31 8 74 54
9 13 63 89 5 71 76 77 87 80 14 75 7 79 98 64 46 93 68 38
81 38 11 99 9 66 33 33 20 24 63 6 10 47 65 24 79 12 95 22
56 21 16 2 41 98 76 14 60 6 2 55 66 23 58 41 45 44 91 66
98 81 45 55 13 86 15 74 49 25 88 56 88 68 87 63 45 72 95 76
20 85 53 1 46 89 54 21 64 54 52 29 30 86 89 45 29 76 97 77
53 95 19 81 85 86 76 45 67 44 48 98 57 0 73 7 17 29 65 21
66 60 4 78 0 70 68 80 59 62 77 6 98 75 6 9 93 87 62 25
75 82 38 89 95 21 91 39 45 10 11 36 91 75 68 57 8 88 60 24
0 87 2 68 58 95 20 64 97 33 56 63 54 78 68 21 51 15 19 96
62 73 67 69 22 58 92 95 73 18 46 3 37 94 95 9 73 59 91 82
26 34 95 8 3 46 49 23 31 47 46 18 68 33 63 36 84 21 55 7
28 61 16 5 52 22 64 8 52 40 99 8 52 50 49 91 42 24 95 89
37 83 42 77 28 77 83 63 43 20 65 94 25 43 59 76 13 10 91 82
68 90 81 99 88 87 16 32 7 73 25 71 61 86 57 82 77 67 66 88
9 61 61 44 36 10 73 26 86 95 41 83 65 31 30 22 89 0 23 37
50 79 64 84 88 15 19 79 16 37 7 57 34 0 10 29 45 35 60 24
27 13 58 0 53 59 90 56 52 93 29 95 41 50 40 3 94 33 38 49
12 94 53 32 12 39 10 8 56 13 23 1 82 97 66 55 7 45 63 91
18 20 21 84 68 18 85 64 50 96 2 9 1 21 8 80 77 31 88 26
90 62 76 49 93 81 69 11 72 30 5 27 68 79 15 67 35 38 39 64
15 61 79 12 85 71 29 85 9 74 1 14 86 25 32 19 91 94 48 62
59 31 25 76 27 22 59 92 64 88 43 61 43 83 17 47 35 75 30 36
28 18 36 87 98 67 12 25 2 67 68 40 46 40 89 59 61 44 29 93
93 71 45 73 81 16 44 39 86 32 77 38 95 59 8 50 99 76 40 41
42 26 69 13 79 19 15 10 79 94 31 92 78 13 97 80 65 12 67 48
44 19 92 3 16 43 64 91 78 66 45 3 19 99 76 85 70 4 79 74
30 64 0 96 94 62 55 24 27 20 72 71 79 85 52 57 37 64 79 83
42 71 62 7 36 9 88 97 98 7 9 6 9 98 3 95 29 91 82 5
87 91 28 42 29 50 89 36 48 62 58 88 16 51 30 9 85 80 88 22
12 12 89 71 50 87 34 70 92 96 42 87 61 71 79 28 0 11 87 85
79 30 38 51 40 89 91 29 51 33 38 74 25 74 57 46 30 72 18 84
7 96 7 92 56 6 52 35 66 36 88 62 4 6 81 6 72 90 94 44
13 89 77 99 19 26 6 21 70 39 10 87 16 34 52 6 69 39 53 3
65 68 88 36 39 78 84 70 89 84 92 96 41 64 26 81 41 71 84 92
30 27 94 16 79 76 58 73 91 14 66 7 6 23 36 86 41 82 69 48

373 94 392 463 142 139 886 436 801 697 154 337 839 444 290 524 666 306 266 467

2479 1052 3550 461 1616 683 478 1746 3353 924 834 630 949 3216 1996 1764 2553 5052 1405 818

11 14 20 18 25 26 26 26 10 13 22 16 28 17 13 21 15 25 21 23 23 16 25 20 16 16 17 23 25 22 25 18 18 21 11 12 25 29 17 11 18 24 21 25 16 27 20 16 13 15

144 31 107 95 55 45 130 142 112 103 33 50 114 76 42 121 99 41 62 76
