50
20

71 90 74 53 46 32 45 73 92 99 26 65 1 5 10 52 47 77 49 69
70 68 32 1 77 36 84 73 18 51 72 63 37 68 59 54 87 91 23 36
70 22 60 42 40 46 20 61 75 14 42 72 5 33 2 87 68 46 79 3
7 90 9 98 42 50 69 11 93 47 31 14 12 43 69 43 62 23 96 58
62 13 87 48 72 36 0 94 82 9 5 71 52 39 85 31 96 64 60 18
8 65 62 97 91 24 54 91 16 4 70 80 32 4 19 86 11 83 86 46
78 64 18 68 78 79 77 10 84 95 98 10 23 41 93 92 3 29 78 0
48 35 10 34 80 74 85 17 15 9 6 83 39 54 36 81 6 72 95 48
62 80 60 65 78 98 89 26 67 31 63 77 4 41 21 92 74 63 43 15
21 77 94 63 70 27 38 87 56 59 87 26 61 12 34 1 60 92 1 38
26 4 95 20 29 29 44 94 57 67 60 95 17 83 66 63 1 37 65 56
45 60 38 94 85 40 18 80 7 7 64 89 45 30 19 21 65 84 55 47
45 35 17 15 39 51 29 75 85 39 16 50 91 76 65 67 12 66 24 6
4 57 1 55 16 91 42 62 53 71 66 26 27 73 4 75 72 34 70 9
99 98 55 23 9 85 25 28 92 46 71 25 84 85 19 30 51 78 30 19
33 34 26 73 65 39 22 16 48 16 67 92 41 78 3 22 13 49 10 27
51 92 91 26 30 64 13 23 85 86 12 60 42 99 19 95 97 48 83 24
49 10 82 68 36 53 44 85 14 6 45 82 86 72 27 39 71 99 63 63
80 12 76 44 17 69 66 69 30 69 11 25 4 59 62 99 30 98 23 44
24 76 95 77 67 6 32 36 87 20 35 95 19 61 74 23 92 28 21 38
49 25 38 88 91 34 41 63 94 94 45 20 51 56 58 63 41 69 71 32
5 91 80 81 8 41 16 41 1 40 79 12 10 94 11 22 37 40 40 57
19 26 77 29 3 26 69 60 24 93 20 84 1 4 37 1 78 65 74 34
75 47 65 68 43 9 86 82 17 6 63 93 25 86 47 80 85 43 0 53
10 62 65 92 99 80 28 51 83 50 80 32 44 74 46 53 50 58 28 63
54 95 3 1 51 67 42 70 2 45 57 97 62 17 3 96 72 71 64 45
99 18 30 54 37 21 19 76 9 83 17 2 21 99 37 29 60 70 13 92
56 49 84 10 19 51 43 80 41 58 41 14 27 97 77 13 81 72 22 18
70 81 40 79 37 37 30 42 41 99 68 30 49 53 59 82 93 15 3 70
74 51 39 6 91 19 37 14 2 89 25 24 57 3 98 15 71 61 29 21
4 63 80 60 81 33 96 67 69 12 14 34 91 92 26 87 39 19 87 56
22 13 37 8 66 55 1 75 40 51 71 65 82 75 81 50 48 47 47 86
6 1 17 82 58 50 57 39 41 38 64 26 64 65 2 51 68 99 71 65
11 17 77 90 35 54 63 61 49 29 98 30 37 95 65 66 89 24 69 62
92 23 68 6 49 47 98 99 7 51 40 33 96 99 55 31 42 23 81 46
77 96 71 53 67 62 19 81 47 46 88 73 10 24 57 71 97 39 41 70
0 80 51 69 59 66 97 36 9 10 49 48 26 44 26 81 75 25 55 63
46 73 26 5 35 96 51 86 24 2 84 43 39 12 60 7 11 16 83 74
63 48 43 6 88 47 56 3 14 62 56 91 43 95 80 11 33 99 33 9
46 75 12 70 87 26 31 21 10 80 78 30 55 73 1 48 53 61 92 79
9 3 19 87 49 30 32 59 92 97 45 92 79 79 50 65 83 57 40 29
65 15 33 6 60 27 20 96 9 20 0 32 60 37 50 12 20 27 52 34
22 60 89 75 35 12 57 14 36 94 76 90 32 9 85 21 77 57 58 64
45 39 83 55 40 4 67 74 62 64 95 39 59 61 29 94 24 55 28 67
32 81 35 5 15 80 57 12 28 14 36 58 45 11 78 7 95 0 98 19
28 47 2 94 62 78 92 77 58 65 94 42 29 15 27 18 68 76 58 32
56 54 33 74 93 10 60 16 45 77 84 37 21 16 99 37 12 96 62 41
44 82 22 24 58 52 72 15 92 74 82 53 32 37 92 4 71 89 38 76
83 40 75 60 92 36 99 22 14 2 88 98 89 24 16 66 25 97 1 24
37 81 11 61 46 29 14 30 62 82 59 46 75 49 31 63 40 4 1 21

62 35 12 56 15 27 34 63 60 18 25 88 26 7 76 77 88 24 34 8
42 23 34 96 30 53 1 73 53 46 14 86 2 20 85 85 5 81 98 85
57 80 4 29 95 51 77 81 26 33 78 34 15 63 67 6 8 87 78 56
33 27 31 51 5 96 61 68 30 57 82 94 94 65 2 81 65 35 89 53
52 27 19 77 0 43 75 54 16 79 88 67 54 65 5 22 93 1 61 56
10 62 70 85 9 33 67 40 66 5 67 0 7 23 16 15 23 88 68 97
85 46 89 4 22 5 89 46 75 89 29 5 25 93 47 31 76 11 17 58
36 51 11 60 19 60 51 31 69 19 54 75 82 73 14 20 60 32 86 99
47 30 35 76 18 41 96 86 6 92 45 41 27 6 75 99 0 93 29 14
86 45 39 6 9 13 66 24 97 73 44 90 89 12 70 33 89 89 97 83
44 37 19 47 99 43 55 15 48 92 79 55 82 72 28 87 6 86 24 78
75 0 62 54 68 41 50 48 4 9 29 33 73 75 78 93 25 78 1 34
48 46 52 52 24 94 26 96 48 78 40 99 48 25 88 57 36 39 14 94
85 70 70 31 9 1 35 47 89 72 8 12 71 63 25 7 44 99 33 91
46 44 39 58 79 2 15 96 32 45 24 50 19 30 97 48 7 77 78 35
84 23 21 35 74 64 97 27 31 68 51 8 46 5 20 84 42 29 89 97
80 16 66 2 51 41 84 35 57 35 67 34 15 75 32 17 99 90 89 23
38 72 78 64 30 48 54 56 24 43 2 14 91 27 49 37 88 45 4 25
85 69 36 79 0 13 84 5 74 98 48 11 76 75 11 56 19 31 87 11
21 27 93 32 61 68 5 49 99 78 28 28 51 46 91 57 64 64 65 74
13 64 44 12 20 35 47 59 65 75 38 39 40 4 52 67 73 48 91 36
13 68 26 35 54 96 14 13 46 98 14 26 17 80 68 51 4 1 79 28
60 71 0 87 0 39 16 62 95 92 86 1 19 34 68 17 26 18 59 43
94 27 19 98 73 53 37 59 24 12 99 1 31 75 38 53 31 41 72 92
81 43 92 51 69 90 18 24 38 77 53 99 70 4 13 53 52 12 91 70
35 3 0 90 39 13 91 93 72 58 54 60 70 60 38 99 74 38 44 85
95 6 97 90 42 25 81 84 12 99 93 24 55 98 69 92 83 75 73 16
74 83 44 1 90 22 71 61 6 75 7 12 38 6 66 77 94 29 54 15
97 75 29 65 62 16 96 81 97 21 68 86 1 51 74 76 52 22 65 58
1 91 72 92 44 44 7 76 17 96 14 98 38 17 10 42 95 65 66 10
51 75 38 22 25 38 24 79 54 71 18 18 51 65 97 95 26 55 42 58
16 48 88 17 51 21 68 7 55 48 64 15 52 33 15 97 30 63 21 32
80 99 49 70 13 71 42 69 34 39 65 49 4 51 55 83 36 0 60 21
2 59 74 7 42 52 4 40 12 86 42 88 0 51 1 51 4 74 65 44
53 67 44 30 8 11 40 39 82 82 67 45 58 84 77 81 98 62 87 33
75 11 12 28 69 91 42 0 0 31 21 26 3 73 22 36 64 77 17 57
63 14 93 47 7 2 52 9 34 57 17 15 38 82 5 64 29 97 62 64
40 93 64 3 41 62 13 56 19 42 9 37 38 60 64 99 92 82 80 44
1 98 19 76 28 88 42 37 9 69 75 90 24 99 48 44 61 4 5 36
31 37 87 11 53 1 31 79 17 89 36 18 84 15 95 64 83 58 94 18
20 19 19 35 11 85 23 95 92 36 61 74 70 40 71 40 40 35 69 68
50 77 95 43 6 4 18 82 53 63 79 7 64 81 53 55 23 77 39 83
97 63 16 25 15 68 28 14 15 78 74 53 15 93 33 11 23 28 35 84
0 19 65 36 25 3 62 17 42 93 44 14 77 58 78 97 59 80 75 53
82 62 67 24 1 76 20 92 29 19 66 82 94 80 67 64 74 52 54 87
11 42 85 75 70 59 31 53 2 80 76 8 31 36 94 77 57 59 28 39
54 73 6 41 18 45 50 80 70 10 60 39 34 29 6 31 47 72 28 12
58 12 46 57 37 68 21 13 91 64 26 82 64 55 22 83 66 56 25 5
55 78 34 50 76 48 50 28 18 73 1 46 52 62 45 9 62 42 39 36
75 9 81 31 60 99 55 81 41 94 54 87 58 74 54 4 62 86 61 92

373 94 392 463 142 139 886 436 801 697 154 337 839 444 290 524 666 306 266 467

2551 6785 3802 2031 5283 4008 1697 1844 936 3692 2636 1986 4476 1923 3126 2626 555 1660 3161 443

11 14 20 18 25 26 26 26 10 13 22 16 28 17 13 21 15 25 21 23 23 16 25 20 16 16 17 23 25 22 25 18 18 21 11 12 25 29 17 11 18 24 21 25 16 27 20 16 13 15

144 31 107 95 55 45 130 142 112 103 33 50 114 76 42 121 99 41 62 76
