50
20

71 90 74 53 46 32 45 73 92 99 26 65 1 5 10 52 47 77 49 69
70 68 32 1 77 36 84 73 18 51 72 63 37 68 59 54 87 91 23 36
70 22 60 42 40 46 20 61 75 14 42 72 5 33 2 87 68 46 79 3
7 90 9 98 42 50 69 11 93 47 31 14 12 43 69 43 62 23 96 58
62 13 87 48 72 36 0 94 82 9 5 71 52 39 85 31 96 64 60 18
8 65 62 97 91 24 54 91 16 4 70 80 32 4 19 86 11 83 86 46
78 64 18 68 78 79 77 10 84 95 98 10 23 41 93 92 3 29 78 0
48 35 10 34 80 74 85 17 15 9 6 83 39 54 36 81 6 72 95 48
62 80 60 65 78 98 89 26 67 31 63 77 4 41 21 92 74 63 43 15
21 77 94 63 70 27 38 87 56 59 87 26 61 12 34 1 60 92 1 38
26 4 95 20 29 29 44 94 57 67 60 95 17 83 66 63 1 37 65 56
45 60 38 94 85 40 18 80 7 7 64 89 45 30 19 21 65 84 55 47
45 35 17 15 39 51 29 75 85 39 16 50 91 76 65 67 12 66 24 6
4 57 1 55 16 91 42 62 53 71 66 26 27 73 4 75 72 34 70 9
99 98 55 23 9 85 25 28 92 46 71 25 84 85 19 30 51 78 30 19
33 34 26 73 65 39 22 16 48 16 67 92 41 78 3 22 13 49 10 27
51 92 91 26 30 64 13 23 85 86 12 60 42 99 19 95 97 48 83 24
49 10 82 68 36 53 44 85 14 6 45 82 86 72 27 39 71 99 63 63
80 12 76 44 17 69 66 69 30 69 11 25 4 59 62 99 30 98 23 44
24 76 95 77 67 6 32 36 87 20 35 95 19 61 74 23 92 28 21 38
49 25 38 88 91 34 41 63 94 94 45 20 51 56 58 63 41 69 71 32
5 91 80 81 8 41 16 41 1 40 79 12 10 94 11 22 37 40 40 57
19 26 77 29 3 26 69 60 24 93 20 84 1 4 37 1 78 65 74 34
75 47 65 68 43 9 86 82 17 6 63 93 25 86 47 80 85 43 0 53
10 62 65 92 99 80 28 51 83 50 80 32 44 74 46 53 50 58 28 63
54 95 3 1 51 67 42 70 2 45 57 97 62 17 3 96 72 71 64 45
99 18 30 54 37 21 19 76 9 83 17 2 21 99 37 29 60 70 13 92
56 49 84 10 19 51 43 80 41 58 41 14 27 97 77 13 81 72 22 18
70 81 40 79 37 37 30 42 41 99 68 30 49 53 59 82 93 15 3 70
74 51 39 6 91 19 37 14 2 89 25 24 57 3 98 15 71 61 29 21
4 63 80 60 81 33 96 67 69 12 14 34 91 92 26 87 39 19 87 56
22 13 37 8 66 55 1 75 40 51 71 65 82 75 81 50 48 47 47 86
6 1 17 82 58 50 57 39 41 38 64 26 64 65 2 51 68 99 71 65
11 17 77 90 35 54 63 61 49 29 98 30 37 95 65 66 89 24 69 62
92 23 68 6 49 47 98 99 7 51 40 33 96 99 55 31 42 23 81 46
77 96 71 53 67 62 19 81 47 46 88 73 10 24 57 71 97 39 41 70
0 80 51 69 59 66 97 36 9 10 49 48 26 44 26 81 75 25 55 63
46 73 26 5 35 96 51 86 24 2 84 43 39 12 60 7 11 16 83 74
63 48 43 6 88 47 56 3 14 62 56 91 43 95 80 11 33 99 33 9
46 75 12 70 87 26 31 21 10 80 78 30 55 73 1 48 53 61 92 79
9 3 19 87 49 30 32 59 92 97 45 92 79 79 50 65 83 57 40 29
65 15 33 6 60 27 20 96 9 20 0 32 60 37 50 12 20 27 52 34
22 60 89 75 35 12 57 14 36 94 76 90 32 9 85 21 77 57 58 64
45 39 83 55 40 4 67 74 62 64 95 39 59 61 29 94 24 55 28 67
32 81 35 5 15 80 57 12 28 14 36 58 45 11 78 7 95 0 98 19
28 47 2 94 62 78 92 77 58 65 94 42 29 15 27 18 68 76 58 32
56 54 33 74 93 10 60 16 45 77 84 37 21 16 99 37 12 96 62 41
44 82 22 24 58 52 72 15 92 74 82 53 32 37 92 4 71 89 38 76
83 40 75 60 92 36 99 22 14 2 88 98 89 24 16 66 25 97 1 24
37 81 11 61 46 29 14 30 62 82 59 46 75 49 31 63 40 4 1 21

29 77 24 34 41 45 51 39 82 75 57 9 36 69 17 21 51 50 60 79
45 12 34 21 38 42 91 25 33 76 27 97 58 70 46 80 35 8 33 28
47 65 77 4 21 7 45 35 35 94 27 99 32 16 85 45 90 77 84 70
81 15 89 97 26 4 51 32 22 5 18 94 89 35 42 53 92 85 79 99
1 5 85 52 18 26 72 72 80 12 59 31 97 32 53 56 25 12 34 57
38 5 16 99 74 93 41 81 76 93 92 27 25 52 57 10 61 38 70 58
32 65 8 15 7 18 33 57 63 49 91 85 10 80 19 41 32 17 16 27
43 69 90 21 98 27 66 8 10 46 35 92 36 28 75 39 75 9 74 68
64 96 26 5 60 98 96 53 61 64 67 40 4 0 8 65 30 48 45 41
4 43 2 2 48 68 62 33 9 92 49 43 73 54 47 69 98 25 98 4
28 59 44 79 14 21 8 33 46 54 26 66 78 20 87 49 93 23 22 38
59 0 63 21 49 51 65 87 29 27 55 0 65 5 55 16 68 15 84 83
91 7 50 0 56 66 85 32 63 6 65 5 18 17 48 30 68 36 97 34
49 68 77 81 73 75 62 31 5 15 60 57 25 95 61 21 56 70 69 85
16 3 56 96 18 73 69 81 26 82 65 42 48 9 52 26 19 18 81 19
4 1 89 87 25 27 8 69 88 16 94 79 79 74 12 84 38 49 17 72
33 86 94 7 5 11 51 48 37 54 83 82 90 2 53 88 87 36 44 43
54 91 93 18 44 52 8 53 95 73 16 87 19 68 17 83 93 32 20 95
29 78 95 34 25 96 64 63 23 80 28 4 48 77 81 47 72 44 71 99
51 21 17 96 29 72 68 88 79 32 90 53 65 60 96 2 18 7 66 98
63 39 22 74 56 57 50 42 89 28 85 26 9 17 2 54 26 65 88 98
19 64 67 42 79 39 22 22 17 11 29 68 53 16 95 37 56 9 73 18
92 59 86 53 13 37 83 4 90 37 22 53 63 84 40 19 76 31 63 41
14 29 54 32 57 39 18 36 19 13 3 24 41 63 68 7 52 1 1 72
19 1 19 50 53 44 77 78 25 25 63 17 43 34 74 36 56 58 68 76
9 45 73 46 66 41 77 26 55 79 28 73 28 96 33 52 21 96 23 48
65 83 22 20 78 44 48 12 48 47 27 22 79 82 93 6 62 65 14 61
93 91 63 6 48 82 24 78 96 88 6 92 0 39 93 29 38 28 67 76
48 4 82 2 78 96 56 63 95 84 37 71 81 3 37 56 28 42 56 11
94 70 32 11 3 3 85 37 84 1 52 33 90 49 23 2 44 60 33 8
93 17 55 29 75 32 10 94 34 86 96 94 27 87 88 43 11 57 61 44
17 29 51 71 22 26 46 72 10 44 76 72 54 58 35 17 73 41 72 79
50 43 19 31 97 85 40 60 33 56 40 65 81 25 46 66 12 5 53 20
98 19 13 21 45 76 97 29 17 43 42 53 75 69 1 86 99 6 33 69
41 30 95 22 64 51 44 79 44 75 46 18 26 50 58 56 96 10 16 69
88 98 69 45 29 41 25 87 19 93 91 17 76 81 51 51 95 16 85 58
19 52 38 96 0 6 98 14 8 75 21 51 11 17 31 71 46 60 78 19
38 85 21 82 46 85 92 97 44 80 37 34 56 73 42 47 22 48 4 69
46 58 98 4 54 56 39 32 77 51 52 30 27 23 7 81 27 91 55 18
24 50 99 29 90 0 76 24 84 42 26 29 45 22 85 62 26 22 28 14
92 63 44 30 49 41 12 67 60 23 30 87 23 76 88 93 33 80 9 80
8 25 37 20 71 42 74 46 23 29 70 1 51 92 10 88 10 17 40 70
33 82 76 95 0 96 8 48 63 22 7 37 21 27 82 89 85 67 43 98
74 87 82 57 36 8 70 58 82 28 22 54 92 52 95 13 1 33 11 93
0 96 23 46 4 60 69 7 65 96 67 34 36 82 70 10 16 31 66 7
32 24 96 97 33 56 29 41 9 88 13 91 48 55 93 3 19 78 65 28
12 83 4 36 86 12 89 93 29 1 12 89 92 33 43 96 68 11 88 91
47 10 61 90 31 80 61 66 20 39 20 39 95 57 68 93 45 28 26 21
31 84 29 16 86 86 27 80 76 8 38 85 81 97 33 26 85 73 73 54
52 94 60 67 53 19 24 11 74 26 99 97 93 70 41 63 30 10 91 20

373 94 392 463 142 139 886 436 801 697 154 337 839 444 290 524 666 306 266 467

3832 3761 814 2365 2018 2581 1671 4712 3202 4401 758 4325 3469 1603 1341 3810 2328 3996 2205 4534

11 14 20 18 25 26 26 26 10 13 22 16 28 17 13 21 15 25 21 23 23 16 25 20 16 16 17 23 25 22 25 18 18 21 11 12 25 29 17 11 18 24 21 25 16 27 20 16 13 15

144 31 107 95 55 45 130 142 112 103 33 50 114 76 42 121 99 41 62 76
