50
20

71 90 74 53 46 32 45 73 92 99 26 65 1 5 10 52 47 77 49 69
70 68 32 1 77 36 84 73 18 51 72 63 37 68 59 54 87 91 23 36
70 22 60 42 40 46 20 61 75 14 42 72 5 33 2 87 68 46 79 3
7 90 9 98 42 50 69 11 93 47 31 14 12 43 69 43 62 23 96 58
62 13 87 48 72 36 0 94 82 9 5 71 52 39 85 31 96 64 60 18
8 65 62 97 91 24 54 91 16 4 70 80 32 4 19 86 11 83 86 46
78 64 18 68 78 79 77 10 84 95 98 10 23 41 93 92 3 29 78 0
48 35 10 34 80 74 85 17 15 9 6 83 39 54 36 81 6 72 95 48
62 80 60 65 78 98 89 26 67 31 63 77 4 41 21 92 74 63 43 15
21 77 94 63 70 27 38 87 56 59 87 26 61 12 34 1 60 92 1 38
26 4 95 20 29 29 44 94 57 67 60 95 17 83 66 63 1 37 65 56
45 60 38 94 85 40 18 80 7 7 64 89 45 30 19 21 65 84 55 47
45 35 17 15 39 51 29 75 85 39 16 50 91 76 65 67 12 66 24 6
4 57 1 55 16 91 42 62 53 71 66 26 27 73 4 75 72 34 70 9
99 98 55 23 9 85 25 28 92 46 71 25 84 85 19 30 51 78 30 19
33 34 26 73 65 39 22 16 48 16 67 92 41 78 3 22 13 49 10 27
51 92 91 26 30 64 13 23 85 86 12 60 42 99 19 95 97 48 83 24
49 10 82 68 36 53 44 85 14 6 45 82 86 72 27 39 71 99 63 63
80 12 76 44 17 69 66 69 30 69 11 25 4 59 62 99 30 98 23 44
24 76 95 77 67 6 32 36 87 20 35 95 19 61 74 23 92 28 21 38
49 25 38 88 91 34 41 63 94 94 45 20 51 56 58 63 41 69 71 32
5 91 80 81 8 41 16 41 1 40 79 12 10 94 11 22 37 40 40 57
19 26 77 29 3 26 69 60 24 93 20 84 1 4 37 1 78 65 74 34
75 47 65 68 43 9 86 82 17 6 63 93 25 86 47 80 85 43 0 53
10 62 65 92 99 80 28 51 83 50 80 32 44 74 46 53 50 58 28 63
54 95 3 1 51 67 42 70 2 45 57 97 62 17 3 96 72 71 64 45
99 18 30 54 37 21 19 76 9 83 17 2 21 99 37 29 60 70 13 92
56 49 84 10 19 51 43 80 41 58 41 14 27 97 77 13 81 72 22 18
70 81 40 79 37 37 30 42 41 99 68 30 49 53 59 82 93 15 3 70
74 51 39 6 91 19 37 14 2 89 25 24 57 3 98 15 71 61 29 21
4 63 80 60 81 33 96 67 69 12 14 34 91 92 26 87 39 19 87 56
22 13 37 8 66 55 1 75 40 51 71 65 82 75 81 50 48 47 47 86
6 1 17 82 58 50 57 39 41 38 64 26 64 65 2 51 68 99 71 65
11 17 77 90 35 54 63 61 49 29 98 30 37 95 65 66 89 24 69 62
92 23 68 6 49 47 98 99 7 51 40 33 96 99 55 31 42 23 81 46
77 96 71 53 67 62 19 81 47 46 88 73 10 24 57 71 97 39 41 70
0 80 51 69 59 66 97 36 9 10 49 48 26 44 26 81 75 25 55 63
46 73 26 5 35 96 51 86 24 2 84 43 39 12 60 7 11 16 83 74
63 48 43 6 88 47 56 3 14 62 56 91 43 95 80 11 33 99 33 9
46 75 12 70 87 26 31 21 10 80 78 30 55 73 1 48 53 61 92 79
9 3 19 87 49 30 32 59 92 97 45 92 79 79 50 65 83 57 40 29
65 15 33 6 60 27 20 96 9 20 0 32 60 37 50 12 20 27 52 34
22 60 89 75 35 12 57 14 36 94 76 90 32 9 85 21 77 57 58 64
45 39 83 55 40 4 67 74 62 64 95 39 59 61 29 94 24 55 28 67
32 81 35 5 15 80 57 12 28 14 36 58 45 11 78 7 95 0 98 19
28 47 2 94 62 78 92 77 58 65 94 42 29 15 27 18 68 76 58 32
56 54 33 74 93 10 60 16 45 77 84 37 21 16 99 37 12 96 62 41
44 82 22 24 58 52 72 15 92 74 82 53 32 37 92 4 71 89 38 76
83 40 75 60 92 36 99 22 14 2 88 98 89 24 16 66 25 97 1 24
37 81 11 61 46 29 14 30 62 82 59 46 75 49 31 63 40 4 1 21

60 23 78 50 9 5 3 34 58 98 24 57 10 6 63 34 42 64 33 63
83 58 99 30 47 76 71 20 60 30 79 14 0 76 8 38 46 31 0 97
92 59 58 3 78 73 91 95 61 81 97 90 93 70 81 21 5 7 36 68
18 91 42 56 2 8 74 1 85 49 96 23 59 2 15 43 56 38 92 53
73 33 54 20 73 13 51 46 9 0 35 18 20 12 82 17 10 27 69 52
14 25 67 52 6 73 34 38 2 1 9 42 60 96 31 54 90 8 55 18
20 49 17 95 79 24 88 81 97 27 4 27 28 88 80 23 57 58 25 25
31 76 26 41 37 32 72 14 16 39 32 49 77 79 2 98 61 70 88 77
65 89 8 87 26 26 95 71 15 77 65 14 11 85 69 82 47 89 40 47
27 51 13 51 98 53 73 97 86 4 57 85 49 77 24 15 11 91 63 31
64 85 95 88 66 62 7 42 60 0 11 24 4 49 20 31 82 72 81 37
31 89 8 31 9 45 16 17 92 93 29 37 69 76 27 2 75 53 51 47
81 87 84 38 33 0 70 98 8 69 46 37 27 2 99 92 38 30 62 25
81 3 29 19 72 76 37 88 69 13 54 73 40 53 69 6 3 32 68 57
34 17 54 87 57 29 29 92 58 55 60 91 97 56 92 9 95 51 71 47
37 9 12 42 99 92 98 68 11 32 15 12 97 21 57 53 63 67 39 3
20 30 23 93 61 44 37 34 43 99 40 58 20 19 61 28 50 80 18 88
54 50 3 67 15 25 78 74 39 24 13 46 5 50 82 31 1 23 79 22
96 56 24 69 16 32 82 50 13 82 93 53 38 96 15 22 85 8 2 60
34 21 76 92 25 98 85 30 47 8 21 97 17 95 68 5 77 47 95 77
39 47 6 75 72 42 28 77 84 83 85 99 52 86 97 57 18 41 98 36
37 75 62 84 48 24 87 64 7 75 66 26 8 9 55 87 69 19 9 30
68 3 49 47 51 61 85 9 56 32 3 21 12 64 90 6 10 85 59 14
70 38 0 62 31 91 57 47 48 21 20 78 73 53 83 38 46 98 93 62
39 11 0 79 17 71 87 81 3 58 35 1 79 68 46 0 46 0 44 36
33 1 13 15 15 56 44 78 3 60 15 79 96 2 6 28 3 56 27 31
9 59 27 41 6 9 95 3 24 30 68 58 49 75 32 34 90 71 55 45
47 21 88 73 85 17 55 9 24 40 76 72 88 39 19 25 75 15 78 81
64 58 96 42 31 19 16 29 73 92 6 91 53 66 91 3 97 53 98 87
42 5 92 20 80 86 60 18 67 51 71 93 93 51 12 39 15 68 93 88
20 49 56 44 54 90 45 78 50 93 4 49 19 92 25 90 4 23 67 58
15 94 91 48 72 59 20 23 44 21 84 0 63 9 31 1 37 1 12 54
91 7 58 8 25 4 18 95 61 9 22 55 10 30 98 1 86 20 38 92
63 37 3 53 19 73 21 37 44 16 99 38 99 49 64 97 35 6 6 46
29 40 78 94 93 58 93 57 56 57 2 70 23 35 56 32 80 81 87 97
70 63 53 83 82 60 42 77 27 24 15 52 68 46 52 33 65 87 19 70
27 77 67 0 82 96 41 21 21 6 56 1 66 82 64 92 77 67 28 27
83 41 64 22 15 95 29 3 78 38 63 41 78 77 4 50 99 61 49 2
94 58 21 42 38 24 64 15 51 83 77 55 92 7 65 63 89 90 63 10
40 40 53 19 15 37 99 14 39 32 60 57 34 83 43 87 46 50 26 52
1 6 61 87 47 29 22 80 88 69 72 32 13 36 58 4 74 23 59 7
73 74 51 64 52 63 51 76 5 32 68 50 52 22 68 77 45 75 29 75
89 8 43 19 15 78 91 42 22 88 6 67 76 10 88 2 41 16 40 22
84 54 47 5 62 0 5 0 87 75 75 52 50 17 31 98 18 31 8 29
55 71 79 56 25 26 29 46 73 96 73 12 8 10 65 62 15 97 94 56
81 21 40 10 7 43 57 68 49 69 3 8 99 97 36 61 7 67 26 71
0 92 79 7 56 5 65 14 28 56 77 65 38 63 96 48 77 69 8 99
88 78 18 71 8 75 49 90 8 41 22 50 54 31 56 40 61 55 30 2
46 5 10 75 73 15 7 64 57 14 42 39 71 53 33 59 68 2 11 76
24 17 53 54 45 73 67 18 11 87 90 16 43 59 69 55 8 49 30 53

373 94 392 463 142 139 886 436 801 697 154 337 839 444 290 524 666 306 266 467

750 2111 1260 524 1963 3456 2771 1780 1356 2787 639 1423 2193 2739 2108 2109 822 4500 1849 2882

11 14 20 18 25 26 26 26 10 13 22 16 28 17 13 21 15 25 21 23 23 16 25 20 16 16 17 23 25 22 25 18 18 21 11 12 25 29 17 11 18 24 21 25 16 27 20 16 13 15

144 31 107 95 55 45 130 142 112 103 33 50 114 76 42 121 99 41 62 76
