50
20

62 35 12 56 15 27 34 63 60 18 25 88 26 7 76 77 88 24 34 8
42 23 34 96 30 53 1 73 53 46 14 86 2 20 85 85 5 81 98 85
57 80 4 29 95 51 77 81 26 33 78 34 15 63 67 6 8 87 78 56
33 27 31 51 5 96 61 68 30 57 82 94 94 65 2 81 65 35 89 53
52 27 19 77 0 43 75 54 16 79 88 67 54 65 5 22 93 1 61 56
10 62 70 85 9 33 67 40 66 5 67 0 7 23 16 15 23 88 68 97
85 46 89 4 22 5 89 46 75 89 29 5 25 93 47 31 76 11 17 58
36 51 11 60 19 60 51 31 69 19 54 75 82 73 14 20 60 32 86 99
47 30 35 76 18 41 96 86 6 92 45 41 27 6 75 99 0 93 29 14
86 45 39 6 9 13 66 24 97 73 44 90 89 12 70 33 89 89 97 83
44 37 19 47 99 43 55 15 48 92 79 55 82 72 28 87 6 86 24 78
75 0 62 54 68 41 50 48 4 9 29 33 73 75 78 93 25 78 1 34
48 46 52 52 24 94 26 96 48 78 40 99 48 25 88 57 36 39 14 94
85 70 70 31 9 1 35 47 89 72 8 12 71 63 25 7 44 99 33 91
46 44 39 58 79 2 15 96 32 45 24 50 19 30 97 48 7 77 78 35
84 23 21 35 74 64 97 27 31 68 51 8 46 5 20 84 42 29 89 97
80 16 66 2 51 41 84 35 57 35 67 34 15 75 32 17 99 90 89 23
38 72 78 64 30 48 54 56 24 43 2 14 91 27 49 37 88 45 4 25
85 69 36 79 0 13 84 5 74 98 48 11 76 75 11 56 19 31 87 11
21 27 93 32 61 68 5 49 99 78 28 28 51 46 91 57 64 64 65 74
13 64 44 12 20 35 47 59 65 75 38 39 40 4 52 67 73 48 91 36
13 68 26 35 54 96 14 13 46 98 14 26 17 80 68 51 4 1 79 28
60 71 0 87 0 39 16 62 95 92 86 1 19 34 68 17 26 18 59 43
94 27 19 98 73 53 37 59 24 12 99 1 31 75 38 53 31 41 72 92
81 43 92 51 69 90 18 24 38 77 53 99 70 4 13 53 52 12 91 70
35 3 0 90 39 13 91 93 72 58 54 60 70 60 38 99 74 38 44 85
95 6 97 90 42 25 81 84 12 99 93 24 55 98 69 92 83 75 73 16
74 83 44 1 90 22 71 61 6 75 7 12 38 6 66 77 94 29 54 15
97 75 29 65 62 16 96 81 97 21 68 86 1 51 74 76 52 22 65 58
1 91 72 92 44 44 7 76 17 96 14 98 38 17 10 42 95 65 66 10
51 75 38 22 25 38 24 79 54 71 18 18 51 65 97 95 26 55 42 58
16 48 88 17 51 21 68 7 55 48 64 15 52 33 15 97 30 63 21 32
80 99 49 70 13 71 42 69 34 39 65 49 4 51 55 83 36 0 60 21
2 59 74 7 42 52 4 40 12 86 42 88 0 51 1 51 4 74 65 44
53 67 44 30 8 11 40 39 82 82 67 45 58 84 77 81 98 62 87 33
75 11 12 28 69 91 42 0 0 31 21 26 3 73 22 36 64 77 17 57
63 14 93 47 7 2 52 9 34 57 17 15 38 82 5 64 29 97 62 64
40 93 64 3 41 62 13 56 19 42 9 37 38 60 64 99 92 82 80 44
1 98 19 76 28 88 42 37 9 69 75 90 24 99 48 44 61 4 5 36
31 37 87 11 53 1 31 79 17 89 36 18 84 15 95 64 83 58 94 18
20 19 19 35 11 85 23 95 92 36 61 74 70 40 71 40 40 35 69 68
50 77 95 43 6 4 18 82 53 63 79 7 64 81 53 55 23 77 39 83
97 63 16 25 15 68 28 14 15 78 74 53 15 93 33 11 23 28 35 84
0 19 65 36 25 3 62 17 42 93 44 14 77 58 78 97 59 80 75 53
82 62 67 24 1 76 20 92 29 19 66 82 94 80 67 64 74 52 54 87
11 42 85 75 70 59 31 53 2 80 76 8 31 36 94 77 57 59 28 39
54 73 6 41 18 45 50 80 70 10 60 39 34 29 6 31 47 72 28 12
58 12 46 57 37 68 21 13 91 64 26 82 64 55 22 83 66 56 25 5
55 78 34 50 76 48 50 28 18 73 1 46 52 62 45 9 62 42 39 36
75 9 81 31 60 99 55 81 41 94 54 87 58 74 54 4 62 86 61 92

25 35 95 49 97 77 61 52 89 44 21 37 95 74 60 58 17 90 67 28
17 33 46 9 12 25 97 81 99 87 60 48 67 29 31 41 22 3 99 38
26 69 72 93 38 16 73 64 11 53 44 64 59 50 76 81 26 85 54 57
11 49 87 96 20 3 68 47 67 85 76 6 28 20 12 3 38 73 43 75
71 55 86 62 42 69 63 49 35 55 0 51 34 70 58 25 11 16 24 41
9 2 84 55 8 95 68 58 75 7 39 2 32 16 65 26 89 19 88 28
34 68 88 61 68 35 6 41 33 2 72 7 67 82 45 69 95 14 69 17
21 77 9 95 95 31 6 71 64 76 64 22 36 81 77 50 9 26 46 86
45 66 41 40 2 2 11 17 34 20 52 94 43 39 83 40 29 68 90 22
74 67 32 17 69 75 29 38 41 27 71 38 75 89 14 46 16 86 65 56
88 80 56 67 97 51 67 57 70 69 51 15 70 67 65 87 80 53 13 9
45 16 53 12 19 25 28 42 56 9 19 26 38 85 28 76 33 65 51 3
21 48 81 98 41 96 64 92 33 42 0 7 89 72 45 57 37 99 75 54
7 91 12 55 81 49 16 18 92 36 0 71 54 95 22 28 21 27 60 78
10 92 68 37 38 73 79 58 59 12 2 24 1 4 16 58 31 8 74 54
9 13 63 89 5 71 76 77 87 80 14 75 7 79 98 64 46 93 68 38
81 38 11 99 9 66 33 33 20 24 63 6 10 47 65 24 79 12 95 22
56 21 16 2 41 98 76 14 60 6 2 55 66 23 58 41 45 44 91 66
98 81 45 55 13 86 15 74 49 25 88 56 88 68 87 63 45 72 95 76
20 85 53 1 46 89 54 21 64 54 52 29 30 86 89 45 29 76 97 77
53 95 19 81 85 86 76 45 67 44 48 98 57 0 73 7 17 29 65 21
66 60 4 78 0 70 68 80 59 62 77 6 98 75 6 9 93 87 62 25
75 82 38 89 95 21 91 39 45 10 11 36 91 75 68 57 8 88 60 24
0 87 2 68 58 95 20 64 97 33 56 63 54 78 68 21 51 15 19 96
62 73 67 69 22 58 92 95 73 18 46 3 37 94 95 9 73 59 91 82
26 34 95 8 3 46 49 23 31 47 46 18 68 33 63 36 84 21 55 7
28 61 16 5 52 22 64 8 52 40 99 8 52 50 49 91 42 24 95 89
37 83 42 77 28 77 83 63 43 20 65 94 25 43 59 76 13 10 91 82
68 90 81 99 88 87 16 32 7 73 25 71 61 86 57 82 77 67 66 88
9 61 61 44 36 10 73 26 86 95 41 83 65 31 30 22 89 0 23 37
50 79 64 84 88 15 19 79 16 37 7 57 34 0 10 29 45 35 60 24
27 13 58 0 53 59 90 56 52 93 29 95 41 50 40 3 94 33 38 49
12 94 53 32 12 39 10 8 56 13 23 1 82 97 66 55 7 45 63 91
18 20 21 84 68 18 85 64 50 96 2 9 1 21 8 80 77 31 88 26
90 62 76 49 93 81 69 11 72 30 5 27 68 79 15 67 35 38 39 64
15 61 79 12 85 71 29 85 9 74 1 14 86 25 32 19 91 94 48 62
59 31 25 76 27 22 59 92 64 88 43 61 43 83 17 47 35 75 30 36
28 18 36 87 98 67 12 25 2 67 68 40 46 40 89 59 61 44 29 93
93 71 45 73 81 16 44 39 86 32 77 38 95 59 8 50 99 76 40 41
42 26 69 13 79 19 15 10 79 94 31 92 78 13 97 80 65 12 67 48
44 19 92 3 16 43 64 91 78 66 45 3 19 99 76 85 70 4 79 74
30 64 0 96 94 62 55 24 27 20 72 71 79 85 52 57 37 64 79 83
42 71 62 7 36 9 88 97 98 7 9 6 9 98 3 95 29 91 82 5
87 91 28 42 29 50 89 36 48 62 58 88 16 51 30 9 85 80 88 22
12 12 89 71 50 87 34 70 92 96 42 87 61 71 79 28 0 11 87 85
79 30 38 51 40 89 91 29 51 33 38 74 25 74 57 46 30 72 18 84
7 96 7 92 56 6 52 35 66 36 88 62 4 6 81 6 72 90 94 44
13 89 77 99 19 26 6 21 70 39 10 87 16 34 52 6 69 39 53 3
65 68 88 36 39 78 84 70 89 84 92 96 41 64 26 81 41 71 84 92
30 27 94 16 79 76 58 73 91 14 66 7 6 23 36 86 41 82 69 48

2551 6785 3802 2031 5283 4008 1697 1844 936 3692 2636 1986 4476 1923 3126 2626 555 1660 3161 443

2479 1052 3550 461 1616 683 478 1746 3353 924 834 630 949 3216 1996 1764 2553 5052 1405 818

13 28 15 14 18 10 28 11 26 10 25 23 15 12 11 12 22 11 16 16 21 16 27 18 22 14 12 17 12 19 20 13 13 26 24 15 28 26 15 19 14 18 16 10 26 10 12 10 27 28

139 305 257 202 267 301 174 86 64 276 208 145 273 87 235 239 53 76 162 36
