50
20

62 35 12 56 15 27 34 63 60 18 25 88 26 7 76 77 88 24 34 8
42 23 34 96 30 53 1 73 53 46 14 86 2 20 85 85 5 81 98 85
57 80 4 29 95 51 77 81 26 33 78 34 15 63 67 6 8 87 78 56
33 27 31 51 5 96 61 68 30 57 82 94 94 65 2 81 65 35 89 53
52 27 19 77 0 43 75 54 16 79 88 67 54 65 5 22 93 1 61 56
10 62 70 85 9 33 67 40 66 5 67 0 7 23 16 15 23 88 68 97
85 46 89 4 22 5 89 46 75 89 29 5 25 93 47 31 76 11 17 58
36 51 11 60 19 60 51 31 69 19 54 75 82 73 14 20 60 32 86 99
47 30 35 76 18 41 96 86 6 92 45 41 27 6 75 99 0 93 29 14
86 45 39 6 9 13 66 24 97 73 44 90 89 12 70 33 89 89 97 83
44 37 19 47 99 43 55 15 48 92 79 55 82 72 28 87 6 86 24 78
75 0 62 54 68 41 50 48 4 9 29 33 73 75 78 93 25 78 1 34
48 46 52 52 24 94 26 96 48 78 40 99 48 25 88 57 36 39 14 94
85 70 70 31 9 1 35 47 89 72 8 12 71 63 25 7 44 99 33 91
46 44 39 58 79 2 15 96 32 45 24 50 19 30 97 48 7 77 78 35
84 23 21 35 74 64 97 27 31 68 51 8 46 5 20 84 42 29 89 97
80 16 66 2 51 41 84 35 57 35 67 34 15 75 32 17 99 90 89 23
38 72 78 64 30 48 54 56 24 43 2 14 91 27 49 37 88 45 4 25
85 69 36 79 0 13 84 5 74 98 48 11 76 75 11 56 19 31 87 11
21 27 93 32 61 68 5 49 99 78 28 28 51 46 91 57 64 64 65 74
13 64 44 12 20 35 47 59 65 75 38 39 40 4 52 67 73 48 91 36
13 68 26 35 54 96 14 13 46 98 14 26 17 80 68 51 4 1 79 28
60 71 0 87 0 39 16 62 95 92 86 1 19 34 68 17 26 18 59 43
94 27 19 98 73 53 37 59 24 12 99 1 31 75 38 53 31 41 72 92
81 43 92 51 69 90 18 24 38 77 53 99 70 4 13 53 52 12 91 70
35 3 0 90 39 13 91 93 72 58 54 60 70 60 38 99 74 38 44 85
95 6 97 90 42 25 81 84 12 99 93 24 55 98 69 92 83 75 73 16
74 83 44 1 90 22 71 61 6 75 7 12 38 6 66 77 94 29 54 15
97 75 29 65 62 16 96 81 97 21 68 86 1 51 74 76 52 22 65 58
1 91 72 92 44 44 7 76 17 96 14 98 38 17 10 42 95 65 66 10
51 75 38 22 25 38 24 79 54 71 18 18 51 65 97 95 26 55 42 58
16 48 88 17 51 21 68 7 55 48 64 15 52 33 15 97 30 63 21 32
80 99 49 70 13 71 42 69 34 39 65 49 4 51 55 83 36 0 60 21
2 59 74 7 42 52 4 40 12 86 42 88 0 51 1 51 4 74 65 44
53 67 44 30 8 11 40 39 82 82 67 45 58 84 77 81 98 62 87 33
75 11 12 28 69 91 42 0 0 31 21 26 3 73 22 36 64 77 17 57
63 14 93 47 7 2 52 9 34 57 17 15 38 82 5 64 29 97 62 64
40 93 64 3 41 62 13 56 19 42 9 37 38 60 64 99 92 82 80 44
1 98 19 76 28 88 42 37 9 69 75 90 24 99 48 44 61 4 5 36
31 37 87 11 53 1 31 79 17 89 36 18 84 15 95 64 83 58 94 18
20 19 19 35 11 85 23 95 92 36 61 74 70 40 71 40 40 35 69 68
50 77 95 43 6 4 18 82 53 63 79 7 64 81 53 55 23 77 39 83
97 63 16 25 15 68 28 14 15 78 74 53 15 93 33 11 23 28 35 84
0 19 65 36 25 3 62 17 42 93 44 14 77 58 78 97 59 80 75 53
82 62 67 24 1 76 20 92 29 19 66 82 94 80 67 64 74 52 54 87
11 42 85 75 70 59 31 53 2 80 76 8 31 36 94 77 57 59 28 39
54 73 6 41 18 45 50 80 70 10 60 39 34 29 6 31 47 72 28 12
58 12 46 57 37 68 21 13 91 64 26 82 64 55 22 83 66 56 25 5
55 78 34 50 76 48 50 28 18 73 1 46 52 62 45 9 62 42 39 36
75 9 81 31 60 99 55 81 41 94 54 87 58 74 54 4 62 86 61 92

29 77 24 34 41 45 51 39 82 75 57 9 36 69 17 21 51 50 60 79
45 12 34 21 38 42 91 25 33 76 27 97 58 70 46 80 35 8 33 28
47 65 77 4 21 7 45 35 35 94 27 99 32 16 85 45 90 77 84 70
81 15 89 97 26 4 51 32 22 5 18 94 89 35 42 53 92 85 79 99
1 5 85 52 18 26 72 72 80 12 59 31 97 32 53 56 25 12 34 57
38 5 16 99 74 93 41 81 76 93 92 27 25 52 57 10 61 38 70 58
32 65 8 15 7 18 33 57 63 49 91 85 10 80 19 41 32 17 16 27
43 69 90 21 98 27 66 8 10 46 35 92 36 28 75 39 75 9 74 68
64 96 26 5 60 98 96 53 61 64 67 40 4 0 8 65 30 48 45 41
4 43 2 2 48 68 62 33 9 92 49 43 73 54 47 69 98 25 98 4
28 59 44 79 14 21 8 33 46 54 26 66 78 20 87 49 93 23 22 38
59 0 63 21 49 51 65 87 29 27 55 0 65 5 55 16 68 15 84 83
91 7 50 0 56 66 85 32 63 6 65 5 18 17 48 30 68 36 97 34
49 68 77 81 73 75 62 31 5 15 60 57 25 95 61 21 56 70 69 85
16 3 56 96 18 73 69 81 26 82 65 42 48 9 52 26 19 18 81 19
4 1 89 87 25 27 8 69 88 16 94 79 79 74 12 84 38 49 17 72
33 86 94 7 5 11 51 48 37 54 83 82 90 2 53 88 87 36 44 43
54 91 93 18 44 52 8 53 95 73 16 87 19 68 17 83 93 32 20 95
29 78 95 34 25 96 64 63 23 80 28 4 48 77 81 47 72 44 71 99
51 21 17 96 29 72 68 88 79 32 90 53 65 60 96 2 18 7 66 98
63 39 22 74 56 57 50 42 89 28 85 26 9 17 2 54 26 65 88 98
19 64 67 42 79 39 22 22 17 11 29 68 53 16 95 37 56 9 73 18
92 59 86 53 13 37 83 4 90 37 22 53 63 84 40 19 76 31 63 41
14 29 54 32 57 39 18 36 19 13 3 24 41 63 68 7 52 1 1 72
19 1 19 50 53 44 77 78 25 25 63 17 43 34 74 36 56 58 68 76
9 45 73 46 66 41 77 26 55 79 28 73 28 96 33 52 21 96 23 48
65 83 22 20 78 44 48 12 48 47 27 22 79 82 93 6 62 65 14 61
93 91 63 6 48 82 24 78 96 88 6 92 0 39 93 29 38 28 67 76
48 4 82 2 78 96 56 63 95 84 37 71 81 3 37 56 28 42 56 11
94 70 32 11 3 3 85 37 84 1 52 33 90 49 23 2 44 60 33 8
93 17 55 29 75 32 10 94 34 86 96 94 27 87 88 43 11 57 61 44
17 29 51 71 22 26 46 72 10 44 76 72 54 58 35 17 73 41 72 79
50 43 19 31 97 85 40 60 33 56 40 65 81 25 46 66 12 5 53 20
98 19 13 21 45 76 97 29 17 43 42 53 75 69 1 86 99 6 33 69
41 30 95 22 64 51 44 79 44 75 46 18 26 50 58 56 96 10 16 69
88 98 69 45 29 41 25 87 19 93 91 17 76 81 51 51 95 16 85 58
19 52 38 96 0 6 98 14 8 75 21 51 11 17 31 71 46 60 78 19
38 85 21 82 46 85 92 97 44 80 37 34 56 73 42 47 22 48 4 69
46 58 98 4 54 56 39 32 77 51 52 30 27 23 7 81 27 91 55 18
24 50 99 29 90 0 76 24 84 42 26 29 45 22 85 62 26 22 28 14
92 63 44 30 49 41 12 67 60 23 30 87 23 76 88 93 33 80 9 80
8 25 37 20 71 42 74 46 23 29 70 1 51 92 10 88 10 17 40 70
33 82 76 95 0 96 8 48 63 22 7 37 21 27 82 89 85 67 43 98
74 87 82 57 36 8 70 58 82 28 22 54 92 52 95 13 1 33 11 93
0 96 23 46 4 60 69 7 65 96 67 34 36 82 70 10 16 31 66 7
32 24 96 97 33 56 29 41 9 88 13 91 48 55 93 3 19 78 65 28
12 83 4 36 86 12 89 93 29 1 12 89 92 33 43 96 68 11 88 91
47 10 61 90 31 80 61 66 20 39 20 39 95 57 68 93 45 28 26 21
31 84 29 16 86 86 27 80 76 8 38 85 81 97 33 26 85 73 73 54
52 94 60 67 53 19 24 11 74 26 99 97 93 70 41 63 30 10 91 20

2551 6785 3802 2031 5283 4008 1697 1844 936 3692 2636 1986 4476 1923 3126 2626 555 1660 3161 443

3832 3761 814 2365 2018 2581 1671 4712 3202 4401 758 4325 3469 1603 1341 3810 2328 3996 2205 4534

13 28 15 14 18 10 28 11 26 10 25 23 15 12 11 12 22 11 16 16 21 16 27 18 22 14 12 17 12 19 20 13 13 26 24 15 28 26 15 19 14 18 16 10 26 10 12 10 27 28

139 305 257 202 267 301 174 86 64 276 208 145 273 87 235 239 53 76 162 36
