50
20

62 35 12 56 15 27 34 63 60 18 25 88 26 7 76 77 88 24 34 8
42 23 34 96 30 53 1 73 53 46 14 86 2 20 85 85 5 81 98 85
57 80 4 29 95 51 77 81 26 33 78 34 15 63 67 6 8 87 78 56
33 27 31 51 5 96 61 68 30 57 82 94 94 65 2 81 65 35 89 53
52 27 19 77 0 43 75 54 16 79 88 67 54 65 5 22 93 1 61 56
10 62 70 85 9 33 67 40 66 5 67 0 7 23 16 15 23 88 68 97
85 46 89 4 22 5 89 46 75 89 29 5 25 93 47 31 76 11 17 58
36 51 11 60 19 60 51 31 69 19 54 75 82 73 14 20 60 32 86 99
47 30 35 76 18 41 96 86 6 92 45 41 27 6 75 99 0 93 29 14
86 45 39 6 9 13 66 24 97 73 44 90 89 12 70 33 89 89 97 83
44 37 19 47 99 43 55 15 48 92 79 55 82 72 28 87 6 86 24 78
75 0 62 54 68 41 50 48 4 9 29 33 73 75 78 93 25 78 1 34
48 46 52 52 24 94 26 96 48 78 40 99 48 25 88 57 36 39 14 94
85 70 70 31 9 1 35 47 89 72 8 12 71 63 25 7 44 99 33 91
46 44 39 58 79 2 15 96 32 45 24 50 19 30 97 48 7 77 78 35
84 23 21 35 74 64 97 27 31 68 51 8 46 5 20 84 42 29 89 97
80 16 66 2 51 41 84 35 57 35 67 34 15 75 32 17 99 90 89 23
38 72 78 64 30 48 54 56 24 43 2 14 91 27 49 37 88 45 4 25
85 69 36 79 0 13 84 5 74 98 48 11 76 75 11 56 19 31 87 11
21 27 93 32 61 68 5 49 99 78 28 28 51 46 91 57 64 64 65 74
13 64 44 12 20 35 47 59 65 75 38 39 40 4 52 67 73 48 91 36
13 68 26 35 54 96 14 13 46 98 14 26 17 80 68 51 4 1 79 28
60 71 0 87 0 39 16 62 95 92 86 1 19 34 68 17 26 18 59 43
94 27 19 98 73 53 37 59 24 12 99 1 31 75 38 53 31 41 72 92
81 43 92 51 69 90 18 24 38 77 53 99 70 4 13 53 52 12 91 70
35 3 0 90 39 13 91 93 72 58 54 60 70 60 38 99 74 38 44 85
95 6 97 90 42 25 81 84 12 99 93 24 55 98 69 92 83 75 73 16
74 83 44 1 90 22 71 61 6 75 7 12 38 6 66 77 94 29 54 15
97 75 29 65 62 16 96 81 97 21 68 86 1 51 74 76 52 22 65 58
1 91 72 92 44 44 7 76 17 96 14 98 38 17 10 42 95 65 66 10
51 75 38 22 25 38 24 79 54 71 18 18 51 65 97 95 26 55 42 58
16 48 88 17 51 21 68 7 55 48 64 15 52 33 15 97 30 63 21 32
80 99 49 70 13 71 42 69 34 39 65 49 4 51 55 83 36 0 60 21
2 59 74 7 42 52 4 40 12 86 42 88 0 51 1 51 4 74 65 44
53 67 44 30 8 11 40 39 82 82 67 45 58 84 77 81 98 62 87 33
75 11 12 28 69 91 42 0 0 31 21 26 3 73 22 36 64 77 17 57
63 14 93 47 7 2 52 9 34 57 17 15 38 82 5 64 29 97 62 64
40 93 64 3 41 62 13 56 19 42 9 37 38 60 64 99 92 82 80 44
1 98 19 76 28 88 42 37 9 69 75 90 24 99 48 44 61 4 5 36
31 37 87 11 53 1 31 79 17 89 36 18 84 15 95 64 83 58 94 18
20 19 19 35 11 85 23 95 92 36 61 74 70 40 71 40 40 35 69 68
50 77 95 43 6 4 18 82 53 63 79 7 64 81 53 55 23 77 39 83
97 63 16 25 15 68 28 14 15 78 74 53 15 93 33 11 23 28 35 84
0 19 65 36 25 3 62 17 42 93 44 14 77 58 78 97 59 80 75 53
82 62 67 24 1 76 20 92 29 19 66 82 94 80 67 64 74 52 54 87
11 42 85 75 70 59 31 53 2 80 76 8 31 36 94 77 57 59 28 39
54 73 6 41 18 45 50 80 70 10 60 39 34 29 6 31 47 72 28 12
58 12 46 57 37 68 21 13 91 64 26 82 64 55 22 83 66 56 25 5
55 78 34 50 76 48 50 28 18 73 1 46 52 62 45 9 62 42 39 36
75 9 81 31 60 99 55 81 41 94 54 87 58 74 54 4 62 86 61 92

2 57 98 14 66 19 86 38 25 21 49 55 0 62 62 36 3 36 79 96
79 57 16 14 81 58 21 21 62 53 99 74 12 1 5 99 73 0 26 68
2 10 13 40 81 76 37 80 76 93 87 47 4 60 16 99 64 83 17 67
26 43 85 91 5 46 89 27 37 88 66 58 68 42 10 71 88 28 14 95
94 20 96 87 65 15 10 40 58 59 28 28 89 5 35 19 43 55 83 28
24 95 0 80 43 50 28 12 10 96 59 28 74 8 85 97 16 53 77 46
12 26 64 92 5 10 74 17 47 1 64 82 25 20 39 32 54 30 48 22
18 93 7 1 86 61 78 6 39 89 11 51 79 84 26 42 6 64 97 17
89 68 51 18 63 47 12 32 33 36 43 61 58 67 60 9 56 94 39 90
46 26 24 12 18 95 10 62 8 9 62 27 98 51 4 11 90 44 64 26
14 85 77 86 60 5 86 19 65 32 76 76 79 51 47 8 92 80 0 33
3 23 98 26 57 56 27 87 89 69 59 79 38 54 8 53 31 26 21 74
48 11 37 38 11 38 25 44 69 22 76 37 63 19 0 68 3 0 64 19
70 62 77 82 50 83 87 16 60 88 70 87 96 80 13 99 42 47 22 46
20 65 8 50 43 48 28 79 28 11 4 29 74 51 15 50 0 69 54 27
14 84 1 49 51 96 39 29 4 23 20 66 22 13 59 51 73 96 13 59
80 27 76 87 74 50 88 18 42 75 43 39 39 43 53 20 15 28 90 48
57 98 17 76 58 34 84 14 66 85 50 82 59 98 51 12 69 58 27 49
34 19 81 0 63 29 32 35 40 57 84 24 92 88 27 76 13 52 30 14
13 71 3 96 23 86 44 71 90 60 82 26 41 86 86 59 92 42 7 5
35 73 81 74 29 99 84 85 80 55 36 22 86 49 2 20 82 60 11 81
96 29 19 56 31 17 68 62 13 20 20 10 64 80 84 62 18 18 37 48
52 93 35 9 36 48 45 49 1 5 51 4 78 21 21 72 77 17 30 54
90 35 76 8 45 89 36 1 38 22 54 33 32 75 50 44 94 35 98 50
2 13 3 53 54 80 89 26 57 51 67 78 71 96 49 25 50 25 24 54
99 71 18 30 23 71 97 96 69 9 92 63 59 88 51 90 75 34 39 98
53 44 66 77 79 47 79 66 7 22 78 30 39 13 30 55 37 12 83 30
52 9 26 4 2 47 19 23 18 0 9 89 53 84 6 89 20 68 75 6
98 27 68 88 27 81 9 46 86 90 10 9 13 8 68 59 15 15 75 11
92 77 48 23 48 1 26 59 9 11 69 77 5 35 6 45 74 85 80 51
19 55 0 14 94 64 71 84 46 81 88 82 9 59 78 49 25 63 80 40
74 83 14 62 53 60 75 62 8 72 43 6 29 55 2 99 63 50 20 50
97 15 14 70 14 32 8 63 30 97 65 46 65 81 51 15 10 96 47 27
74 0 32 81 46 35 99 14 97 70 80 35 0 3 83 78 54 36 68 35
33 34 31 12 6 31 58 5 75 31 62 92 60 45 33 8 4 30 60 18
85 42 85 20 57 14 29 55 55 16 78 84 47 66 17 71 99 91 78 75
5 67 1 59 81 70 52 43 42 39 45 67 95 18 38 59 27 30 32 2
75 2 76 53 85 44 56 52 28 59 21 43 9 14 88 77 86 24 10 64
1 19 9 16 75 89 8 81 23 43 11 68 0 11 19 5 67 83 72 85
55 66 68 98 53 96 90 43 51 42 46 73 29 88 96 18 52 77 32 88
11 55 29 49 46 46 78 31 20 57 81 98 24 80 62 4 56 45 15 4
81 44 15 97 78 27 45 27 33 45 15 55 13 80 90 91 59 95 42 42
71 0 93 17 55 5 16 97 92 5 15 53 12 37 92 83 5 77 86 91
6 90 27 30 6 43 41 87 15 32 19 74 54 9 9 67 52 80 11 88
90 33 81 34 10 13 66 4 71 38 41 60 37 43 7 36 21 79 72 79
20 19 33 87 9 41 23 71 95 81 94 61 35 93 49 39 70 50 45 57
42 74 25 82 72 73 61 68 45 35 13 59 7 2 24 63 79 15 18 50
45 20 78 72 63 63 97 6 17 14 53 61 88 8 43 1 38 86 61 95
18 69 38 65 43 12 51 8 12 8 75 23 43 44 44 54 69 31 44 25
5 53 33 57 86 24 95 62 40 21 47 59 34 49 62 84 20 68 89 51

2551 6785 3802 2031 5283 4008 1697 1844 936 3692 2636 1986 4476 1923 3126 2626 555 1660 3161 443

157 188 187 516 553 252 491 634 194 480 427 836 597 700 1030 777 168 340 98 798

13 28 15 14 18 10 28 11 26 10 25 23 15 12 11 12 22 11 16 16 21 16 27 18 22 14 12 17 12 19 20 13 13 26 24 15 28 26 15 19 14 18 16 10 26 10 12 10 27 28

139 305 257 202 267 301 174 86 64 276 208 145 273 87 235 239 53 76 162 36
