50
20

62 35 12 56 15 27 34 63 60 18 25 88 26 7 76 77 88 24 34 8
42 23 34 96 30 53 1 73 53 46 14 86 2 20 85 85 5 81 98 85
57 80 4 29 95 51 77 81 26 33 78 34 15 63 67 6 8 87 78 56
33 27 31 51 5 96 61 68 30 57 82 94 94 65 2 81 65 35 89 53
52 27 19 77 0 43 75 54 16 79 88 67 54 65 5 22 93 1 61 56
10 62 70 85 9 33 67 40 66 5 67 0 7 23 16 15 23 88 68 97
85 46 89 4 22 5 89 46 75 89 29 5 25 93 47 31 76 11 17 58
36 51 11 60 19 60 51 31 69 19 54 75 82 73 14 20 60 32 86 99
47 30 35 76 18 41 96 86 6 92 45 41 27 6 75 99 0 93 29 14
86 45 39 6 9 13 66 24 97 73 44 90 89 12 70 33 89 89 97 83
44 37 19 47 99 43 55 15 48 92 79 55 82 72 28 87 6 86 24 78
75 0 62 54 68 41 50 48 4 9 29 33 73 75 78 93 25 78 1 34
48 46 52 52 24 94 26 96 48 78 40 99 48 25 88 57 36 39 14 94
85 70 70 31 9 1 35 47 89 72 8 12 71 63 25 7 44 99 33 91
46 44 39 58 79 2 15 96 32 45 24 50 19 30 97 48 7 77 78 35
84 23 21 35 74 64 97 27 31 68 51 8 46 5 20 84 42 29 89 97
80 16 66 2 51 41 84 35 57 35 67 34 15 75 32 17 99 90 89 23
38 72 78 64 30 48 54 56 24 43 2 14 91 27 49 37 88 45 4 25
85 69 36 79 0 13 84 5 74 98 48 11 76 75 11 56 19 31 87 11
21 27 93 32 61 68 5 49 99 78 28 28 51 46 91 57 64 64 65 74
13 64 44 12 20 35 47 59 65 75 38 39 40 4 52 67 73 48 91 36
13 68 26 35 54 96 14 13 46 98 14 26 17 80 68 51 4 1 79 28
60 71 0 87 0 39 16 62 95 92 86 1 19 34 68 17 26 18 59 43
94 27 19 98 73 53 37 59 24 12 99 1 31 75 38 53 31 41 72 92
81 43 92 51 69 90 18 24 38 77 53 99 70 4 13 53 52 12 91 70
35 3 0 90 39 13 91 93 72 58 54 60 70 60 38 99 74 38 44 85
95 6 97 90 42 25 81 84 12 99 93 24 55 98 69 92 83 75 73 16
74 83 44 1 90 22 71 61 6 75 7 12 38 6 66 77 94 29 54 15
97 75 29 65 62 16 96 81 97 21 68 86 1 51 74 76 52 22 65 58
1 91 72 92 44 44 7 76 17 96 14 98 38 17 10 42 95 65 66 10
51 75 38 22 25 38 24 79 54 71 18 18 51 65 97 95 26 55 42 58
16 48 88 17 51 21 68 7 55 48 64 15 52 33 15 97 30 63 21 32
80 99 49 70 13 71 42 69 34 39 65 49 4 51 55 83 36 0 60 21
2 59 74 7 42 52 4 40 12 86 42 88 0 51 1 51 4 74 65 44
53 67 44 30 8 11 40 39 82 82 67 45 58 84 77 81 98 62 87 33
75 11 12 28 69 91 42 0 0 31 21 26 3 73 22 36 64 77 17 57
63 14 93 47 7 2 52 9 34 57 17 15 38 82 5 64 29 97 62 64
40 93 64 3 41 62 13 56 19 42 9 37 38 60 64 99 92 82 80 44
1 98 19 76 28 88 42 37 9 69 75 90 24 99 48 44 61 4 5 36
31 37 87 11 53 1 31 79 17 89 36 18 84 15 95 64 83 58 94 18
20 19 19 35 11 85 23 95 92 36 61 74 70 40 71 40 40 35 69 68
50 77 95 43 6 4 18 82 53 63 79 7 64 81 53 55 23 77 39 83
97 63 16 25 15 68 28 14 15 78 74 53 15 93 33 11 23 28 35 84
0 19 65 36 25 3 62 17 42 93 44 14 77 58 78 97 59 80 75 53
82 62 67 24 1 76 20 92 29 19 66 82 94 80 67 64 74 52 54 87
11 42 85 75 70 59 31 53 2 80 76 8 31 36 94 77 57 59 28 39
54 73 6 41 18 45 50 80 70 10 60 39 34 29 6 31 47 72 28 12
58 12 46 57 37 68 21 13 91 64 26 82 64 55 22 83 66 56 25 5
55 78 34 50 76 48 50 28 18 73 1 46 52 62 45 9 62 42 39 36
75 9 81 31 60 99 55 81 41 94 54 87 58 74 54 4 62 86 61 92

60 23 78 50 9 5 3 34 58 98 24 57 10 6 63 34 42 64 33 63
83 58 99 30 47 76 71 20 60 30 79 14 0 76 8 38 46 31 0 97
92 59 58 3 78 73 91 95 61 81 97 90 93 70 81 21 5 7 36 68
18 91 42 56 2 8 74 1 85 49 96 23 59 2 15 43 56 38 92 53
73 33 54 20 73 13 51 46 9 0 35 18 20 12 82 17 10 27 69 52
14 25 67 52 6 73 34 38 2 1 9 42 60 96 31 54 90 8 55 18
20 49 17 95 79 24 88 81 97 27 4 27 28 88 80 23 57 58 25 25
31 76 26 41 37 32 72 14 16 39 32 49 77 79 2 98 61 70 88 77
65 89 8 87 26 26 95 71 15 77 65 14 11 85 69 82 47 89 40 47
27 51 13 51 98 53 73 97 86 4 57 85 49 77 24 15 11 91 63 31
64 85 95 88 66 62 7 42 60 0 11 24 4 49 20 31 82 72 81 37
31 89 8 31 9 45 16 17 92 93 29 37 69 76 27 2 75 53 51 47
81 87 84 38 33 0 70 98 8 69 46 37 27 2 99 92 38 30 62 25
81 3 29 19 72 76 37 88 69 13 54 73 40 53 69 6 3 32 68 57
34 17 54 87 57 29 29 92 58 55 60 91 97 56 92 9 95 51 71 47
37 9 12 42 99 92 98 68 11 32 15 12 97 21 57 53 63 67 39 3
20 30 23 93 61 44 37 34 43 99 40 58 20 19 61 28 50 80 18 88
54 50 3 67 15 25 78 74 39 24 13 46 5 50 82 31 1 23 79 22
96 56 24 69 16 32 82 50 13 82 93 53 38 96 15 22 85 8 2 60
34 21 76 92 25 98 85 30 47 8 21 97 17 95 68 5 77 47 95 77
39 47 6 75 72 42 28 77 84 83 85 99 52 86 97 57 18 41 98 36
37 75 62 84 48 24 87 64 7 75 66 26 8 9 55 87 69 19 9 30
68 3 49 47 51 61 85 9 56 32 3 21 12 64 90 6 10 85 59 14
70 38 0 62 31 91 57 47 48 21 20 78 73 53 83 38 46 98 93 62
39 11 0 79 17 71 87 81 3 58 35 1 79 68 46 0 46 0 44 36
33 1 13 15 15 56 44 78 3 60 15 79 96 2 6 28 3 56 27 31
9 59 27 41 6 9 95 3 24 30 68 58 49 75 32 34 90 71 55 45
47 21 88 73 85 17 55 9 24 40 76 72 88 39 19 25 75 15 78 81
64 58 96 42 31 19 16 29 73 92 6 91 53 66 91 3 97 53 98 87
42 5 92 20 80 86 60 18 67 51 71 93 93 51 12 39 15 68 93 88
20 49 56 44 54 90 45 78 50 93 4 49 19 92 25 90 4 23 67 58
15 94 91 48 72 59 20 23 44 21 84 0 63 9 31 1 37 1 12 54
91 7 58 8 25 4 18 95 61 9 22 55 10 30 98 1 86 20 38 92
63 37 3 53 19 73 21 37 44 16 99 38 99 49 64 97 35 6 6 46
29 40 78 94 93 58 93 57 56 57 2 70 23 35 56 32 80 81 87 97
70 63 53 83 82 60 42 77 27 24 15 52 68 46 52 33 65 87 19 70
27 77 67 0 82 96 41 21 21 6 56 1 66 82 64 92 77 67 28 27
83 41 64 22 15 95 29 3 78 38 63 41 78 77 4 50 99 61 49 2
94 58 21 42 38 24 64 15 51 83 77 55 92 7 65 63 89 90 63 10
40 40 53 19 15 37 99 14 39 32 60 57 34 83 43 87 46 50 26 52
1 6 61 87 47 29 22 80 88 69 72 32 13 36 58 4 74 23 59 7
73 74 51 64 52 63 51 76 5 32 68 50 52 22 68 77 45 75 29 75
89 8 43 19 15 78 91 42 22 88 6 67 76 10 88 2 41 16 40 22
84 54 47 5 62 0 5 0 87 75 75 52 50 17 31 98 18 31 8 29
55 71 79 56 25 26 29 46 73 96 73 12 8 10 65 62 15 97 94 56
81 21 40 10 7 43 57 68 49 69 3 8 99 97 36 61 7 67 26 71
0 92 79 7 56 5 65 14 28 56 77 65 38 63 96 48 77 69 8 99
88 78 18 71 8 75 49 90 8 41 22 50 54 31 56 40 61 55 30 2
46 5 10 75 73 15 7 64 57 14 42 39 71 53 33 59 68 2 11 76
24 17 53 54 45 73 67 18 11 87 90 16 43 59 69 55 8 49 30 53

2551 6785 3802 2031 5283 4008 1697 1844 936 3692 2636 1986 4476 1923 3126 2626 555 1660 3161 443

750 2111 1260 524 1963 3456 2771 1780 1356 2787 639 1423 2193 2739 2108 2109 822 4500 1849 2882

13 28 15 14 18 10 28 11 26 10 25 23 15 12 11 12 22 11 16 16 21 16 27 18 22 14 12 17 12 19 20 13 13 26 24 15 28 26 15 19 14 18 16 10 26 10 12 10 27 28

139 305 257 202 267 301 174 86 64 276 208 145 273 87 235 239 53 76 162 36
