50
20

62 35 12 56 15 27 34 63 60 18 25 88 26 7 76 77 88 24 34 8
42 23 34 96 30 53 1 73 53 46 14 86 2 20 85 85 5 81 98 85
57 80 4 29 95 51 77 81 26 33 78 34 15 63 67 6 8 87 78 56
33 27 31 51 5 96 61 68 30 57 82 94 94 65 2 81 65 35 89 53
52 27 19 77 0 43 75 54 16 79 88 67 54 65 5 22 93 1 61 56
10 62 70 85 9 33 67 40 66 5 67 0 7 23 16 15 23 88 68 97
85 46 89 4 22 5 89 46 75 89 29 5 25 93 47 31 76 11 17 58
36 51 11 60 19 60 51 31 69 19 54 75 82 73 14 20 60 32 86 99
47 30 35 76 18 41 96 86 6 92 45 41 27 6 75 99 0 93 29 14
86 45 39 6 9 13 66 24 97 73 44 90 89 12 70 33 89 89 97 83
44 37 19 47 99 43 55 15 48 92 79 55 82 72 28 87 6 86 24 78
75 0 62 54 68 41 50 48 4 9 29 33 73 75 78 93 25 78 1 34
48 46 52 52 24 94 26 96 48 78 40 99 48 25 88 57 36 39 14 94
85 70 70 31 9 1 35 47 89 72 8 12 71 63 25 7 44 99 33 91
46 44 39 58 79 2 15 96 32 45 24 50 19 30 97 48 7 77 78 35
84 23 21 35 74 64 97 27 31 68 51 8 46 5 20 84 42 29 89 97
80 16 66 2 51 41 84 35 57 35 67 34 15 75 32 17 99 90 89 23
38 72 78 64 30 48 54 56 24 43 2 14 91 27 49 37 88 45 4 25
85 69 36 79 0 13 84 5 74 98 48 11 76 75 11 56 19 31 87 11
21 27 93 32 61 68 5 49 99 78 28 28 51 46 91 57 64 64 65 74
13 64 44 12 20 35 47 59 65 75 38 39 40 4 52 67 73 48 91 36
13 68 26 35 54 96 14 13 46 98 14 26 17 80 68 51 4 1 79 28
60 71 0 87 0 39 16 62 95 92 86 1 19 34 68 17 26 18 59 43
94 27 19 98 73 53 37 59 24 12 99 1 31 75 38 53 31 41 72 92
81 43 92 51 69 90 18 24 38 77 53 99 70 4 13 53 52 12 91 70
35 3 0 90 39 13 91 93 72 58 54 60 70 60 38 99 74 38 44 85
95 6 97 90 42 25 81 84 12 99 93 24 55 98 69 92 83 75 73 16
74 83 44 1 90 22 71 61 6 75 7 12 38 6 66 77 94 29 54 15
97 75 29 65 62 16 96 81 97 21 68 86 1 51 74 76 52 22 65 58
1 91 72 92 44 44 7 76 17 96 14 98 38 17 10 42 95 65 66 10
51 75 38 22 25 38 24 79 54 71 18 18 51 65 97 95 26 55 42 58
16 48 88 17 51 21 68 7 55 48 64 15 52 33 15 97 30 63 21 32
80 99 49 70 13 71 42 69 34 39 65 49 4 51 55 83 36 0 60 21
2 59 74 7 42 52 4 40 12 86 42 88 0 51 1 51 4 74 65 44
53 67 44 30 8 11 40 39 82 82 67 45 58 84 77 81 98 62 87 33
75 11 12 28 69 91 42 0 0 31 21 26 3 73 22 36 64 77 17 57
63 14 93 47 7 2 52 9 34 57 17 15 38 82 5 64 29 97 62 64
40 93 64 3 41 62 13 56 19 42 9 37 38 60 64 99 92 82 80 44
1 98 19 76 28 88 42 37 9 69 75 90 24 99 48 44 61 4 5 36
31 37 87 11 53 1 31 79 17 89 36 18 84 15 95 64 83 58 94 18
20 19 19 35 11 85 23 95 92 36 61 74 70 40 71 40 40 35 69 68
50 77 95 43 6 4 18 82 53 63 79 7 64 81 53 55 23 77 39 83
97 63 16 25 15 68 28 14 15 78 74 53 15 93 33 11 23 28 35 84
0 19 65 36 25 3 62 17 42 93 44 14 77 58 78 97 59 80 75 53
82 62 67 24 1 76 20 92 29 19 66 82 94 80 67 64 74 52 54 87
11 42 85 75 70 59 31 53 2 80 76 8 31 36 94 77 57 59 28 39
54 73 6 41 18 45 50 80 70 10 60 39 34 29 6 31 47 72 28 12
58 12 46 57 37 68 21 13 91 64 26 82 64 55 22 83 66 56 25 5
55 78 34 50 76 48 50 28 18 73 1 46 52 62 45 9 62 42 39 36
75 9 81 31 60 99 55 81 41 94 54 87 58 74 54 4 62 86 61 92

31 87 93 44 33 84 35 36 5 50 55 24 40 25 19 22 5 54 21 85
62 56 36 57 45 48 19 1 67 98 62 56 9 26 5 41 12 58 43 92
74 21 78 1 19 28 31 10 89 74 79 53 93 67 9 67 89 60 89 16
92 38 7 83 54 98 20 43 27 20 16 11 20 15 96 28 19 93 94 34
19 93 35 34 91 79 66 69 78 70 21 33 8 69 16 0 51 21 65 71
61 0 75 25 97 5 66 53 90 20 4 18 10 77 66 39 57 4 66 19
76 71 97 64 59 51 96 37 94 57 16 79 84 44 64 69 24 56 46 5
17 80 28 43 86 32 98 10 79 72 89 82 3 51 99 3 21 13 28 76
90 9 0 47 52 13 49 83 76 25 92 91 21 8 8 45 84 7 6 19
32 29 37 24 43 87 7 23 9 49 63 54 55 22 89 88 7 89 21 12
93 62 59 99 59 8 60 13 51 95 10 68 74 39 40 19 40 51 99 77
73 20 30 64 18 83 6 42 76 69 94 6 73 8 99 96 24 49 70 92
46 27 84 86 51 83 46 42 97 5 52 96 98 56 28 52 16 22 19 82
72 68 5 19 77 98 63 31 43 69 2 81 38 81 46 37 94 60 30 76
81 3 42 93 7 53 31 21 0 11 50 6 96 16 15 11 26 58 1 28
84 74 90 34 7 74 64 8 22 83 89 7 19 94 43 59 57 74 85 26
30 63 63 46 32 64 7 45 3 6 60 96 45 36 44 60 45 66 55 22
38 87 45 26 98 17 26 65 41 51 12 79 78 36 76 61 52 77 90 89
50 52 88 20 63 92 46 22 52 60 83 27 30 21 41 29 67 3 63 64
90 80 5 45 27 27 51 42 14 39 95 16 71 99 29 66 11 51 50 38
43 99 62 4 75 52 46 16 35 76 22 84 69 27 32 44 69 77 2 7
60 50 76 5 31 43 27 79 98 85 88 80 41 71 54 61 33 63 50 92
72 52 72 37 78 24 33 52 10 69 90 6 20 28 10 37 56 69 23 86
68 35 60 77 81 4 68 37 52 57 68 67 10 39 78 13 57 70 23 98
64 27 24 18 9 8 0 0 33 57 58 90 2 10 43 9 9 70 64 2
64 51 39 56 42 38 4 82 77 32 90 67 57 19 61 50 28 41 70 85
10 80 70 76 14 83 86 15 81 81 47 52 89 82 24 78 19 40 14 92
48 44 94 98 28 54 8 42 63 98 69 90 95 99 96 9 59 99 12 85
65 94 75 17 32 2 7 57 57 31 69 74 16 6 70 84 24 84 20 60
89 64 67 15 58 72 72 32 23 65 18 65 41 5 50 53 83 81 97 21
31 88 28 36 62 87 26 74 4 2 99 2 63 44 61 67 30 46 32 70
32 59 73 57 96 54 24 49 20 7 27 3 76 79 50 66 2 21 44 72
38 44 98 96 31 58 68 55 1 60 8 25 45 25 20 15 32 24 0 21
5 84 50 42 90 67 91 33 89 12 78 34 7 88 15 98 23 44 30 96
25 49 32 81 58 74 76 50 61 38 25 16 87 33 47 80 30 3 7 84
14 29 56 74 3 55 1 95 57 57 14 8 14 36 31 0 3 84 31 28
4 63 98 10 0 94 18 64 15 35 51 47 99 8 81 59 29 6 51 4
34 70 8 17 43 37 35 25 48 0 49 66 94 8 65 10 66 22 91 46
26 99 74 30 7 55 28 11 99 47 11 69 43 72 24 52 48 63 69 78
96 36 65 41 77 23 19 50 90 91 12 83 2 27 28 19 34 40 45 6
37 25 74 67 59 71 98 48 24 13 58 60 88 70 91 80 7 1 5 98
66 91 56 37 45 39 61 81 13 1 55 75 79 27 83 3 41 89 89 42
29 82 25 54 99 50 11 67 50 77 13 47 71 29 18 73 19 51 20 63
13 44 52 6 71 86 29 13 38 69 80 78 81 54 91 20 41 90 81 41
84 28 84 23 70 31 17 62 46 69 51 89 37 43 5 37 71 76 49 59
80 69 76 5 58 8 77 0 61 72 32 94 96 74 5 80 13 38 96 80
11 91 99 67 27 36 58 65 48 10 33 38 86 63 8 74 0 13 0 13
43 44 68 75 85 77 13 3 37 9 22 6 60 10 5 81 59 31 26 39
81 48 15 74 61 45 28 45 9 31 77 60 6 22 68 85 62 41 94 4
63 20 83 26 98 7 11 97 45 3 98 65 59 89 81 19 94 25 12 77

2551 6785 3802 2031 5283 4008 1697 1844 936 3692 2636 1986 4476 1923 3126 2626 555 1660 3161 443

2844 2625 1910 4831 3583 361 925 1248 3312 2838 530 3949 2968 1130 593 2574 688 2078 1853 1741

13 28 15 14 18 10 28 11 26 10 25 23 15 12 11 12 22 11 16 16 21 16 27 18 22 14 12 17 12 19 20 13 13 26 24 15 28 26 15 19 14 18 16 10 26 10 12 10 27 28

139 305 257 202 267 301 174 86 64 276 208 145 273 87 235 239 53 76 162 36
