50
20

62 35 12 56 15 27 34 63 60 18 25 88 26 7 76 77 88 24 34 8
42 23 34 96 30 53 1 73 53 46 14 86 2 20 85 85 5 81 98 85
57 80 4 29 95 51 77 81 26 33 78 34 15 63 67 6 8 87 78 56
33 27 31 51 5 96 61 68 30 57 82 94 94 65 2 81 65 35 89 53
52 27 19 77 0 43 75 54 16 79 88 67 54 65 5 22 93 1 61 56
10 62 70 85 9 33 67 40 66 5 67 0 7 23 16 15 23 88 68 97
85 46 89 4 22 5 89 46 75 89 29 5 25 93 47 31 76 11 17 58
36 51 11 60 19 60 51 31 69 19 54 75 82 73 14 20 60 32 86 99
47 30 35 76 18 41 96 86 6 92 45 41 27 6 75 99 0 93 29 14
86 45 39 6 9 13 66 24 97 73 44 90 89 12 70 33 89 89 97 83
44 37 19 47 99 43 55 15 48 92 79 55 82 72 28 87 6 86 24 78
75 0 62 54 68 41 50 48 4 9 29 33 73 75 78 93 25 78 1 34
48 46 52 52 24 94 26 96 48 78 40 99 48 25 88 57 36 39 14 94
85 70 70 31 9 1 35 47 89 72 8 12 71 63 25 7 44 99 33 91
46 44 39 58 79 2 15 96 32 45 24 50 19 30 97 48 7 77 78 35
84 23 21 35 74 64 97 27 31 68 51 8 46 5 20 84 42 29 89 97
80 16 66 2 51 41 84 35 57 35 67 34 15 75 32 17 99 90 89 23
38 72 78 64 30 48 54 56 24 43 2 14 91 27 49 37 88 45 4 25
85 69 36 79 0 13 84 5 74 98 48 11 76 75 11 56 19 31 87 11
21 27 93 32 61 68 5 49 99 78 28 28 51 46 91 57 64 64 65 74
13 64 44 12 20 35 47 59 65 75 38 39 40 4 52 67 73 48 91 36
13 68 26 35 54 96 14 13 46 98 14 26 17 80 68 51 4 1 79 28
60 71 0 87 0 39 16 62 95 92 86 1 19 34 68 17 26 18 59 43
94 27 19 98 73 53 37 59 24 12 99 1 31 75 38 53 31 41 72 92
81 43 92 51 69 90 18 24 38 77 53 99 70 4 13 53 52 12 91 70
35 3 0 90 39 13 91 93 72 58 54 60 70 60 38 99 74 38 44 85
95 6 97 90 42 25 81 84 12 99 93 24 55 98 69 92 83 75 73 16
74 83 44 1 90 22 71 61 6 75 7 12 38 6 66 77 94 29 54 15
97 75 29 65 62 16 96 81 97 21 68 86 1 51 74 76 52 22 65 58
1 91 72 92 44 44 7 76 17 96 14 98 38 17 10 42 95 65 66 10
51 75 38 22 25 38 24 79 54 71 18 18 51 65 97 95 26 55 42 58
16 48 88 17 51 21 68 7 55 48 64 15 52 33 15 97 30 63 21 32
80 99 49 70 13 71 42 69 34 39 65 49 4 51 55 83 36 0 60 21
2 59 74 7 42 52 4 40 12 86 42 88 0 51 1 51 4 74 65 44
53 67 44 30 8 11 40 39 82 82 67 45 58 84 77 81 98 62 87 33
75 11 12 28 69 91 42 0 0 31 21 26 3 73 22 36 64 77 17 57
63 14 93 47 7 2 52 9 34 57 17 15 38 82 5 64 29 97 62 64
40 93 64 3 41 62 13 56 19 42 9 37 38 60 64 99 92 82 80 44
1 98 19 76 28 88 42 37 9 69 75 90 24 99 48 44 61 4 5 36
31 37 87 11 53 1 31 79 17 89 36 18 84 15 95 64 83 58 94 18
20 19 19 35 11 85 23 95 92 36 61 74 70 40 71 40 40 35 69 68
50 77 95 43 6 4 18 82 53 63 79 7 64 81 53 55 23 77 39 83
97 63 16 25 15 68 28 14 15 78 74 53 15 93 33 11 23 28 35 84
0 19 65 36 25 3 62 17 42 93 44 14 77 58 78 97 59 80 75 53
82 62 67 24 1 76 20 92 29 19 66 82 94 80 67 64 74 52 54 87
11 42 85 75 70 59 31 53 2 80 76 8 31 36 94 77 57 59 28 39
54 73 6 41 18 45 50 80 70 10 60 39 34 29 6 31 47 72 28 12
58 12 46 57 37 68 21 13 91 64 26 82 64 55 22 83 66 56 25 5
55 78 34 50 76 48 50 28 18 73 1 46 52 62 45 9 62 42 39 36
75 9 81 31 60 99 55 81 41 94 54 87 58 74 54 4 62 86 61 92

27 76 13 52 30 14 13 71 3 96 23 86 44 71 90 60 82 26 41 86
86 59 92 42 7 5 35 73 81 74 29 99 84 85 80 55 36 22 86 49
2 20 82 60 11 81 96 29 19 56 31 17 68 62 13 20 20 10 64 80
84 62 18 18 37 48 52 93 35 9 36 48 45 49 1 5 51 4 78 21
21 72 77 17 30 54 90 35 76 8 45 89 36 1 38 22 54 33 32 75
50 44 94 35 98 50 2 13 3 53 54 80 89 26 57 51 67 78 71 96
49 25 50 25 24 54 99 71 18 30 23 71 97 96 69 9 92 63 59 88
51 90 75 34 39 98 53 44 66 77 79 47 79 66 7 22 78 30 39 13
30 55 37 12 83 30 52 9 26 4 2 47 19 23 18 0 9 89 53 84
6 89 20 68 75 6 98 27 68 88 27 81 9 46 86 90 10 9 13 8
68 59 15 15 75 11 92 77 48 23 48 1 26 59 9 11 69 77 5 35
6 45 74 85 80 51 19 55 0 14 94 64 71 84 46 81 88 82 9 59
78 49 25 63 80 40 74 83 14 62 53 60 75 62 8 72 43 6 29 55
2 99 63 50 20 50 97 15 14 70 14 32 8 63 30 97 65 46 65 81
51 15 10 96 47 27 74 0 32 81 46 35 99 14 97 70 80 35 0 3
83 78 54 36 68 35 33 34 31 12 6 31 58 5 75 31 62 92 60 45
33 8 4 30 60 18 85 42 85 20 57 14 29 55 55 16 78 84 47 66
17 71 99 91 78 75 5 67 1 59 81 70 52 43 42 39 45 67 95 18
38 59 27 30 32 2 75 2 76 53 85 44 56 52 28 59 21 43 9 14
88 77 86 24 10 64 1 19 9 16 75 89 8 81 23 43 11 68 0 11
19 5 67 83 72 85 55 66 68 98 53 96 90 43 51 42 46 73 29 88
96 18 52 77 32 88 11 55 29 49 46 46 78 31 20 57 81 98 24 80
62 4 56 45 15 4 81 44 15 97 78 27 45 27 33 45 15 55 13 80
90 91 59 95 42 42 71 0 93 17 55 5 16 97 92 5 15 53 12 37
92 83 5 77 86 91 6 90 27 30 6 43 41 87 15 32 19 74 54 9
9 67 52 80 11 88 90 33 81 34 10 13 66 4 71 38 41 60 37 43
7 36 21 79 72 79 20 19 33 87 9 41 23 71 95 81 94 61 35 93
49 39 70 50 45 57 42 74 25 82 72 73 61 68 45 35 13 59 7 2
24 63 79 15 18 50 45 20 78 72 63 63 97 6 17 14 53 61 88 8
43 1 38 86 61 95 18 69 38 65 43 12 51 8 12 8 75 23 43 44
44 54 69 31 44 25 5 53 33 57 86 24 95 62 40 21 47 59 34 49
62 84 20 68 89 51 60 62 61 56 0 95 94 78 14 78 27 28 58 13
46 34 79 2 98 53 53 12 79 47 60 37 20 48 3 83 34 66 46 10
66 73 37 76 40 84 72 49 99 8 11 0 64 39 25 80 83 24 63 58
26 7 70 58 59 51 67 30 90 89 3 47 91 36 22 1 16 92 15 48
80 95 47 30 82 7 76 60 50 60 5 63 83 72 38 95 96 21 35 93
88 39 62 30 8 58 17 60 72 27 54 6 61 71 40 96 11 73 26 70
68 99 2 12 58 78 79 62 17 39 19 35 72 39 95 42 58 51 59 82
25 85 55 65 70 66 92 79 80 98 76 99 97 77 60 25 28 35 62 81
48 34 63 4 3 38 77 28 69 26 68 29 61 40 40 81 81 59 36 44
33 66 27 96 88 29 61 59 34 26 9 86 58 85 38 33 59 4 91 93
66 91 43 1 31 34 84 15 8 78 34 44 32 82 89 74 85 88 69 5
88 7 99 23 58 18 47 41 36 31 20 4 63 55 62 31 54 87 19 46
8 98 79 16 57 77 75 4 25 85 29 91 66 8 65 47 0 9 23 36
48 36 57 89 68 22 83 92 15 91 29 58 81 43 91 85 4 5 1 18
36 52 61 82 14 33 94 25 79 81 26 8 25 60 95 35 81 98 43 91
69 9 53 50 68 87 23 58 87 43 91 11 38 16 70 77 44 58 29 35
34 5 48 35 13 66 34 92 92 85 61 70 35 81 88 28 52 49 55 33
38 92 71 38 45 4 37 12 34 33 66 66 45 2 9 82 79 41 78 70
86 83 33 7 1 18 81 14 59 1 99 91 4 76 73 13 61 41 24 59

2551 6785 3802 2031 5283 4008 1697 1844 936 3692 2636 1986 4476 1923 3126 2626 555 1660 3161 443

875 819 591 1135 848 375 538 232 376 524 871 397 441 252 568 928 1327 451 1266 1234

13 28 15 14 18 10 28 11 26 10 25 23 15 12 11 12 22 11 16 16 21 16 27 18 22 14 12 17 12 19 20 13 13 26 24 15 28 26 15 19 14 18 16 10 26 10 12 10 27 28

139 305 257 202 267 301 174 86 64 276 208 145 273 87 235 239 53 76 162 36
