50
20

31 87 93 44 33 84 35 36 5 50 55 24 40 25 19 22 5 54 21 85
62 56 36 57 45 48 19 1 67 98 62 56 9 26 5 41 12 58 43 92
74 21 78 1 19 28 31 10 89 74 79 53 93 67 9 67 89 60 89 16
92 38 7 83 54 98 20 43 27 20 16 11 20 15 96 28 19 93 94 34
19 93 35 34 91 79 66 69 78 70 21 33 8 69 16 0 51 21 65 71
61 0 75 25 97 5 66 53 90 20 4 18 10 77 66 39 57 4 66 19
76 71 97 64 59 51 96 37 94 57 16 79 84 44 64 69 24 56 46 5
17 80 28 43 86 32 98 10 79 72 89 82 3 51 99 3 21 13 28 76
90 9 0 47 52 13 49 83 76 25 92 91 21 8 8 45 84 7 6 19
32 29 37 24 43 87 7 23 9 49 63 54 55 22 89 88 7 89 21 12
93 62 59 99 59 8 60 13 51 95 10 68 74 39 40 19 40 51 99 77
73 20 30 64 18 83 6 42 76 69 94 6 73 8 99 96 24 49 70 92
46 27 84 86 51 83 46 42 97 5 52 96 98 56 28 52 16 22 19 82
72 68 5 19 77 98 63 31 43 69 2 81 38 81 46 37 94 60 30 76
81 3 42 93 7 53 31 21 0 11 50 6 96 16 15 11 26 58 1 28
84 74 90 34 7 74 64 8 22 83 89 7 19 94 43 59 57 74 85 26
30 63 63 46 32 64 7 45 3 6 60 96 45 36 44 60 45 66 55 22
38 87 45 26 98 17 26 65 41 51 12 79 78 36 76 61 52 77 90 89
50 52 88 20 63 92 46 22 52 60 83 27 30 21 41 29 67 3 63 64
90 80 5 45 27 27 51 42 14 39 95 16 71 99 29 66 11 51 50 38
43 99 62 4 75 52 46 16 35 76 22 84 69 27 32 44 69 77 2 7
60 50 76 5 31 43 27 79 98 85 88 80 41 71 54 61 33 63 50 92
72 52 72 37 78 24 33 52 10 69 90 6 20 28 10 37 56 69 23 86
68 35 60 77 81 4 68 37 52 57 68 67 10 39 78 13 57 70 23 98
64 27 24 18 9 8 0 0 33 57 58 90 2 10 43 9 9 70 64 2
64 51 39 56 42 38 4 82 77 32 90 67 57 19 61 50 28 41 70 85
10 80 70 76 14 83 86 15 81 81 47 52 89 82 24 78 19 40 14 92
48 44 94 98 28 54 8 42 63 98 69 90 95 99 96 9 59 99 12 85
65 94 75 17 32 2 7 57 57 31 69 74 16 6 70 84 24 84 20 60
89 64 67 15 58 72 72 32 23 65 18 65 41 5 50 53 83 81 97 21
31 88 28 36 62 87 26 74 4 2 99 2 63 44 61 67 30 46 32 70
32 59 73 57 96 54 24 49 20 7 27 3 76 79 50 66 2 21 44 72
38 44 98 96 31 58 68 55 1 60 8 25 45 25 20 15 32 24 0 21
5 84 50 42 90 67 91 33 89 12 78 34 7 88 15 98 23 44 30 96
25 49 32 81 58 74 76 50 61 38 25 16 87 33 47 80 30 3 7 84
14 29 56 74 3 55 1 95 57 57 14 8 14 36 31 0 3 84 31 28
4 63 98 10 0 94 18 64 15 35 51 47 99 8 81 59 29 6 51 4
34 70 8 17 43 37 35 25 48 0 49 66 94 8 65 10 66 22 91 46
26 99 74 30 7 55 28 11 99 47 11 69 43 72 24 52 48 63 69 78
96 36 65 41 77 23 19 50 90 91 12 83 2 27 28 19 34 40 45 6
37 25 74 67 59 71 98 48 24 13 58 60 88 70 91 80 7 1 5 98
66 91 56 37 45 39 61 81 13 1 55 75 79 27 83 3 41 89 89 42
29 82 25 54 99 50 11 67 50 77 13 47 71 29 18 73 19 51 20 63
13 44 52 6 71 86 29 13 38 69 80 78 81 54 91 20 41 90 81 41
84 28 84 23 70 31 17 62 46 69 51 89 37 43 5 37 71 76 49 59
80 69 76 5 58 8 77 0 61 72 32 94 96 74 5 80 13 38 96 80
11 91 99 67 27 36 58 65 48 10 33 38 86 63 8 74 0 13 0 13
43 44 68 75 85 77 13 3 37 9 22 6 60 10 5 81 59 31 26 39
81 48 15 74 61 45 28 45 9 31 77 60 6 22 68 85 62 41 94 4
63 20 83 26 98 7 11 97 45 3 98 65 59 89 81 19 94 25 12 77

27 76 13 52 30 14 13 71 3 96 23 86 44 71 90 60 82 26 41 86
86 59 92 42 7 5 35 73 81 74 29 99 84 85 80 55 36 22 86 49
2 20 82 60 11 81 96 29 19 56 31 17 68 62 13 20 20 10 64 80
84 62 18 18 37 48 52 93 35 9 36 48 45 49 1 5 51 4 78 21
21 72 77 17 30 54 90 35 76 8 45 89 36 1 38 22 54 33 32 75
50 44 94 35 98 50 2 13 3 53 54 80 89 26 57 51 67 78 71 96
49 25 50 25 24 54 99 71 18 30 23 71 97 96 69 9 92 63 59 88
51 90 75 34 39 98 53 44 66 77 79 47 79 66 7 22 78 30 39 13
30 55 37 12 83 30 52 9 26 4 2 47 19 23 18 0 9 89 53 84
6 89 20 68 75 6 98 27 68 88 27 81 9 46 86 90 10 9 13 8
68 59 15 15 75 11 92 77 48 23 48 1 26 59 9 11 69 77 5 35
6 45 74 85 80 51 19 55 0 14 94 64 71 84 46 81 88 82 9 59
78 49 25 63 80 40 74 83 14 62 53 60 75 62 8 72 43 6 29 55
2 99 63 50 20 50 97 15 14 70 14 32 8 63 30 97 65 46 65 81
51 15 10 96 47 27 74 0 32 81 46 35 99 14 97 70 80 35 0 3
83 78 54 36 68 35 33 34 31 12 6 31 58 5 75 31 62 92 60 45
33 8 4 30 60 18 85 42 85 20 57 14 29 55 55 16 78 84 47 66
17 71 99 91 78 75 5 67 1 59 81 70 52 43 42 39 45 67 95 18
38 59 27 30 32 2 75 2 76 53 85 44 56 52 28 59 21 43 9 14
88 77 86 24 10 64 1 19 9 16 75 89 8 81 23 43 11 68 0 11
19 5 67 83 72 85 55 66 68 98 53 96 90 43 51 42 46 73 29 88
96 18 52 77 32 88 11 55 29 49 46 46 78 31 20 57 81 98 24 80
62 4 56 45 15 4 81 44 15 97 78 27 45 27 33 45 15 55 13 80
90 91 59 95 42 42 71 0 93 17 55 5 16 97 92 5 15 53 12 37
92 83 5 77 86 91 6 90 27 30 6 43 41 87 15 32 19 74 54 9
9 67 52 80 11 88 90 33 81 34 10 13 66 4 71 38 41 60 37 43
7 36 21 79 72 79 20 19 33 87 9 41 23 71 95 81 94 61 35 93
49 39 70 50 45 57 42 74 25 82 72 73 61 68 45 35 13 59 7 2
24 63 79 15 18 50 45 20 78 72 63 63 97 6 17 14 53 61 88 8
43 1 38 86 61 95 18 69 38 65 43 12 51 8 12 8 75 23 43 44
44 54 69 31 44 25 5 53 33 57 86 24 95 62 40 21 47 59 34 49
62 84 20 68 89 51 60 62 61 56 0 95 94 78 14 78 27 28 58 13
46 34 79 2 98 53 53 12 79 47 60 37 20 48 3 83 34 66 46 10
66 73 37 76 40 84 72 49 99 8 11 0 64 39 25 80 83 24 63 58
26 7 70 58 59 51 67 30 90 89 3 47 91 36 22 1 16 92 15 48
80 95 47 30 82 7 76 60 50 60 5 63 83 72 38 95 96 21 35 93
88 39 62 30 8 58 17 60 72 27 54 6 61 71 40 96 11 73 26 70
68 99 2 12 58 78 79 62 17 39 19 35 72 39 95 42 58 51 59 82
25 85 55 65 70 66 92 79 80 98 76 99 97 77 60 25 28 35 62 81
48 34 63 4 3 38 77 28 69 26 68 29 61 40 40 81 81 59 36 44
33 66 27 96 88 29 61 59 34 26 9 86 58 85 38 33 59 4 91 93
66 91 43 1 31 34 84 15 8 78 34 44 32 82 89 74 85 88 69 5
88 7 99 23 58 18 47 41 36 31 20 4 63 55 62 31 54 87 19 46
8 98 79 16 57 77 75 4 25 85 29 91 66 8 65 47 0 9 23 36
48 36 57 89 68 22 83 92 15 91 29 58 81 43 91 85 4 5 1 18
36 52 61 82 14 33 94 25 79 81 26 8 25 60 95 35 81 98 43 91
69 9 53 50 68 87 23 58 87 43 91 11 38 16 70 77 44 58 29 35
34 5 48 35 13 66 34 92 92 85 61 70 35 81 88 28 52 49 55 33
38 92 71 38 45 4 37 12 34 33 66 66 45 2 9 82 79 41 78 70
86 83 33 7 1 18 81 14 59 1 99 91 4 76 73 13 61 41 24 59

2844 2625 1910 4831 3583 361 925 1248 3312 2838 530 3949 2968 1130 593 2574 688 2078 1853 1741

875 819 591 1135 848 375 538 232 376 524 871 397 441 252 568 928 1327 451 1266 1234

18 13 14 22 16 20 22 29 19 11 14 24 24 20 13 25 19 19 14 16 16 17 13 23 23 16 26 14 24 17 29 21 10 13 13 11 27 11 17 19 11 10 21 28 27 29 13 13 14 22

190 136 105 258 171 41 93 127 220 140 53 225 136 93 73 147 84 157 136 132
