50
20

31 87 93 44 33 84 35 36 5 50 55 24 40 25 19 22 5 54 21 85
62 56 36 57 45 48 19 1 67 98 62 56 9 26 5 41 12 58 43 92
74 21 78 1 19 28 31 10 89 74 79 53 93 67 9 67 89 60 89 16
92 38 7 83 54 98 20 43 27 20 16 11 20 15 96 28 19 93 94 34
19 93 35 34 91 79 66 69 78 70 21 33 8 69 16 0 51 21 65 71
61 0 75 25 97 5 66 53 90 20 4 18 10 77 66 39 57 4 66 19
76 71 97 64 59 51 96 37 94 57 16 79 84 44 64 69 24 56 46 5
17 80 28 43 86 32 98 10 79 72 89 82 3 51 99 3 21 13 28 76
90 9 0 47 52 13 49 83 76 25 92 91 21 8 8 45 84 7 6 19
32 29 37 24 43 87 7 23 9 49 63 54 55 22 89 88 7 89 21 12
93 62 59 99 59 8 60 13 51 95 10 68 74 39 40 19 40 51 99 77
73 20 30 64 18 83 6 42 76 69 94 6 73 8 99 96 24 49 70 92
46 27 84 86 51 83 46 42 97 5 52 96 98 56 28 52 16 22 19 82
72 68 5 19 77 98 63 31 43 69 2 81 38 81 46 37 94 60 30 76
81 3 42 93 7 53 31 21 0 11 50 6 96 16 15 11 26 58 1 28
84 74 90 34 7 74 64 8 22 83 89 7 19 94 43 59 57 74 85 26
30 63 63 46 32 64 7 45 3 6 60 96 45 36 44 60 45 66 55 22
38 87 45 26 98 17 26 65 41 51 12 79 78 36 76 61 52 77 90 89
50 52 88 20 63 92 46 22 52 60 83 27 30 21 41 29 67 3 63 64
90 80 5 45 27 27 51 42 14 39 95 16 71 99 29 66 11 51 50 38
43 99 62 4 75 52 46 16 35 76 22 84 69 27 32 44 69 77 2 7
60 50 76 5 31 43 27 79 98 85 88 80 41 71 54 61 33 63 50 92
72 52 72 37 78 24 33 52 10 69 90 6 20 28 10 37 56 69 23 86
68 35 60 77 81 4 68 37 52 57 68 67 10 39 78 13 57 70 23 98
64 27 24 18 9 8 0 0 33 57 58 90 2 10 43 9 9 70 64 2
64 51 39 56 42 38 4 82 77 32 90 67 57 19 61 50 28 41 70 85
10 80 70 76 14 83 86 15 81 81 47 52 89 82 24 78 19 40 14 92
48 44 94 98 28 54 8 42 63 98 69 90 95 99 96 9 59 99 12 85
65 94 75 17 32 2 7 57 57 31 69 74 16 6 70 84 24 84 20 60
89 64 67 15 58 72 72 32 23 65 18 65 41 5 50 53 83 81 97 21
31 88 28 36 62 87 26 74 4 2 99 2 63 44 61 67 30 46 32 70
32 59 73 57 96 54 24 49 20 7 27 3 76 79 50 66 2 21 44 72
38 44 98 96 31 58 68 55 1 60 8 25 45 25 20 15 32 24 0 21
5 84 50 42 90 67 91 33 89 12 78 34 7 88 15 98 23 44 30 96
25 49 32 81 58 74 76 50 61 38 25 16 87 33 47 80 30 3 7 84
14 29 56 74 3 55 1 95 57 57 14 8 14 36 31 0 3 84 31 28
4 63 98 10 0 94 18 64 15 35 51 47 99 8 81 59 29 6 51 4
34 70 8 17 43 37 35 25 48 0 49 66 94 8 65 10 66 22 91 46
26 99 74 30 7 55 28 11 99 47 11 69 43 72 24 52 48 63 69 78
96 36 65 41 77 23 19 50 90 91 12 83 2 27 28 19 34 40 45 6
37 25 74 67 59 71 98 48 24 13 58 60 88 70 91 80 7 1 5 98
66 91 56 37 45 39 61 81 13 1 55 75 79 27 83 3 41 89 89 42
29 82 25 54 99 50 11 67 50 77 13 47 71 29 18 73 19 51 20 63
13 44 52 6 71 86 29 13 38 69 80 78 81 54 91 20 41 90 81 41
84 28 84 23 70 31 17 62 46 69 51 89 37 43 5 37 71 76 49 59
80 69 76 5 58 8 77 0 61 72 32 94 96 74 5 80 13 38 96 80
11 91 99 67 27 36 58 65 48 10 33 38 86 63 8 74 0 13 0 13
43 44 68 75 85 77 13 3 37 9 22 6 60 10 5 81 59 31 26 39
81 48 15 74 61 45 28 45 9 31 77 60 6 22 68 85 62 41 94 4
63 20 83 26 98 7 11 97 45 3 98 65 59 89 81 19 94 25 12 77

60 23 78 50 9 5 3 34 58 98 24 57 10 6 63 34 42 64 33 63
83 58 99 30 47 76 71 20 60 30 79 14 0 76 8 38 46 31 0 97
92 59 58 3 78 73 91 95 61 81 97 90 93 70 81 21 5 7 36 68
18 91 42 56 2 8 74 1 85 49 96 23 59 2 15 43 56 38 92 53
73 33 54 20 73 13 51 46 9 0 35 18 20 12 82 17 10 27 69 52
14 25 67 52 6 73 34 38 2 1 9 42 60 96 31 54 90 8 55 18
20 49 17 95 79 24 88 81 97 27 4 27 28 88 80 23 57 58 25 25
31 76 26 41 37 32 72 14 16 39 32 49 77 79 2 98 61 70 88 77
65 89 8 87 26 26 95 71 15 77 65 14 11 85 69 82 47 89 40 47
27 51 13 51 98 53 73 97 86 4 57 85 49 77 24 15 11 91 63 31
64 85 95 88 66 62 7 42 60 0 11 24 4 49 20 31 82 72 81 37
31 89 8 31 9 45 16 17 92 93 29 37 69 76 27 2 75 53 51 47
81 87 84 38 33 0 70 98 8 69 46 37 27 2 99 92 38 30 62 25
81 3 29 19 72 76 37 88 69 13 54 73 40 53 69 6 3 32 68 57
34 17 54 87 57 29 29 92 58 55 60 91 97 56 92 9 95 51 71 47
37 9 12 42 99 92 98 68 11 32 15 12 97 21 57 53 63 67 39 3
20 30 23 93 61 44 37 34 43 99 40 58 20 19 61 28 50 80 18 88
54 50 3 67 15 25 78 74 39 24 13 46 5 50 82 31 1 23 79 22
96 56 24 69 16 32 82 50 13 82 93 53 38 96 15 22 85 8 2 60
34 21 76 92 25 98 85 30 47 8 21 97 17 95 68 5 77 47 95 77
39 47 6 75 72 42 28 77 84 83 85 99 52 86 97 57 18 41 98 36
37 75 62 84 48 24 87 64 7 75 66 26 8 9 55 87 69 19 9 30
68 3 49 47 51 61 85 9 56 32 3 21 12 64 90 6 10 85 59 14
70 38 0 62 31 91 57 47 48 21 20 78 73 53 83 38 46 98 93 62
39 11 0 79 17 71 87 81 3 58 35 1 79 68 46 0 46 0 44 36
33 1 13 15 15 56 44 78 3 60 15 79 96 2 6 28 3 56 27 31
9 59 27 41 6 9 95 3 24 30 68 58 49 75 32 34 90 71 55 45
47 21 88 73 85 17 55 9 24 40 76 72 88 39 19 25 75 15 78 81
64 58 96 42 31 19 16 29 73 92 6 91 53 66 91 3 97 53 98 87
42 5 92 20 80 86 60 18 67 51 71 93 93 51 12 39 15 68 93 88
20 49 56 44 54 90 45 78 50 93 4 49 19 92 25 90 4 23 67 58
15 94 91 48 72 59 20 23 44 21 84 0 63 9 31 1 37 1 12 54
91 7 58 8 25 4 18 95 61 9 22 55 10 30 98 1 86 20 38 92
63 37 3 53 19 73 21 37 44 16 99 38 99 49 64 97 35 6 6 46
29 40 78 94 93 58 93 57 56 57 2 70 23 35 56 32 80 81 87 97
70 63 53 83 82 60 42 77 27 24 15 52 68 46 52 33 65 87 19 70
27 77 67 0 82 96 41 21 21 6 56 1 66 82 64 92 77 67 28 27
83 41 64 22 15 95 29 3 78 38 63 41 78 77 4 50 99 61 49 2
94 58 21 42 38 24 64 15 51 83 77 55 92 7 65 63 89 90 63 10
40 40 53 19 15 37 99 14 39 32 60 57 34 83 43 87 46 50 26 52
1 6 61 87 47 29 22 80 88 69 72 32 13 36 58 4 74 23 59 7
73 74 51 64 52 63 51 76 5 32 68 50 52 22 68 77 45 75 29 75
89 8 43 19 15 78 91 42 22 88 6 67 76 10 88 2 41 16 40 22
84 54 47 5 62 0 5 0 87 75 75 52 50 17 31 98 18 31 8 29
55 71 79 56 25 26 29 46 73 96 73 12 8 10 65 62 15 97 94 56
81 21 40 10 7 43 57 68 49 69 3 8 99 97 36 61 7 67 26 71
0 92 79 7 56 5 65 14 28 56 77 65 38 63 96 48 77 69 8 99
88 78 18 71 8 75 49 90 8 41 22 50 54 31 56 40 61 55 30 2
46 5 10 75 73 15 7 64 57 14 42 39 71 53 33 59 68 2 11 76
24 17 53 54 45 73 67 18 11 87 90 16 43 59 69 55 8 49 30 53

2844 2625 1910 4831 3583 361 925 1248 3312 2838 530 3949 2968 1130 593 2574 688 2078 1853 1741

750 2111 1260 524 1963 3456 2771 1780 1356 2787 639 1423 2193 2739 2108 2109 822 4500 1849 2882

18 13 14 22 16 20 22 29 19 11 14 24 24 20 13 25 19 19 14 16 16 17 13 23 23 16 26 14 24 17 29 21 10 13 13 11 27 11 17 19 11 10 21 28 27 29 13 13 14 22

190 136 105 258 171 41 93 127 220 140 53 225 136 93 73 147 84 157 136 132
