50
20

31 87 93 44 33 84 35 36 5 50 55 24 40 25 19 22 5 54 21 85
62 56 36 57 45 48 19 1 67 98 62 56 9 26 5 41 12 58 43 92
74 21 78 1 19 28 31 10 89 74 79 53 93 67 9 67 89 60 89 16
92 38 7 83 54 98 20 43 27 20 16 11 20 15 96 28 19 93 94 34
19 93 35 34 91 79 66 69 78 70 21 33 8 69 16 0 51 21 65 71
61 0 75 25 97 5 66 53 90 20 4 18 10 77 66 39 57 4 66 19
76 71 97 64 59 51 96 37 94 57 16 79 84 44 64 69 24 56 46 5
17 80 28 43 86 32 98 10 79 72 89 82 3 51 99 3 21 13 28 76
90 9 0 47 52 13 49 83 76 25 92 91 21 8 8 45 84 7 6 19
32 29 37 24 43 87 7 23 9 49 63 54 55 22 89 88 7 89 21 12
93 62 59 99 59 8 60 13 51 95 10 68 74 39 40 19 40 51 99 77
73 20 30 64 18 83 6 42 76 69 94 6 73 8 99 96 24 49 70 92
46 27 84 86 51 83 46 42 97 5 52 96 98 56 28 52 16 22 19 82
72 68 5 19 77 98 63 31 43 69 2 81 38 81 46 37 94 60 30 76
81 3 42 93 7 53 31 21 0 11 50 6 96 16 15 11 26 58 1 28
84 74 90 34 7 74 64 8 22 83 89 7 19 94 43 59 57 74 85 26
30 63 63 46 32 64 7 45 3 6 60 96 45 36 44 60 45 66 55 22
38 87 45 26 98 17 26 65 41 51 12 79 78 36 76 61 52 77 90 89
50 52 88 20 63 92 46 22 52 60 83 27 30 21 41 29 67 3 63 64
90 80 5 45 27 27 51 42 14 39 95 16 71 99 29 66 11 51 50 38
43 99 62 4 75 52 46 16 35 76 22 84 69 27 32 44 69 77 2 7
60 50 76 5 31 43 27 79 98 85 88 80 41 71 54 61 33 63 50 92
72 52 72 37 78 24 33 52 10 69 90 6 20 28 10 37 56 69 23 86
68 35 60 77 81 4 68 37 52 57 68 67 10 39 78 13 57 70 23 98
64 27 24 18 9 8 0 0 33 57 58 90 2 10 43 9 9 70 64 2
64 51 39 56 42 38 4 82 77 32 90 67 57 19 61 50 28 41 70 85
10 80 70 76 14 83 86 15 81 81 47 52 89 82 24 78 19 40 14 92
48 44 94 98 28 54 8 42 63 98 69 90 95 99 96 9 59 99 12 85
65 94 75 17 32 2 7 57 57 31 69 74 16 6 70 84 24 84 20 60
89 64 67 15 58 72 72 32 23 65 18 65 41 5 50 53 83 81 97 21
31 88 28 36 62 87 26 74 4 2 99 2 63 44 61 67 30 46 32 70
32 59 73 57 96 54 24 49 20 7 27 3 76 79 50 66 2 21 44 72
38 44 98 96 31 58 68 55 1 60 8 25 45 25 20 15 32 24 0 21
5 84 50 42 90 67 91 33 89 12 78 34 7 88 15 98 23 44 30 96
25 49 32 81 58 74 76 50 61 38 25 16 87 33 47 80 30 3 7 84
14 29 56 74 3 55 1 95 57 57 14 8 14 36 31 0 3 84 31 28
4 63 98 10 0 94 18 64 15 35 51 47 99 8 81 59 29 6 51 4
34 70 8 17 43 37 35 25 48 0 49 66 94 8 65 10 66 22 91 46
26 99 74 30 7 55 28 11 99 47 11 69 43 72 24 52 48 63 69 78
96 36 65 41 77 23 19 50 90 91 12 83 2 27 28 19 34 40 45 6
37 25 74 67 59 71 98 48 24 13 58 60 88 70 91 80 7 1 5 98
66 91 56 37 45 39 61 81 13 1 55 75 79 27 83 3 41 89 89 42
29 82 25 54 99 50 11 67 50 77 13 47 71 29 18 73 19 51 20 63
13 44 52 6 71 86 29 13 38 69 80 78 81 54 91 20 41 90 81 41
84 28 84 23 70 31 17 62 46 69 51 89 37 43 5 37 71 76 49 59
80 69 76 5 58 8 77 0 61 72 32 94 96 74 5 80 13 38 96 80
11 91 99 67 27 36 58 65 48 10 33 38 86 63 8 74 0 13 0 13
43 44 68 75 85 77 13 3 37 9 22 6 60 10 5 81 59 31 26 39
81 48 15 74 61 45 28 45 9 31 77 60 6 22 68 85 62 41 94 4
63 20 83 26 98 7 11 97 45 3 98 65 59 89 81 19 94 25 12 77

29 77 24 34 41 45 51 39 82 75 57 9 36 69 17 21 51 50 60 79
45 12 34 21 38 42 91 25 33 76 27 97 58 70 46 80 35 8 33 28
47 65 77 4 21 7 45 35 35 94 27 99 32 16 85 45 90 77 84 70
81 15 89 97 26 4 51 32 22 5 18 94 89 35 42 53 92 85 79 99
1 5 85 52 18 26 72 72 80 12 59 31 97 32 53 56 25 12 34 57
38 5 16 99 74 93 41 81 76 93 92 27 25 52 57 10 61 38 70 58
32 65 8 15 7 18 33 57 63 49 91 85 10 80 19 41 32 17 16 27
43 69 90 21 98 27 66 8 10 46 35 92 36 28 75 39 75 9 74 68
64 96 26 5 60 98 96 53 61 64 67 40 4 0 8 65 30 48 45 41
4 43 2 2 48 68 62 33 9 92 49 43 73 54 47 69 98 25 98 4
28 59 44 79 14 21 8 33 46 54 26 66 78 20 87 49 93 23 22 38
59 0 63 21 49 51 65 87 29 27 55 0 65 5 55 16 68 15 84 83
91 7 50 0 56 66 85 32 63 6 65 5 18 17 48 30 68 36 97 34
49 68 77 81 73 75 62 31 5 15 60 57 25 95 61 21 56 70 69 85
16 3 56 96 18 73 69 81 26 82 65 42 48 9 52 26 19 18 81 19
4 1 89 87 25 27 8 69 88 16 94 79 79 74 12 84 38 49 17 72
33 86 94 7 5 11 51 48 37 54 83 82 90 2 53 88 87 36 44 43
54 91 93 18 44 52 8 53 95 73 16 87 19 68 17 83 93 32 20 95
29 78 95 34 25 96 64 63 23 80 28 4 48 77 81 47 72 44 71 99
51 21 17 96 29 72 68 88 79 32 90 53 65 60 96 2 18 7 66 98
63 39 22 74 56 57 50 42 89 28 85 26 9 17 2 54 26 65 88 98
19 64 67 42 79 39 22 22 17 11 29 68 53 16 95 37 56 9 73 18
92 59 86 53 13 37 83 4 90 37 22 53 63 84 40 19 76 31 63 41
14 29 54 32 57 39 18 36 19 13 3 24 41 63 68 7 52 1 1 72
19 1 19 50 53 44 77 78 25 25 63 17 43 34 74 36 56 58 68 76
9 45 73 46 66 41 77 26 55 79 28 73 28 96 33 52 21 96 23 48
65 83 22 20 78 44 48 12 48 47 27 22 79 82 93 6 62 65 14 61
93 91 63 6 48 82 24 78 96 88 6 92 0 39 93 29 38 28 67 76
48 4 82 2 78 96 56 63 95 84 37 71 81 3 37 56 28 42 56 11
94 70 32 11 3 3 85 37 84 1 52 33 90 49 23 2 44 60 33 8
93 17 55 29 75 32 10 94 34 86 96 94 27 87 88 43 11 57 61 44
17 29 51 71 22 26 46 72 10 44 76 72 54 58 35 17 73 41 72 79
50 43 19 31 97 85 40 60 33 56 40 65 81 25 46 66 12 5 53 20
98 19 13 21 45 76 97 29 17 43 42 53 75 69 1 86 99 6 33 69
41 30 95 22 64 51 44 79 44 75 46 18 26 50 58 56 96 10 16 69
88 98 69 45 29 41 25 87 19 93 91 17 76 81 51 51 95 16 85 58
19 52 38 96 0 6 98 14 8 75 21 51 11 17 31 71 46 60 78 19
38 85 21 82 46 85 92 97 44 80 37 34 56 73 42 47 22 48 4 69
46 58 98 4 54 56 39 32 77 51 52 30 27 23 7 81 27 91 55 18
24 50 99 29 90 0 76 24 84 42 26 29 45 22 85 62 26 22 28 14
92 63 44 30 49 41 12 67 60 23 30 87 23 76 88 93 33 80 9 80
8 25 37 20 71 42 74 46 23 29 70 1 51 92 10 88 10 17 40 70
33 82 76 95 0 96 8 48 63 22 7 37 21 27 82 89 85 67 43 98
74 87 82 57 36 8 70 58 82 28 22 54 92 52 95 13 1 33 11 93
0 96 23 46 4 60 69 7 65 96 67 34 36 82 70 10 16 31 66 7
32 24 96 97 33 56 29 41 9 88 13 91 48 55 93 3 19 78 65 28
12 83 4 36 86 12 89 93 29 1 12 89 92 33 43 96 68 11 88 91
47 10 61 90 31 80 61 66 20 39 20 39 95 57 68 93 45 28 26 21
31 84 29 16 86 86 27 80 76 8 38 85 81 97 33 26 85 73 73 54
52 94 60 67 53 19 24 11 74 26 99 97 93 70 41 63 30 10 91 20

2844 2625 1910 4831 3583 361 925 1248 3312 2838 530 3949 2968 1130 593 2574 688 2078 1853 1741

3832 3761 814 2365 2018 2581 1671 4712 3202 4401 758 4325 3469 1603 1341 3810 2328 3996 2205 4534

18 13 14 22 16 20 22 29 19 11 14 24 24 20 13 25 19 19 14 16 16 17 13 23 23 16 26 14 24 17 29 21 10 13 13 11 27 11 17 19 11 10 21 28 27 29 13 13 14 22

190 136 105 258 171 41 93 127 220 140 53 225 136 93 73 147 84 157 136 132
