50
20

25 35 95 49 97 77 61 52 89 44 21 37 95 74 60 58 17 90 67 28
17 33 46 9 12 25 97 81 99 87 60 48 67 29 31 41 22 3 99 38
26 69 72 93 38 16 73 64 11 53 44 64 59 50 76 81 26 85 54 57
11 49 87 96 20 3 68 47 67 85 76 6 28 20 12 3 38 73 43 75
71 55 86 62 42 69 63 49 35 55 0 51 34 70 58 25 11 16 24 41
9 2 84 55 8 95 68 58 75 7 39 2 32 16 65 26 89 19 88 28
34 68 88 61 68 35 6 41 33 2 72 7 67 82 45 69 95 14 69 17
21 77 9 95 95 31 6 71 64 76 64 22 36 81 77 50 9 26 46 86
45 66 41 40 2 2 11 17 34 20 52 94 43 39 83 40 29 68 90 22
74 67 32 17 69 75 29 38 41 27 71 38 75 89 14 46 16 86 65 56
88 80 56 67 97 51 67 57 70 69 51 15 70 67 65 87 80 53 13 9
45 16 53 12 19 25 28 42 56 9 19 26 38 85 28 76 33 65 51 3
21 48 81 98 41 96 64 92 33 42 0 7 89 72 45 57 37 99 75 54
7 91 12 55 81 49 16 18 92 36 0 71 54 95 22 28 21 27 60 78
10 92 68 37 38 73 79 58 59 12 2 24 1 4 16 58 31 8 74 54
9 13 63 89 5 71 76 77 87 80 14 75 7 79 98 64 46 93 68 38
81 38 11 99 9 66 33 33 20 24 63 6 10 47 65 24 79 12 95 22
56 21 16 2 41 98 76 14 60 6 2 55 66 23 58 41 45 44 91 66
98 81 45 55 13 86 15 74 49 25 88 56 88 68 87 63 45 72 95 76
20 85 53 1 46 89 54 21 64 54 52 29 30 86 89 45 29 76 97 77
53 95 19 81 85 86 76 45 67 44 48 98 57 0 73 7 17 29 65 21
66 60 4 78 0 70 68 80 59 62 77 6 98 75 6 9 93 87 62 25
75 82 38 89 95 21 91 39 45 10 11 36 91 75 68 57 8 88 60 24
0 87 2 68 58 95 20 64 97 33 56 63 54 78 68 21 51 15 19 96
62 73 67 69 22 58 92 95 73 18 46 3 37 94 95 9 73 59 91 82
26 34 95 8 3 46 49 23 31 47 46 18 68 33 63 36 84 21 55 7
28 61 16 5 52 22 64 8 52 40 99 8 52 50 49 91 42 24 95 89
37 83 42 77 28 77 83 63 43 20 65 94 25 43 59 76 13 10 91 82
68 90 81 99 88 87 16 32 7 73 25 71 61 86 57 82 77 67 66 88
9 61 61 44 36 10 73 26 86 95 41 83 65 31 30 22 89 0 23 37
50 79 64 84 88 15 19 79 16 37 7 57 34 0 10 29 45 35 60 24
27 13 58 0 53 59 90 56 52 93 29 95 41 50 40 3 94 33 38 49
12 94 53 32 12 39 10 8 56 13 23 1 82 97 66 55 7 45 63 91
18 20 21 84 68 18 85 64 50 96 2 9 1 21 8 80 77 31 88 26
90 62 76 49 93 81 69 11 72 30 5 27 68 79 15 67 35 38 39 64
15 61 79 12 85 71 29 85 9 74 1 14 86 25 32 19 91 94 48 62
59 31 25 76 27 22 59 92 64 88 43 61 43 83 17 47 35 75 30 36
28 18 36 87 98 67 12 25 2 67 68 40 46 40 89 59 61 44 29 93
93 71 45 73 81 16 44 39 86 32 77 38 95 59 8 50 99 76 40 41
42 26 69 13 79 19 15 10 79 94 31 92 78 13 97 80 65 12 67 48
44 19 92 3 16 43 64 91 78 66 45 3 19 99 76 85 70 4 79 74
30 64 0 96 94 62 55 24 27 20 72 71 79 85 52 57 37 64 79 83
42 71 62 7 36 9 88 97 98 7 9 6 9 98 3 95 29 91 82 5
87 91 28 42 29 50 89 36 48 62 58 88 16 51 30 9 85 80 88 22
12 12 89 71 50 87 34 70 92 96 42 87 61 71 79 28 0 11 87 85
79 30 38 51 40 89 91 29 51 33 38 74 25 74 57 46 30 72 18 84
7 96 7 92 56 6 52 35 66 36 88 62 4 6 81 6 72 90 94 44
13 89 77 99 19 26 6 21 70 39 10 87 16 34 52 6 69 39 53 3
65 68 88 36 39 78 84 70 89 84 92 96 41 64 26 81 41 71 84 92
30 27 94 16 79 76 58 73 91 14 66 7 6 23 36 86 41 82 69 48

60 23 78 50 9 5 3 34 58 98 24 57 10 6 63 34 42 64 33 63
83 58 99 30 47 76 71 20 60 30 79 14 0 76 8 38 46 31 0 97
92 59 58 3 78 73 91 95 61 81 97 90 93 70 81 21 5 7 36 68
18 91 42 56 2 8 74 1 85 49 96 23 59 2 15 43 56 38 92 53
73 33 54 20 73 13 51 46 9 0 35 18 20 12 82 17 10 27 69 52
14 25 67 52 6 73 34 38 2 1 9 42 60 96 31 54 90 8 55 18
20 49 17 95 79 24 88 81 97 27 4 27 28 88 80 23 57 58 25 25
31 76 26 41 37 32 72 14 16 39 32 49 77 79 2 98 61 70 88 77
65 89 8 87 26 26 95 71 15 77 65 14 11 85 69 82 47 89 40 47
27 51 13 51 98 53 73 97 86 4 57 85 49 77 24 15 11 91 63 31
64 85 95 88 66 62 7 42 60 0 11 24 4 49 20 31 82 72 81 37
31 89 8 31 9 45 16 17 92 93 29 37 69 76 27 2 75 53 51 47
81 87 84 38 33 0 70 98 8 69 46 37 27 2 99 92 38 30 62 25
81 3 29 19 72 76 37 88 69 13 54 73 40 53 69 6 3 32 68 57
34 17 54 87 57 29 29 92 58 55 60 91 97 56 92 9 95 51 71 47
37 9 12 42 99 92 98 68 11 32 15 12 97 21 57 53 63 67 39 3
20 30 23 93 61 44 37 34 43 99 40 58 20 19 61 28 50 80 18 88
54 50 3 67 15 25 78 74 39 24 13 46 5 50 82 31 1 23 79 22
96 56 24 69 16 32 82 50 13 82 93 53 38 96 15 22 85 8 2 60
34 21 76 92 25 98 85 30 47 8 21 97 17 95 68 5 77 47 95 77
39 47 6 75 72 42 28 77 84 83 85 99 52 86 97 57 18 41 98 36
37 75 62 84 48 24 87 64 7 75 66 26 8 9 55 87 69 19 9 30
68 3 49 47 51 61 85 9 56 32 3 21 12 64 90 6 10 85 59 14
70 38 0 62 31 91 57 47 48 21 20 78 73 53 83 38 46 98 93 62
39 11 0 79 17 71 87 81 3 58 35 1 79 68 46 0 46 0 44 36
33 1 13 15 15 56 44 78 3 60 15 79 96 2 6 28 3 56 27 31
9 59 27 41 6 9 95 3 24 30 68 58 49 75 32 34 90 71 55 45
47 21 88 73 85 17 55 9 24 40 76 72 88 39 19 25 75 15 78 81
64 58 96 42 31 19 16 29 73 92 6 91 53 66 91 3 97 53 98 87
42 5 92 20 80 86 60 18 67 51 71 93 93 51 12 39 15 68 93 88
20 49 56 44 54 90 45 78 50 93 4 49 19 92 25 90 4 23 67 58
15 94 91 48 72 59 20 23 44 21 84 0 63 9 31 1 37 1 12 54
91 7 58 8 25 4 18 95 61 9 22 55 10 30 98 1 86 20 38 92
63 37 3 53 19 73 21 37 44 16 99 38 99 49 64 97 35 6 6 46
29 40 78 94 93 58 93 57 56 57 2 70 23 35 56 32 80 81 87 97
70 63 53 83 82 60 42 77 27 24 15 52 68 46 52 33 65 87 19 70
27 77 67 0 82 96 41 21 21 6 56 1 66 82 64 92 77 67 28 27
83 41 64 22 15 95 29 3 78 38 63 41 78 77 4 50 99 61 49 2
94 58 21 42 38 24 64 15 51 83 77 55 92 7 65 63 89 90 63 10
40 40 53 19 15 37 99 14 39 32 60 57 34 83 43 87 46 50 26 52
1 6 61 87 47 29 22 80 88 69 72 32 13 36 58 4 74 23 59 7
73 74 51 64 52 63 51 76 5 32 68 50 52 22 68 77 45 75 29 75
89 8 43 19 15 78 91 42 22 88 6 67 76 10 88 2 41 16 40 22
84 54 47 5 62 0 5 0 87 75 75 52 50 17 31 98 18 31 8 29
55 71 79 56 25 26 29 46 73 96 73 12 8 10 65 62 15 97 94 56
81 21 40 10 7 43 57 68 49 69 3 8 99 97 36 61 7 67 26 71
0 92 79 7 56 5 65 14 28 56 77 65 38 63 96 48 77 69 8 99
88 78 18 71 8 75 49 90 8 41 22 50 54 31 56 40 61 55 30 2
46 5 10 75 73 15 7 64 57 14 42 39 71 53 33 59 68 2 11 76
24 17 53 54 45 73 67 18 11 87 90 16 43 59 69 55 8 49 30 53

2479 1052 3550 461 1616 683 478 1746 3353 924 834 630 949 3216 1996 1764 2553 5052 1405 818

750 2111 1260 524 1963 3456 2771 1780 1356 2787 639 1423 2193 2739 2108 2109 822 4500 1849 2882

19 14 29 23 26 26 10 23 11 13 14 24 13 12 25 23 21 11 10 11 12 28 15 26 15 21 29 26 25 16 23 13 24 13 21 26 21 28 10 20 17 17 28 12 21 25 29 17 15 24

242 55 216 46 195 62 49 104 156 96 97 53 46 163 200 204 214 240 65 36
