50
20

25 35 95 49 97 77 61 52 89 44 21 37 95 74 60 58 17 90 67 28
17 33 46 9 12 25 97 81 99 87 60 48 67 29 31 41 22 3 99 38
26 69 72 93 38 16 73 64 11 53 44 64 59 50 76 81 26 85 54 57
11 49 87 96 20 3 68 47 67 85 76 6 28 20 12 3 38 73 43 75
71 55 86 62 42 69 63 49 35 55 0 51 34 70 58 25 11 16 24 41
9 2 84 55 8 95 68 58 75 7 39 2 32 16 65 26 89 19 88 28
34 68 88 61 68 35 6 41 33 2 72 7 67 82 45 69 95 14 69 17
21 77 9 95 95 31 6 71 64 76 64 22 36 81 77 50 9 26 46 86
45 66 41 40 2 2 11 17 34 20 52 94 43 39 83 40 29 68 90 22
74 67 32 17 69 75 29 38 41 27 71 38 75 89 14 46 16 86 65 56
88 80 56 67 97 51 67 57 70 69 51 15 70 67 65 87 80 53 13 9
45 16 53 12 19 25 28 42 56 9 19 26 38 85 28 76 33 65 51 3
21 48 81 98 41 96 64 92 33 42 0 7 89 72 45 57 37 99 75 54
7 91 12 55 81 49 16 18 92 36 0 71 54 95 22 28 21 27 60 78
10 92 68 37 38 73 79 58 59 12 2 24 1 4 16 58 31 8 74 54
9 13 63 89 5 71 76 77 87 80 14 75 7 79 98 64 46 93 68 38
81 38 11 99 9 66 33 33 20 24 63 6 10 47 65 24 79 12 95 22
56 21 16 2 41 98 76 14 60 6 2 55 66 23 58 41 45 44 91 66
98 81 45 55 13 86 15 74 49 25 88 56 88 68 87 63 45 72 95 76
20 85 53 1 46 89 54 21 64 54 52 29 30 86 89 45 29 76 97 77
53 95 19 81 85 86 76 45 67 44 48 98 57 0 73 7 17 29 65 21
66 60 4 78 0 70 68 80 59 62 77 6 98 75 6 9 93 87 62 25
75 82 38 89 95 21 91 39 45 10 11 36 91 75 68 57 8 88 60 24
0 87 2 68 58 95 20 64 97 33 56 63 54 78 68 21 51 15 19 96
62 73 67 69 22 58 92 95 73 18 46 3 37 94 95 9 73 59 91 82
26 34 95 8 3 46 49 23 31 47 46 18 68 33 63 36 84 21 55 7
28 61 16 5 52 22 64 8 52 40 99 8 52 50 49 91 42 24 95 89
37 83 42 77 28 77 83 63 43 20 65 94 25 43 59 76 13 10 91 82
68 90 81 99 88 87 16 32 7 73 25 71 61 86 57 82 77 67 66 88
9 61 61 44 36 10 73 26 86 95 41 83 65 31 30 22 89 0 23 37
50 79 64 84 88 15 19 79 16 37 7 57 34 0 10 29 45 35 60 24
27 13 58 0 53 59 90 56 52 93 29 95 41 50 40 3 94 33 38 49
12 94 53 32 12 39 10 8 56 13 23 1 82 97 66 55 7 45 63 91
18 20 21 84 68 18 85 64 50 96 2 9 1 21 8 80 77 31 88 26
90 62 76 49 93 81 69 11 72 30 5 27 68 79 15 67 35 38 39 64
15 61 79 12 85 71 29 85 9 74 1 14 86 25 32 19 91 94 48 62
59 31 25 76 27 22 59 92 64 88 43 61 43 83 17 47 35 75 30 36
28 18 36 87 98 67 12 25 2 67 68 40 46 40 89 59 61 44 29 93
93 71 45 73 81 16 44 39 86 32 77 38 95 59 8 50 99 76 40 41
42 26 69 13 79 19 15 10 79 94 31 92 78 13 97 80 65 12 67 48
44 19 92 3 16 43 64 91 78 66 45 3 19 99 76 85 70 4 79 74
30 64 0 96 94 62 55 24 27 20 72 71 79 85 52 57 37 64 79 83
42 71 62 7 36 9 88 97 98 7 9 6 9 98 3 95 29 91 82 5
87 91 28 42 29 50 89 36 48 62 58 88 16 51 30 9 85 80 88 22
12 12 89 71 50 87 34 70 92 96 42 87 61 71 79 28 0 11 87 85
79 30 38 51 40 89 91 29 51 33 38 74 25 74 57 46 30 72 18 84
7 96 7 92 56 6 52 35 66 36 88 62 4 6 81 6 72 90 94 44
13 89 77 99 19 26 6 21 70 39 10 87 16 34 52 6 69 39 53 3
65 68 88 36 39 78 84 70 89 84 92 96 41 64 26 81 41 71 84 92
30 27 94 16 79 76 58 73 91 14 66 7 6 23 36 86 41 82 69 48

2 57 98 14 66 19 86 38 25 21 49 55 0 62 62 36 3 36 79 96
79 57 16 14 81 58 21 21 62 53 99 74 12 1 5 99 73 0 26 68
2 10 13 40 81 76 37 80 76 93 87 47 4 60 16 99 64 83 17 67
26 43 85 91 5 46 89 27 37 88 66 58 68 42 10 71 88 28 14 95
94 20 96 87 65 15 10 40 58 59 28 28 89 5 35 19 43 55 83 28
24 95 0 80 43 50 28 12 10 96 59 28 74 8 85 97 16 53 77 46
12 26 64 92 5 10 74 17 47 1 64 82 25 20 39 32 54 30 48 22
18 93 7 1 86 61 78 6 39 89 11 51 79 84 26 42 6 64 97 17
89 68 51 18 63 47 12 32 33 36 43 61 58 67 60 9 56 94 39 90
46 26 24 12 18 95 10 62 8 9 62 27 98 51 4 11 90 44 64 26
14 85 77 86 60 5 86 19 65 32 76 76 79 51 47 8 92 80 0 33
3 23 98 26 57 56 27 87 89 69 59 79 38 54 8 53 31 26 21 74
48 11 37 38 11 38 25 44 69 22 76 37 63 19 0 68 3 0 64 19
70 62 77 82 50 83 87 16 60 88 70 87 96 80 13 99 42 47 22 46
20 65 8 50 43 48 28 79 28 11 4 29 74 51 15 50 0 69 54 27
14 84 1 49 51 96 39 29 4 23 20 66 22 13 59 51 73 96 13 59
80 27 76 87 74 50 88 18 42 75 43 39 39 43 53 20 15 28 90 48
57 98 17 76 58 34 84 14 66 85 50 82 59 98 51 12 69 58 27 49
34 19 81 0 63 29 32 35 40 57 84 24 92 88 27 76 13 52 30 14
13 71 3 96 23 86 44 71 90 60 82 26 41 86 86 59 92 42 7 5
35 73 81 74 29 99 84 85 80 55 36 22 86 49 2 20 82 60 11 81
96 29 19 56 31 17 68 62 13 20 20 10 64 80 84 62 18 18 37 48
52 93 35 9 36 48 45 49 1 5 51 4 78 21 21 72 77 17 30 54
90 35 76 8 45 89 36 1 38 22 54 33 32 75 50 44 94 35 98 50
2 13 3 53 54 80 89 26 57 51 67 78 71 96 49 25 50 25 24 54
99 71 18 30 23 71 97 96 69 9 92 63 59 88 51 90 75 34 39 98
53 44 66 77 79 47 79 66 7 22 78 30 39 13 30 55 37 12 83 30
52 9 26 4 2 47 19 23 18 0 9 89 53 84 6 89 20 68 75 6
98 27 68 88 27 81 9 46 86 90 10 9 13 8 68 59 15 15 75 11
92 77 48 23 48 1 26 59 9 11 69 77 5 35 6 45 74 85 80 51
19 55 0 14 94 64 71 84 46 81 88 82 9 59 78 49 25 63 80 40
74 83 14 62 53 60 75 62 8 72 43 6 29 55 2 99 63 50 20 50
97 15 14 70 14 32 8 63 30 97 65 46 65 81 51 15 10 96 47 27
74 0 32 81 46 35 99 14 97 70 80 35 0 3 83 78 54 36 68 35
33 34 31 12 6 31 58 5 75 31 62 92 60 45 33 8 4 30 60 18
85 42 85 20 57 14 29 55 55 16 78 84 47 66 17 71 99 91 78 75
5 67 1 59 81 70 52 43 42 39 45 67 95 18 38 59 27 30 32 2
75 2 76 53 85 44 56 52 28 59 21 43 9 14 88 77 86 24 10 64
1 19 9 16 75 89 8 81 23 43 11 68 0 11 19 5 67 83 72 85
55 66 68 98 53 96 90 43 51 42 46 73 29 88 96 18 52 77 32 88
11 55 29 49 46 46 78 31 20 57 81 98 24 80 62 4 56 45 15 4
81 44 15 97 78 27 45 27 33 45 15 55 13 80 90 91 59 95 42 42
71 0 93 17 55 5 16 97 92 5 15 53 12 37 92 83 5 77 86 91
6 90 27 30 6 43 41 87 15 32 19 74 54 9 9 67 52 80 11 88
90 33 81 34 10 13 66 4 71 38 41 60 37 43 7 36 21 79 72 79
20 19 33 87 9 41 23 71 95 81 94 61 35 93 49 39 70 50 45 57
42 74 25 82 72 73 61 68 45 35 13 59 7 2 24 63 79 15 18 50
45 20 78 72 63 63 97 6 17 14 53 61 88 8 43 1 38 86 61 95
18 69 38 65 43 12 51 8 12 8 75 23 43 44 44 54 69 31 44 25
5 53 33 57 86 24 95 62 40 21 47 59 34 49 62 84 20 68 89 51

2479 1052 3550 461 1616 683 478 1746 3353 924 834 630 949 3216 1996 1764 2553 5052 1405 818

157 188 187 516 553 252 491 634 194 480 427 836 597 700 1030 777 168 340 98 798

19 14 29 23 26 26 10 23 11 13 14 24 13 12 25 23 21 11 10 11 12 28 15 26 15 21 29 26 25 16 23 13 24 13 21 26 21 28 10 20 17 17 28 12 21 25 29 17 15 24

242 55 216 46 195 62 49 104 156 96 97 53 46 163 200 204 214 240 65 36
