20
10

77 29 2 40 72 59 59 92 52 6
13 55 49 10 50 74 29 77 50 21
87 18 48 66 78 70 25 3 98 94
74 31 73 37 27 32 0 1 50 15
54 32 15 89 64 42 47 6 7 36
68 84 82 76 99 87 64 31 9 36
48 87 87 81 26 11 3 38 68 97
86 94 98 41 13 21 76 19 96 49
45 60 32 7 79 54 21 10 71 20
84 63 18 34 35 10 11 83 88 44
40 9 4 61 45 47 99 24 6 74
87 65 30 26 10 37 96 45 94 18
49 69 26 95 55 73 28 6 81 24
8 8 35 8 79 94 91 46 86 96
79 1 99 14 33 48 36 97 4 53
41 38 82 93 30 65 13 6 69 52
70 41 56 64 27 81 30 23 55 24
2 56 28 57 7 56 3 73 12 80
27 92 27 48 82 95 10 29 51 92
50 32 92 76 93 19 43 21 18 24

34 78 31 70 45 9 50 22 70 25
36 73 11 99 32 35 81 92 64 26
82 64 81 74 6 62 61 87 51 36
9 10 63 80 78 97 45 17 9 47
84 72 77 81 92 85 61 81 63 85
98 0 89 11 90 16 90 45 55 90
52 8 63 56 74 29 82 53 69 83
32 63 70 61 22 32 42 21 17 83
91 27 60 43 26 81 40 44 18 3
99 81 58 12 95 19 5 10 80 95
84 86 63 60 72 79 47 32 76 58
80 99 99 41 53 45 45 30 33 21
7 37 12 75 46 49 14 3 40 37
94 1 80 12 11 20 31 89 65 57
84 0 40 27 72 82 68 18 23 21
30 0 74 26 50 56 67 76 43 53
13 53 32 64 69 50 41 20 86 37
24 47 28 7 98 11 44 32 81 88
60 20 53 28 30 30 4 74 47 7
11 58 6 31 88 94 88 94 81 27

354 446 809 1578 737 1197 392 1289 1097 749

840 789 1090 739 563 207 671 834 300 437

11 29 25 23 10 23 11 22 28 27 21 25 14 19 19 15 20 19 21 13

32 23 74 80 61 67 27 66 68 64
