20
10

77 29 2 40 72 59 59 92 52 6
13 55 49 10 50 74 29 77 50 21
87 18 48 66 78 70 25 3 98 94
74 31 73 37 27 32 0 1 50 15
54 32 15 89 64 42 47 6 7 36
68 84 82 76 99 87 64 31 9 36
48 87 87 81 26 11 3 38 68 97
86 94 98 41 13 21 76 19 96 49
45 60 32 7 79 54 21 10 71 20
84 63 18 34 35 10 11 83 88 44
40 9 4 61 45 47 99 24 6 74
87 65 30 26 10 37 96 45 94 18
49 69 26 95 55 73 28 6 81 24
8 8 35 8 79 94 91 46 86 96
79 1 99 14 33 48 36 97 4 53
41 38 82 93 30 65 13 6 69 52
70 41 56 64 27 81 30 23 55 24
2 56 28 57 7 56 3 73 12 80
27 92 27 48 82 95 10 29 51 92
50 32 92 76 93 19 43 21 18 24

51 47 94 76 60 24 18 6 96 20
39 5 1 8 33 70 2 86 55 81
65 62 12 10 16 50 27 38 84 97
93 9 82 64 65 1 29 16 39 95
90 5 12 72 65 48 25 65 77 25
42 46 36 63 2 31 61 69 56 33
8 42 70 83 25 59 67 12 41 28
30 68 45 53 83 94 21 42 42 97
56 67 81 4 17 58 69 56 70 68
74 93 0 65 20 51 34 35 75 51
94 83 80 60 26 90 53 55 74 51
42 14 7 98 84 26 9 90 27 84
3 31 92 7 47 28 99 2 44 11
86 64 46 93 75 85 37 8 94 99
43 83 29 94 85 19 87 84 78 95
85 95 54 10 95 20 49 31 12 53
79 24 22 3 17 64 3 37 15 67
52 20 57 83 58 45 32 52 47 58
49 98 55 47 56 21 41 29 13 17
11 53 48 27 29 23 87 94 45 90

354 446 809 1578 737 1197 392 1289 1097 749

206 132 335 219 340 206 340 298 233 322

11 29 25 23 10 23 11 22 28 27 21 25 14 19 19 15 20 19 21 13

32 23 74 80 61 67 27 66 68 64
