50
20

27 76 13 52 30 14 13 71 3 96 23 86 44 71 90 60 82 26 41 86
86 59 92 42 7 5 35 73 81 74 29 99 84 85 80 55 36 22 86 49
2 20 82 60 11 81 96 29 19 56 31 17 68 62 13 20 20 10 64 80
84 62 18 18 37 48 52 93 35 9 36 48 45 49 1 5 51 4 78 21
21 72 77 17 30 54 90 35 76 8 45 89 36 1 38 22 54 33 32 75
50 44 94 35 98 50 2 13 3 53 54 80 89 26 57 51 67 78 71 96
49 25 50 25 24 54 99 71 18 30 23 71 97 96 69 9 92 63 59 88
51 90 75 34 39 98 53 44 66 77 79 47 79 66 7 22 78 30 39 13
30 55 37 12 83 30 52 9 26 4 2 47 19 23 18 0 9 89 53 84
6 89 20 68 75 6 98 27 68 88 27 81 9 46 86 90 10 9 13 8
68 59 15 15 75 11 92 77 48 23 48 1 26 59 9 11 69 77 5 35
6 45 74 85 80 51 19 55 0 14 94 64 71 84 46 81 88 82 9 59
78 49 25 63 80 40 74 83 14 62 53 60 75 62 8 72 43 6 29 55
2 99 63 50 20 50 97 15 14 70 14 32 8 63 30 97 65 46 65 81
51 15 10 96 47 27 74 0 32 81 46 35 99 14 97 70 80 35 0 3
83 78 54 36 68 35 33 34 31 12 6 31 58 5 75 31 62 92 60 45
33 8 4 30 60 18 85 42 85 20 57 14 29 55 55 16 78 84 47 66
17 71 99 91 78 75 5 67 1 59 81 70 52 43 42 39 45 67 95 18
38 59 27 30 32 2 75 2 76 53 85 44 56 52 28 59 21 43 9 14
88 77 86 24 10 64 1 19 9 16 75 89 8 81 23 43 11 68 0 11
19 5 67 83 72 85 55 66 68 98 53 96 90 43 51 42 46 73 29 88
96 18 52 77 32 88 11 55 29 49 46 46 78 31 20 57 81 98 24 80
62 4 56 45 15 4 81 44 15 97 78 27 45 27 33 45 15 55 13 80
90 91 59 95 42 42 71 0 93 17 55 5 16 97 92 5 15 53 12 37
92 83 5 77 86 91 6 90 27 30 6 43 41 87 15 32 19 74 54 9
9 67 52 80 11 88 90 33 81 34 10 13 66 4 71 38 41 60 37 43
7 36 21 79 72 79 20 19 33 87 9 41 23 71 95 81 94 61 35 93
49 39 70 50 45 57 42 74 25 82 72 73 61 68 45 35 13 59 7 2
24 63 79 15 18 50 45 20 78 72 63 63 97 6 17 14 53 61 88 8
43 1 38 86 61 95 18 69 38 65 43 12 51 8 12 8 75 23 43 44
44 54 69 31 44 25 5 53 33 57 86 24 95 62 40 21 47 59 34 49
62 84 20 68 89 51 60 62 61 56 0 95 94 78 14 78 27 28 58 13
46 34 79 2 98 53 53 12 79 47 60 37 20 48 3 83 34 66 46 10
66 73 37 76 40 84 72 49 99 8 11 0 64 39 25 80 83 24 63 58
26 7 70 58 59 51 67 30 90 89 3 47 91 36 22 1 16 92 15 48
80 95 47 30 82 7 76 60 50 60 5 63 83 72 38 95 96 21 35 93
88 39 62 30 8 58 17 60 72 27 54 6 61 71 40 96 11 73 26 70
68 99 2 12 58 78 79 62 17 39 19 35 72 39 95 42 58 51 59 82
25 85 55 65 70 66 92 79 80 98 76 99 97 77 60 25 28 35 62 81
48 34 63 4 3 38 77 28 69 26 68 29 61 40 40 81 81 59 36 44
33 66 27 96 88 29 61 59 34 26 9 86 58 85 38 33 59 4 91 93
66 91 43 1 31 34 84 15 8 78 34 44 32 82 89 74 85 88 69 5
88 7 99 23 58 18 47 41 36 31 20 4 63 55 62 31 54 87 19 46
8 98 79 16 57 77 75 4 25 85 29 91 66 8 65 47 0 9 23 36
48 36 57 89 68 22 83 92 15 91 29 58 81 43 91 85 4 5 1 18
36 52 61 82 14 33 94 25 79 81 26 8 25 60 95 35 81 98 43 91
69 9 53 50 68 87 23 58 87 43 91 11 38 16 70 77 44 58 29 35
34 5 48 35 13 66 34 92 92 85 61 70 35 81 88 28 52 49 55 33
38 92 71 38 45 4 37 12 34 33 66 66 45 2 9 82 79 41 78 70
86 83 33 7 1 18 81 14 59 1 99 91 4 76 73 13 61 41 24 59

60 23 78 50 9 5 3 34 58 98 24 57 10 6 63 34 42 64 33 63
83 58 99 30 47 76 71 20 60 30 79 14 0 76 8 38 46 31 0 97
92 59 58 3 78 73 91 95 61 81 97 90 93 70 81 21 5 7 36 68
18 91 42 56 2 8 74 1 85 49 96 23 59 2 15 43 56 38 92 53
73 33 54 20 73 13 51 46 9 0 35 18 20 12 82 17 10 27 69 52
14 25 67 52 6 73 34 38 2 1 9 42 60 96 31 54 90 8 55 18
20 49 17 95 79 24 88 81 97 27 4 27 28 88 80 23 57 58 25 25
31 76 26 41 37 32 72 14 16 39 32 49 77 79 2 98 61 70 88 77
65 89 8 87 26 26 95 71 15 77 65 14 11 85 69 82 47 89 40 47
27 51 13 51 98 53 73 97 86 4 57 85 49 77 24 15 11 91 63 31
64 85 95 88 66 62 7 42 60 0 11 24 4 49 20 31 82 72 81 37
31 89 8 31 9 45 16 17 92 93 29 37 69 76 27 2 75 53 51 47
81 87 84 38 33 0 70 98 8 69 46 37 27 2 99 92 38 30 62 25
81 3 29 19 72 76 37 88 69 13 54 73 40 53 69 6 3 32 68 57
34 17 54 87 57 29 29 92 58 55 60 91 97 56 92 9 95 51 71 47
37 9 12 42 99 92 98 68 11 32 15 12 97 21 57 53 63 67 39 3
20 30 23 93 61 44 37 34 43 99 40 58 20 19 61 28 50 80 18 88
54 50 3 67 15 25 78 74 39 24 13 46 5 50 82 31 1 23 79 22
96 56 24 69 16 32 82 50 13 82 93 53 38 96 15 22 85 8 2 60
34 21 76 92 25 98 85 30 47 8 21 97 17 95 68 5 77 47 95 77
39 47 6 75 72 42 28 77 84 83 85 99 52 86 97 57 18 41 98 36
37 75 62 84 48 24 87 64 7 75 66 26 8 9 55 87 69 19 9 30
68 3 49 47 51 61 85 9 56 32 3 21 12 64 90 6 10 85 59 14
70 38 0 62 31 91 57 47 48 21 20 78 73 53 83 38 46 98 93 62
39 11 0 79 17 71 87 81 3 58 35 1 79 68 46 0 46 0 44 36
33 1 13 15 15 56 44 78 3 60 15 79 96 2 6 28 3 56 27 31
9 59 27 41 6 9 95 3 24 30 68 58 49 75 32 34 90 71 55 45
47 21 88 73 85 17 55 9 24 40 76 72 88 39 19 25 75 15 78 81
64 58 96 42 31 19 16 29 73 92 6 91 53 66 91 3 97 53 98 87
42 5 92 20 80 86 60 18 67 51 71 93 93 51 12 39 15 68 93 88
20 49 56 44 54 90 45 78 50 93 4 49 19 92 25 90 4 23 67 58
15 94 91 48 72 59 20 23 44 21 84 0 63 9 31 1 37 1 12 54
91 7 58 8 25 4 18 95 61 9 22 55 10 30 98 1 86 20 38 92
63 37 3 53 19 73 21 37 44 16 99 38 99 49 64 97 35 6 6 46
29 40 78 94 93 58 93 57 56 57 2 70 23 35 56 32 80 81 87 97
70 63 53 83 82 60 42 77 27 24 15 52 68 46 52 33 65 87 19 70
27 77 67 0 82 96 41 21 21 6 56 1 66 82 64 92 77 67 28 27
83 41 64 22 15 95 29 3 78 38 63 41 78 77 4 50 99 61 49 2
94 58 21 42 38 24 64 15 51 83 77 55 92 7 65 63 89 90 63 10
40 40 53 19 15 37 99 14 39 32 60 57 34 83 43 87 46 50 26 52
1 6 61 87 47 29 22 80 88 69 72 32 13 36 58 4 74 23 59 7
73 74 51 64 52 63 51 76 5 32 68 50 52 22 68 77 45 75 29 75
89 8 43 19 15 78 91 42 22 88 6 67 76 10 88 2 41 16 40 22
84 54 47 5 62 0 5 0 87 75 75 52 50 17 31 98 18 31 8 29
55 71 79 56 25 26 29 46 73 96 73 12 8 10 65 62 15 97 94 56
81 21 40 10 7 43 57 68 49 69 3 8 99 97 36 61 7 67 26 71
0 92 79 7 56 5 65 14 28 56 77 65 38 63 96 48 77 69 8 99
88 78 18 71 8 75 49 90 8 41 22 50 54 31 56 40 61 55 30 2
46 5 10 75 73 15 7 64 57 14 42 39 71 53 33 59 68 2 11 76
24 17 53 54 45 73 67 18 11 87 90 16 43 59 69 55 8 49 30 53

875 819 591 1135 848 375 538 232 376 524 871 397 441 252 568 928 1327 451 1266 1234

750 2111 1260 524 1963 3456 2771 1780 1356 2787 639 1423 2193 2739 2108 2109 822 4500 1849 2882

15 22 24 17 32 9 4 36 6 22 28 35 18 32 33 33 10 24 5 30 29 16 9 27 23 8 31 14 38 5 21 32 29 9 29 34 30 6 37 10 5 35 20 1 26 25 29 34 33 8

75 123 65 87 73 35 62 44 26 102 79 37 41 46 51 72 106 32 115 111
