50
20

2 57 98 14 66 19 86 38 25 21 49 55 0 62 62 36 3 36 79 96
79 57 16 14 81 58 21 21 62 53 99 74 12 1 5 99 73 0 26 68
2 10 13 40 81 76 37 80 76 93 87 47 4 60 16 99 64 83 17 67
26 43 85 91 5 46 89 27 37 88 66 58 68 42 10 71 88 28 14 95
94 20 96 87 65 15 10 40 58 59 28 28 89 5 35 19 43 55 83 28
24 95 0 80 43 50 28 12 10 96 59 28 74 8 85 97 16 53 77 46
12 26 64 92 5 10 74 17 47 1 64 82 25 20 39 32 54 30 48 22
18 93 7 1 86 61 78 6 39 89 11 51 79 84 26 42 6 64 97 17
89 68 51 18 63 47 12 32 33 36 43 61 58 67 60 9 56 94 39 90
46 26 24 12 18 95 10 62 8 9 62 27 98 51 4 11 90 44 64 26
14 85 77 86 60 5 86 19 65 32 76 76 79 51 47 8 92 80 0 33
3 23 98 26 57 56 27 87 89 69 59 79 38 54 8 53 31 26 21 74
48 11 37 38 11 38 25 44 69 22 76 37 63 19 0 68 3 0 64 19
70 62 77 82 50 83 87 16 60 88 70 87 96 80 13 99 42 47 22 46
20 65 8 50 43 48 28 79 28 11 4 29 74 51 15 50 0 69 54 27
14 84 1 49 51 96 39 29 4 23 20 66 22 13 59 51 73 96 13 59
80 27 76 87 74 50 88 18 42 75 43 39 39 43 53 20 15 28 90 48
57 98 17 76 58 34 84 14 66 85 50 82 59 98 51 12 69 58 27 49
34 19 81 0 63 29 32 35 40 57 84 24 92 88 27 76 13 52 30 14
13 71 3 96 23 86 44 71 90 60 82 26 41 86 86 59 92 42 7 5
35 73 81 74 29 99 84 85 80 55 36 22 86 49 2 20 82 60 11 81
96 29 19 56 31 17 68 62 13 20 20 10 64 80 84 62 18 18 37 48
52 93 35 9 36 48 45 49 1 5 51 4 78 21 21 72 77 17 30 54
90 35 76 8 45 89 36 1 38 22 54 33 32 75 50 44 94 35 98 50
2 13 3 53 54 80 89 26 57 51 67 78 71 96 49 25 50 25 24 54
99 71 18 30 23 71 97 96 69 9 92 63 59 88 51 90 75 34 39 98
53 44 66 77 79 47 79 66 7 22 78 30 39 13 30 55 37 12 83 30
52 9 26 4 2 47 19 23 18 0 9 89 53 84 6 89 20 68 75 6
98 27 68 88 27 81 9 46 86 90 10 9 13 8 68 59 15 15 75 11
92 77 48 23 48 1 26 59 9 11 69 77 5 35 6 45 74 85 80 51
19 55 0 14 94 64 71 84 46 81 88 82 9 59 78 49 25 63 80 40
74 83 14 62 53 60 75 62 8 72 43 6 29 55 2 99 63 50 20 50
97 15 14 70 14 32 8 63 30 97 65 46 65 81 51 15 10 96 47 27
74 0 32 81 46 35 99 14 97 70 80 35 0 3 83 78 54 36 68 35
33 34 31 12 6 31 58 5 75 31 62 92 60 45 33 8 4 30 60 18
85 42 85 20 57 14 29 55 55 16 78 84 47 66 17 71 99 91 78 75
5 67 1 59 81 70 52 43 42 39 45 67 95 18 38 59 27 30 32 2
75 2 76 53 85 44 56 52 28 59 21 43 9 14 88 77 86 24 10 64
1 19 9 16 75 89 8 81 23 43 11 68 0 11 19 5 67 83 72 85
55 66 68 98 53 96 90 43 51 42 46 73 29 88 96 18 52 77 32 88
11 55 29 49 46 46 78 31 20 57 81 98 24 80 62 4 56 45 15 4
81 44 15 97 78 27 45 27 33 45 15 55 13 80 90 91 59 95 42 42
71 0 93 17 55 5 16 97 92 5 15 53 12 37 92 83 5 77 86 91
6 90 27 30 6 43 41 87 15 32 19 74 54 9 9 67 52 80 11 88
90 33 81 34 10 13 66 4 71 38 41 60 37 43 7 36 21 79 72 79
20 19 33 87 9 41 23 71 95 81 94 61 35 93 49 39 70 50 45 57
42 74 25 82 72 73 61 68 45 35 13 59 7 2 24 63 79 15 18 50
45 20 78 72 63 63 97 6 17 14 53 61 88 8 43 1 38 86 61 95
18 69 38 65 43 12 51 8 12 8 75 23 43 44 44 54 69 31 44 25
5 53 33 57 86 24 95 62 40 21 47 59 34 49 62 84 20 68 89 51

60 23 78 50 9 5 3 34 58 98 24 57 10 6 63 34 42 64 33 63
83 58 99 30 47 76 71 20 60 30 79 14 0 76 8 38 46 31 0 97
92 59 58 3 78 73 91 95 61 81 97 90 93 70 81 21 5 7 36 68
18 91 42 56 2 8 74 1 85 49 96 23 59 2 15 43 56 38 92 53
73 33 54 20 73 13 51 46 9 0 35 18 20 12 82 17 10 27 69 52
14 25 67 52 6 73 34 38 2 1 9 42 60 96 31 54 90 8 55 18
20 49 17 95 79 24 88 81 97 27 4 27 28 88 80 23 57 58 25 25
31 76 26 41 37 32 72 14 16 39 32 49 77 79 2 98 61 70 88 77
65 89 8 87 26 26 95 71 15 77 65 14 11 85 69 82 47 89 40 47
27 51 13 51 98 53 73 97 86 4 57 85 49 77 24 15 11 91 63 31
64 85 95 88 66 62 7 42 60 0 11 24 4 49 20 31 82 72 81 37
31 89 8 31 9 45 16 17 92 93 29 37 69 76 27 2 75 53 51 47
81 87 84 38 33 0 70 98 8 69 46 37 27 2 99 92 38 30 62 25
81 3 29 19 72 76 37 88 69 13 54 73 40 53 69 6 3 32 68 57
34 17 54 87 57 29 29 92 58 55 60 91 97 56 92 9 95 51 71 47
37 9 12 42 99 92 98 68 11 32 15 12 97 21 57 53 63 67 39 3
20 30 23 93 61 44 37 34 43 99 40 58 20 19 61 28 50 80 18 88
54 50 3 67 15 25 78 74 39 24 13 46 5 50 82 31 1 23 79 22
96 56 24 69 16 32 82 50 13 82 93 53 38 96 15 22 85 8 2 60
34 21 76 92 25 98 85 30 47 8 21 97 17 95 68 5 77 47 95 77
39 47 6 75 72 42 28 77 84 83 85 99 52 86 97 57 18 41 98 36
37 75 62 84 48 24 87 64 7 75 66 26 8 9 55 87 69 19 9 30
68 3 49 47 51 61 85 9 56 32 3 21 12 64 90 6 10 85 59 14
70 38 0 62 31 91 57 47 48 21 20 78 73 53 83 38 46 98 93 62
39 11 0 79 17 71 87 81 3 58 35 1 79 68 46 0 46 0 44 36
33 1 13 15 15 56 44 78 3 60 15 79 96 2 6 28 3 56 27 31
9 59 27 41 6 9 95 3 24 30 68 58 49 75 32 34 90 71 55 45
47 21 88 73 85 17 55 9 24 40 76 72 88 39 19 25 75 15 78 81
64 58 96 42 31 19 16 29 73 92 6 91 53 66 91 3 97 53 98 87
42 5 92 20 80 86 60 18 67 51 71 93 93 51 12 39 15 68 93 88
20 49 56 44 54 90 45 78 50 93 4 49 19 92 25 90 4 23 67 58
15 94 91 48 72 59 20 23 44 21 84 0 63 9 31 1 37 1 12 54
91 7 58 8 25 4 18 95 61 9 22 55 10 30 98 1 86 20 38 92
63 37 3 53 19 73 21 37 44 16 99 38 99 49 64 97 35 6 6 46
29 40 78 94 93 58 93 57 56 57 2 70 23 35 56 32 80 81 87 97
70 63 53 83 82 60 42 77 27 24 15 52 68 46 52 33 65 87 19 70
27 77 67 0 82 96 41 21 21 6 56 1 66 82 64 92 77 67 28 27
83 41 64 22 15 95 29 3 78 38 63 41 78 77 4 50 99 61 49 2
94 58 21 42 38 24 64 15 51 83 77 55 92 7 65 63 89 90 63 10
40 40 53 19 15 37 99 14 39 32 60 57 34 83 43 87 46 50 26 52
1 6 61 87 47 29 22 80 88 69 72 32 13 36 58 4 74 23 59 7
73 74 51 64 52 63 51 76 5 32 68 50 52 22 68 77 45 75 29 75
89 8 43 19 15 78 91 42 22 88 6 67 76 10 88 2 41 16 40 22
84 54 47 5 62 0 5 0 87 75 75 52 50 17 31 98 18 31 8 29
55 71 79 56 25 26 29 46 73 96 73 12 8 10 65 62 15 97 94 56
81 21 40 10 7 43 57 68 49 69 3 8 99 97 36 61 7 67 26 71
0 92 79 7 56 5 65 14 28 56 77 65 38 63 96 48 77 69 8 99
88 78 18 71 8 75 49 90 8 41 22 50 54 31 56 40 61 55 30 2
46 5 10 75 73 15 7 64 57 14 42 39 71 53 33 59 68 2 11 76
24 17 53 54 45 73 67 18 11 87 90 16 43 59 69 55 8 49 30 53

157 188 187 516 553 252 491 634 194 480 427 836 597 700 1030 777 168 340 98 798

750 2111 1260 524 1963 3456 2771 1780 1356 2787 639 1423 2193 2739 2108 2109 822 4500 1849 2882

15 22 24 17 32 9 4 36 6 22 28 35 18 32 33 33 10 24 5 30 29 16 9 27 23 8 31 14 38 5 21 32 29 9 29 34 30 6 37 10 5 35 20 1 26 25 29 34 33 8

37 45 44 115 77 96 185 186 30 140 73 143 136 107 207 140 50 48 40 172
