50
20

2 57 98 14 66 19 86 38 25 21 49 55 0 62 62 36 3 36 79 96
79 57 16 14 81 58 21 21 62 53 99 74 12 1 5 99 73 0 26 68
2 10 13 40 81 76 37 80 76 93 87 47 4 60 16 99 64 83 17 67
26 43 85 91 5 46 89 27 37 88 66 58 68 42 10 71 88 28 14 95
94 20 96 87 65 15 10 40 58 59 28 28 89 5 35 19 43 55 83 28
24 95 0 80 43 50 28 12 10 96 59 28 74 8 85 97 16 53 77 46
12 26 64 92 5 10 74 17 47 1 64 82 25 20 39 32 54 30 48 22
18 93 7 1 86 61 78 6 39 89 11 51 79 84 26 42 6 64 97 17
89 68 51 18 63 47 12 32 33 36 43 61 58 67 60 9 56 94 39 90
46 26 24 12 18 95 10 62 8 9 62 27 98 51 4 11 90 44 64 26
14 85 77 86 60 5 86 19 65 32 76 76 79 51 47 8 92 80 0 33
3 23 98 26 57 56 27 87 89 69 59 79 38 54 8 53 31 26 21 74
48 11 37 38 11 38 25 44 69 22 76 37 63 19 0 68 3 0 64 19
70 62 77 82 50 83 87 16 60 88 70 87 96 80 13 99 42 47 22 46
20 65 8 50 43 48 28 79 28 11 4 29 74 51 15 50 0 69 54 27
14 84 1 49 51 96 39 29 4 23 20 66 22 13 59 51 73 96 13 59
80 27 76 87 74 50 88 18 42 75 43 39 39 43 53 20 15 28 90 48
57 98 17 76 58 34 84 14 66 85 50 82 59 98 51 12 69 58 27 49
34 19 81 0 63 29 32 35 40 57 84 24 92 88 27 76 13 52 30 14
13 71 3 96 23 86 44 71 90 60 82 26 41 86 86 59 92 42 7 5
35 73 81 74 29 99 84 85 80 55 36 22 86 49 2 20 82 60 11 81
96 29 19 56 31 17 68 62 13 20 20 10 64 80 84 62 18 18 37 48
52 93 35 9 36 48 45 49 1 5 51 4 78 21 21 72 77 17 30 54
90 35 76 8 45 89 36 1 38 22 54 33 32 75 50 44 94 35 98 50
2 13 3 53 54 80 89 26 57 51 67 78 71 96 49 25 50 25 24 54
99 71 18 30 23 71 97 96 69 9 92 63 59 88 51 90 75 34 39 98
53 44 66 77 79 47 79 66 7 22 78 30 39 13 30 55 37 12 83 30
52 9 26 4 2 47 19 23 18 0 9 89 53 84 6 89 20 68 75 6
98 27 68 88 27 81 9 46 86 90 10 9 13 8 68 59 15 15 75 11
92 77 48 23 48 1 26 59 9 11 69 77 5 35 6 45 74 85 80 51
19 55 0 14 94 64 71 84 46 81 88 82 9 59 78 49 25 63 80 40
74 83 14 62 53 60 75 62 8 72 43 6 29 55 2 99 63 50 20 50
97 15 14 70 14 32 8 63 30 97 65 46 65 81 51 15 10 96 47 27
74 0 32 81 46 35 99 14 97 70 80 35 0 3 83 78 54 36 68 35
33 34 31 12 6 31 58 5 75 31 62 92 60 45 33 8 4 30 60 18
85 42 85 20 57 14 29 55 55 16 78 84 47 66 17 71 99 91 78 75
5 67 1 59 81 70 52 43 42 39 45 67 95 18 38 59 27 30 32 2
75 2 76 53 85 44 56 52 28 59 21 43 9 14 88 77 86 24 10 64
1 19 9 16 75 89 8 81 23 43 11 68 0 11 19 5 67 83 72 85
55 66 68 98 53 96 90 43 51 42 46 73 29 88 96 18 52 77 32 88
11 55 29 49 46 46 78 31 20 57 81 98 24 80 62 4 56 45 15 4
81 44 15 97 78 27 45 27 33 45 15 55 13 80 90 91 59 95 42 42
71 0 93 17 55 5 16 97 92 5 15 53 12 37 92 83 5 77 86 91
6 90 27 30 6 43 41 87 15 32 19 74 54 9 9 67 52 80 11 88
90 33 81 34 10 13 66 4 71 38 41 60 37 43 7 36 21 79 72 79
20 19 33 87 9 41 23 71 95 81 94 61 35 93 49 39 70 50 45 57
42 74 25 82 72 73 61 68 45 35 13 59 7 2 24 63 79 15 18 50
45 20 78 72 63 63 97 6 17 14 53 61 88 8 43 1 38 86 61 95
18 69 38 65 43 12 51 8 12 8 75 23 43 44 44 54 69 31 44 25
5 53 33 57 86 24 95 62 40 21 47 59 34 49 62 84 20 68 89 51

29 77 24 34 41 45 51 39 82 75 57 9 36 69 17 21 51 50 60 79
45 12 34 21 38 42 91 25 33 76 27 97 58 70 46 80 35 8 33 28
47 65 77 4 21 7 45 35 35 94 27 99 32 16 85 45 90 77 84 70
81 15 89 97 26 4 51 32 22 5 18 94 89 35 42 53 92 85 79 99
1 5 85 52 18 26 72 72 80 12 59 31 97 32 53 56 25 12 34 57
38 5 16 99 74 93 41 81 76 93 92 27 25 52 57 10 61 38 70 58
32 65 8 15 7 18 33 57 63 49 91 85 10 80 19 41 32 17 16 27
43 69 90 21 98 27 66 8 10 46 35 92 36 28 75 39 75 9 74 68
64 96 26 5 60 98 96 53 61 64 67 40 4 0 8 65 30 48 45 41
4 43 2 2 48 68 62 33 9 92 49 43 73 54 47 69 98 25 98 4
28 59 44 79 14 21 8 33 46 54 26 66 78 20 87 49 93 23 22 38
59 0 63 21 49 51 65 87 29 27 55 0 65 5 55 16 68 15 84 83
91 7 50 0 56 66 85 32 63 6 65 5 18 17 48 30 68 36 97 34
49 68 77 81 73 75 62 31 5 15 60 57 25 95 61 21 56 70 69 85
16 3 56 96 18 73 69 81 26 82 65 42 48 9 52 26 19 18 81 19
4 1 89 87 25 27 8 69 88 16 94 79 79 74 12 84 38 49 17 72
33 86 94 7 5 11 51 48 37 54 83 82 90 2 53 88 87 36 44 43
54 91 93 18 44 52 8 53 95 73 16 87 19 68 17 83 93 32 20 95
29 78 95 34 25 96 64 63 23 80 28 4 48 77 81 47 72 44 71 99
51 21 17 96 29 72 68 88 79 32 90 53 65 60 96 2 18 7 66 98
63 39 22 74 56 57 50 42 89 28 85 26 9 17 2 54 26 65 88 98
19 64 67 42 79 39 22 22 17 11 29 68 53 16 95 37 56 9 73 18
92 59 86 53 13 37 83 4 90 37 22 53 63 84 40 19 76 31 63 41
14 29 54 32 57 39 18 36 19 13 3 24 41 63 68 7 52 1 1 72
19 1 19 50 53 44 77 78 25 25 63 17 43 34 74 36 56 58 68 76
9 45 73 46 66 41 77 26 55 79 28 73 28 96 33 52 21 96 23 48
65 83 22 20 78 44 48 12 48 47 27 22 79 82 93 6 62 65 14 61
93 91 63 6 48 82 24 78 96 88 6 92 0 39 93 29 38 28 67 76
48 4 82 2 78 96 56 63 95 84 37 71 81 3 37 56 28 42 56 11
94 70 32 11 3 3 85 37 84 1 52 33 90 49 23 2 44 60 33 8
93 17 55 29 75 32 10 94 34 86 96 94 27 87 88 43 11 57 61 44
17 29 51 71 22 26 46 72 10 44 76 72 54 58 35 17 73 41 72 79
50 43 19 31 97 85 40 60 33 56 40 65 81 25 46 66 12 5 53 20
98 19 13 21 45 76 97 29 17 43 42 53 75 69 1 86 99 6 33 69
41 30 95 22 64 51 44 79 44 75 46 18 26 50 58 56 96 10 16 69
88 98 69 45 29 41 25 87 19 93 91 17 76 81 51 51 95 16 85 58
19 52 38 96 0 6 98 14 8 75 21 51 11 17 31 71 46 60 78 19
38 85 21 82 46 85 92 97 44 80 37 34 56 73 42 47 22 48 4 69
46 58 98 4 54 56 39 32 77 51 52 30 27 23 7 81 27 91 55 18
24 50 99 29 90 0 76 24 84 42 26 29 45 22 85 62 26 22 28 14
92 63 44 30 49 41 12 67 60 23 30 87 23 76 88 93 33 80 9 80
8 25 37 20 71 42 74 46 23 29 70 1 51 92 10 88 10 17 40 70
33 82 76 95 0 96 8 48 63 22 7 37 21 27 82 89 85 67 43 98
74 87 82 57 36 8 70 58 82 28 22 54 92 52 95 13 1 33 11 93
0 96 23 46 4 60 69 7 65 96 67 34 36 82 70 10 16 31 66 7
32 24 96 97 33 56 29 41 9 88 13 91 48 55 93 3 19 78 65 28
12 83 4 36 86 12 89 93 29 1 12 89 92 33 43 96 68 11 88 91
47 10 61 90 31 80 61 66 20 39 20 39 95 57 68 93 45 28 26 21
31 84 29 16 86 86 27 80 76 8 38 85 81 97 33 26 85 73 73 54
52 94 60 67 53 19 24 11 74 26 99 97 93 70 41 63 30 10 91 20

157 188 187 516 553 252 491 634 194 480 427 836 597 700 1030 777 168 340 98 798

3832 3761 814 2365 2018 2581 1671 4712 3202 4401 758 4325 3469 1603 1341 3810 2328 3996 2205 4534

15 22 24 17 32 9 4 36 6 22 28 35 18 32 33 33 10 24 5 30 29 16 9 27 23 8 31 14 38 5 21 32 29 9 29 34 30 6 37 10 5 35 20 1 26 25 29 34 33 8

37 45 44 115 77 96 185 186 30 140 73 143 136 107 207 140 50 48 40 172
