60
30

83 40 24 19 44 70 51 10 7 43 11 83 78 74 40 63 18 50 85 23 87 65 5 51 46 23 55 30 68 22
19 15 45 87 37 95 56 11 18 58 61 38 44 96 33 89 14 25 30 10 67 6 80 93 0 90 29 16 55 18
72 82 53 66 69 57 89 90 16 57 25 35 27 0 42 5 35 50 31 96 29 19 45 58 91 77 31 29 74 16
32 54 62 60 2 83 96 1 94 24 48 25 9 75 80 45 15 69 33 58 68 17 14 99 7 15 86 40 99 57
86 87 41 84 6 43 79 35 30 61 64 96 9 98 82 66 9 32 16 76 65 33 22 36 42 63 42 89 67 77
76 15 84 33 90 88 59 34 18 98 36 72 12 86 97 28 29 54 10 64 53 44 53 10 14 2 34 17 34 75
72 45 9 98 95 2 31 72 63 52 78 48 37 60 47 53 41 32 6 36 94 84 77 20 7 45 90 72 69 60
66 47 75 72 17 57 59 84 66 75 44 36 40 69 20 45 77 34 10 95 46 65 80 78 90 82 22 6 19 7
90 81 23 58 87 51 94 99 27 11 47 63 16 38 11 49 33 38 8 49 5 71 54 50 99 73 42 36 77 84
91 72 99 63 84 42 54 44 6 83 61 58 73 33 75 32 18 82 82 43 47 95 66 79 8 52 93 40 32 19
41 81 24 36 60 80 29 10 57 79 92 24 32 40 92 11 9 5 14 63 38 55 96 49 68 6 59 90 15 92
6 97 64 22 55 75 96 99 36 55 13 51 67 91 24 16 99 53 86 65 74 95 29 61 57 69 21 5 33 34
29 83 60 66 87 46 47 68 92 79 80 50 78 23 18 10 31 87 39 46 63 33 97 85 46 43 31 92 73 98
28 12 9 10 38 52 33 9 86 99 96 71 36 46 41 25 4 58 59 95 5 4 84 50 6 44 41 72 16 35
6 74 17 5 41 12 31 9 14 86 80 56 14 18 78 75 27 54 60 70 22 26 38 74 76 74 47 88 27 12
11 93 39 88 45 49 21 70 80 24 24 67 63 33 14 56 77 47 98 74 93 34 50 7 29 28 54 80 89 38
77 21 9 43 26 62 31 34 58 7 75 11 47 61 90 28 25 13 2 54 52 16 83 92 78 8 15 73 18 60
24 20 25 46 6 40 58 87 67 6 69 90 52 13 51 94 41 44 38 8 23 67 21 79 85 43 57 40 84 43
54 22 70 62 67 29 95 21 61 20 19 64 83 25 98 6 90 8 19 88 2 53 5 34 77 29 25 39 46 57
69 0 34 93 65 1 59 4 65 99 97 86 26 65 42 63 48 93 5 63 50 72 30 53 14 88 22 99 6 87
16 55 56 40 17 16 72 76 19 94 7 70 66 75 2 16 97 96 83 6 20 36 83 14 95 5 14 36 1 88
1 48 48 72 76 84 46 53 79 31 25 19 9 9 1 47 31 83 9 58 35 11 49 21 94 34 29 95 67 69
88 65 58 40 36 89 9 87 52 81 95 14 16 87 56 68 72 27 74 83 52 26 84 98 89 30 77 60 29 7
33 54 98 63 98 33 83 28 84 31 50 94 53 80 91 0 34 83 86 9 64 91 9 18 58 92 24 92 53 21
49 11 71 42 79 84 17 53 3 54 79 27 42 7 11 86 13 53 25 67 85 53 7 34 77 96 34 43 23 52
65 53 6 75 39 60 18 98 83 81 23 75 19 19 16 46 48 95 3 32 12 12 46 86 83 96 60 62 36 34
44 74 81 98 77 54 93 17 34 40 36 51 77 38 79 78 46 60 68 76 43 15 75 92 84 3 46 13 76 61
37 76 27 37 91 98 1 99 87 99 84 13 92 55 14 36 81 5 92 13 99 0 78 73 91 59 48 66 21 79
52 82 61 11 99 40 9 6 76 51 73 75 62 89 40 35 93 2 97 31 98 84 91 45 13 68 38 46 25 4
9 39 28 53 76 10 75 95 71 73 64 45 3 92 96 4 40 92 81 12 45 18 97 73 18 91 12 57 91 65
36 13 85 97 52 46 3 72 54 37 40 61 85 5 26 75 51 63 30 79 60 83 95 55 6 95 77 26 4 85
25 6 39 57 94 7 86 76 7 30 22 12 98 32 22 52 91 33 28 39 17 6 20 76 61 63 28 81 90 41
75 93 10 43 27 66 58 81 1 99 5 41 49 88 54 54 18 94 43 51 63 71 84 35 64 94 9 91 53 83
0 30 74 11 19 24 30 37 70 85 80 13 60 97 94 48 39 2 75 35 29 95 29 65 86 84 4 79 53 20
56 67 76 96 10 64 20 82 14 37 97 38 16 58 86 16 98 93 6 52 61 70 90 10 34 94 53 26 65 20
54 58 98 17 8 42 54 68 80 27 80 97 82 17 14 17 43 48 93 39 35 87 99 86 69 22 23 99 86 89
81 45 22 44 26 34 11 78 37 31 67 48 65 16 36 50 88 16 40 71 92 22 26 94 78 61 7 36 76 89
63 55 98 26 15 47 74 37 24 20 52 53 43 15 43 61 50 23 65 22 35 94 96 94 4 65 45 68 41 35
9 39 31 59 73 74 42 65 61 62 8 86 51 26 72 79 23 66 83 73 83 43 34 55 94 25 17 97 8 70
9 85 75 90 15 95 73 46 56 26 91 61 47 99 49 36 16 67 50 31 70 96 89 31 93 22 57 1 38 91
38 22 46 30 62 52 11 7 78 39 63 88 55 4 51 90 20 59 34 90 5 25 19 39 42 80 14 92 45 24
61 52 64 73 87 93 93 3 87 97 76 94 14 38 30 79 50 90 2 64 84 35 6 84 12 5 13 26 49 92
2 18 4 92 78 64 64 77 30 85 88 20 68 91 11 93 80 90 1 39 90 13 23 70 5 8 3 53 82 47
97 79 59 18 10 25 33 25 7 66 67 10 29 87 65 56 1 0 52 60 82 77 44 58 6 44 92 69 21 95
41 62 8 40 33 81 44 72 42 82 46 22 37 56 2 62 90 54 84 35 81 25 95 54 80 47 86 84 90 3
67 98 94 36 77 92 26 79 95 56 80 52 9 88 8 69 69 64 77 95 5 5 89 43 65 20 80 16 16 97
62 14 17 85 53 71 51 79 27 1 75 8 81 43 21 86 84 62 67 69 68 28 59 45 80 87 42 32 84 95
45 70 4 73 19 31 44 16 24 78 11 55 21 62 41 57 8 17 3 13 7 5 21 47 88 20 49 47 99 52
94 7 23 70 49 19 95 68 2 59 36 94 38 64 90 56 19 87 93 64 43 71 72 55 99 86 84 26 74 31
30 46 72 67 98 44 64 57 42 82 74 30 79 62 54 69 66 33 31 18 96 86 13 48 20 59 82 24 87 87
17 63 55 85 42 80 13 16 55 61 27 13 17 4 92 46 91 29 55 43 58 28 38 26 63 28 81 8 56 79
86 59 31 85 18 43 88 45 14 94 63 69 93 58 0 97 63 41 69 19 86 36 38 87 37 3 76 58 60 51
21 14 16 25 51 57 84 2 56 54 44 62 63 90 56 66 2 65 27 72 90 33 12 72 73 57 10 19 70 53
33 90 86 31 63 99 0 55 43 45 51 89 43 85 69 97 6 41 13 9 68 91 46 79 10 11 24 92 73 52
2 98 52 83 72 78 60 25 85 72 8 63 42 27 50 9 28 32 4 44 35 71 20 83 12 85 79 22 15 39
38 62 63 42 41 40 11 42 90 76 0 19 15 50 57 33 4 57 25 4 87 88 80 35 64 59 50 95 43 74
29 36 18 90 79 2 99 28 45 54 83 55 26 23 25 4 84 69 41 33 79 89 65 42 71 28 29 64 8 71
48 46 10 14 24 53 14 63 96 69 29 86 18 94 28 31 21 28 74 86 96 23 48 30 20 29 42 19 94 70
20 91 64 17 64 96 64 50 67 77 77 39 26 53 22 57 59 4 9 32 37 28 1 88 23 37 9 29 38 17
85 79 6 52 85 73 58 98 45 60 74 62 60 67 13 12 72 35 55 21 20 29 46 31 89 73 32 88 62 72

86 55 50 76 0 98 41 85 70 83 1 15 52 12 17 44 26 50 91 72 13 31 0 86 72 88 66 13 99 89
26 98 60 7 43 52 18 47 86 64 40 22 67 65 3 47 27 94 15 90 2 88 40 93 99 25 87 73 82 68
91 41 42 89 9 15 90 93 8 14 17 47 12 42 90 90 41 31 87 96 46 73 99 88 45 64 32 44 98 61
6 48 73 1 19 50 11 43 33 71 68 36 1 39 2 13 35 65 46 77 78 79 61 15 53 87 75 71 84 32
54 50 6 49 48 46 32 70 19 8 23 97 45 80 91 64 48 11 25 56 95 77 19 39 72 86 49 44 27 68
26 94 33 42 12 59 18 34 92 1 58 81 26 26 35 42 26 61 13 14 47 21 64 2 63 37 66 8 80 60
44 41 13 55 33 43 15 59 84 1 46 65 25 89 15 56 81 47 29 86 82 6 47 13 29 5 0 5 3 63
52 78 20 7 88 54 77 64 66 19 44 64 76 51 94 13 76 24 75 51 12 14 64 77 30 74 61 18 56 38
18 82 80 83 96 11 80 49 10 23 77 5 95 19 1 14 10 90 6 12 59 38 70 35 93 19 66 40 34 51
93 2 18 55 92 2 62 26 3 14 2 38 23 74 34 43 76 76 92 10 13 44 21 24 86 59 24 30 84 39
15 95 7 27 82 24 26 4 57 58 57 42 45 37 38 73 54 91 91 29 31 18 14 86 98 52 28 9 37 14
73 90 75 21 32 12 66 87 30 2 67 42 29 42 56 48 17 44 48 98 73 28 95 15 40 44 77 97 51 31
34 78 84 5 79 78 38 23 97 96 65 49 27 40 91 40 75 8 17 21 7 80 83 99 21 55 30 69 92 62
94 82 43 33 30 89 94 98 31 92 76 59 1 40 20 46 0 80 64 54 54 27 20 31 21 33 24 47 36 53
25 81 84 40 12 97 82 38 81 90 51 20 77 38 20 16 79 84 1 21 9 32 8 82 76 25 20 88 88 56
19 30 9 18 32 0 15 92 75 41 5 42 75 75 48 48 15 54 85 7 24 43 22 91 17 94 60 18 51 91
74 1 54 77 22 64 37 73 49 43 3 79 24 24 17 90 10 61 89 80 66 98 84 40 35 83 81 66 58 42
20 35 14 54 24 12 92 42 82 88 34 82 21 24 99 85 27 68 58 2 57 56 99 68 85 24 5 67 61 91
52 12 69 79 16 45 24 97 97 5 37 90 13 43 47 42 86 52 88 77 60 53 44 90 10 59 12 25 13 7
80 56 24 20 76 52 58 55 60 34 62 34 58 42 53 68 57 90 41 35 22 53 59 48 86 32 74 44 40 90
62 69 19 40 55 39 55 48 94 23 49 68 59 41 87 25 45 1 91 17 20 20 86 0 68 78 32 72 13 24
30 81 78 25 24 12 22 23 56 29 51 40 19 88 10 67 51 36 2 92 46 66 73 75 73 87 76 86 39 45
97 30 25 81 14 54 99 37 3 2 64 24 29 55 8 23 86 83 64 90 63 95 84 70 54 47 12 54 45 72
76 25 48 23 58 88 43 37 9 68 73 89 2 29 2 67 67 44 6 90 25 18 87 69 26 56 10 63 66 4
11 90 24 31 32 92 47 16 61 59 81 53 6 77 27 8 16 34 55 65 37 18 19 70 58 78 54 41 90 30
38 10 82 49 74 22 67 59 94 98 91 13 3 31 74 35 33 90 93 66 45 43 94 27 19 11 86 90 10 36
42 33 63 10 41 12 28 2 16 74 89 85 76 93 23 35 48 15 49 75 25 30 19 77 42 7 82 25 99 79
99 44 8 39 15 11 43 97 99 15 93 14 7 42 85 0 51 87 96 48 41 27 82 45 71 6 92 77 50 13
54 22 86 60 34 92 1 87 17 77 10 47 60 91 10 55 8 40 57 4 88 44 10 78 2 86 4 13 6 86
53 92 27 2 97 70 60 19 66 79 66 78 97 26 27 43 45 24 60 22 72 93 87 94 94 28 1 84 34 24
94 13 5 96 20 5 18 55 28 25 90 94 65 84 5 25 52 38 44 68 79 61 89 56 60 66 66 42 67 22
88 5 12 66 9 79 58 24 98 85 75 92 90 7 65 30 91 57 43 75 28 22 27 75 61 85 69 11 35 56
59 40 2 66 68 84 51 9 90 55 44 24 38 87 18 61 87 9 24 76 56 81 0 40 88 89 2 64 74 58
47 69 14 32 25 58 16 34 4 73 86 0 26 28 54 53 62 66 29 66 80 80 93 15 51 92 71 31 87 70
37 15 82 50 39 46 15 75 58 14 27 75 43 63 76 44 56 14 46 97 60 3 50 10 7 63 60 64 8 34
52 73 14 71 58 33 15 85 44 53 48 51 64 35 78 57 85 14 77 73 31 0 23 74 35 46 99 43 87 62
55 37 95 33 64 94 28 23 97 6 91 70 83 1 47 91 33 95 4 69 47 13 11 84 35 90 46 14 19 1
83 6 88 82 73 4 40 32 81 88 14 24 48 46 14 52 92 99 74 99 47 33 95 96 20 29 85 16 4 80
63 14 81 36 12 16 4 32 96 13 41 64 67 4 19 44 37 19 2 30 90 92 90 25 51 66 25 79 37 72
44 52 79 88 2 8 52 92 69 55 85 43 69 57 31 69 18 68 97 50 65 76 93 5 66 52 38 45 30 48
29 31 10 80 59 59 53 94 55 65 8 2 56 10 63 37 56 95 68 65 87 18 56 42 19 70 72 15 83 33
74 15 70 22 56 59 49 92 27 86 96 98 24 96 59 81 55 43 62 14 5 24 51 30 35 52 26 27 65 9
9 13 33 27 44 30 50 22 38 82 1 90 70 56 78 51 40 2 13 81 47 11 77 76 79 20 48 47 99 20
64 18 36 46 19 98 9 93 67 47 66 54 40 32 95 10 94 74 46 98 42 22 77 27 40 95 9 53 29 86
42 95 47 20 84 73 80 11 95 3 96 54 23 63 95 53 16 36 56 63 20 76 83 8 97 58 63 96 29 24
94 45 84 7 54 85 73 14 98 12 6 8 37 4 44 93 1 13 97 13 11 10 5 20 12 45 22 54 26 37
76 57 49 15 80 12 86 75 18 69 94 19 19 11 97 2 15 57 80 87 30 27 64 97 43 97 41 7 40 19
18 18 33 5 84 8 6 72 4 44 35 19 22 13 87 68 0 92 70 0 42 70 26 67 82 1 72 50 19 37
16 13 42 81 33 52 74 49 60 55 33 39 38 23 74 46 32 92 75 64 90 95 79 72 22 27 95 87 30 5
30 43 84 49 8 10 58 10 81 84 67 32 54 98 39 20 77 34 53 49 67 48 5 44 72 21 79 6 90 17
54 65 95 0 54 97 41 32 37 24 54 74 72 80 14 53 48 29 95 63 22 60 27 16 95 80 87 61 80 7
18 43 78 14 68 53 10 81 74 16 49 64 27 97 47 78 17 25 74 49 26 82 82 1 22 83 88 66 75 56
30 39 90 7 36 15 43 11 7 77 53 71 19 34 18 49 85 13 29 31 25 59 5 13 52 2 27 6 58 94
74 84 62 15 78 46 59 13 48 51 76 20 32 53 23 66 35 43 2 75 79 77 6 15 4 40 24 48 27 85
30 85 9 43 28 52 16 90 78 29 46 19 20 96 81 55 85 20 68 10 40 58 55 63 23 57 30 17 63 80
20 60 77 91 88 46 6 73 96 58 20 66 38 26 16 48 75 15 75 88 95 97 61 64 6 82 76 1 24 64
7 92 15 16 20 92 7 23 96 4 73 63 14 7 58 51 14 73 4 13 16 91 80 68 53 95 42 16 69 45
67 70 67 34 31 77 28 1 49 24 22 78 64 11 83 14 80 41 37 22 67 70 74 80 72 6 28 61 35 42
99 66 72 88 30 8 98 12 19 56 79 14 31 30 44 98 52 27 10 8 83 2 75 51 68 35 7 8 18 75
16 28 66 19 91 41 55 74 57 31 60 28 52 74 95 3 52 14 44 70 92 35 22 73 51 62 62 66 7 92

870 642 2013 1862 1384 404 2150 960 1871 943 257 571 1350 1608 1326 416 376 1258 1793 858 632 1817 735 517 637 1568 1510 475 482 1494

23124 12194 3202 18698 2329 8221 4785 18137 26796 17253 4135 26622 4849 25083 5550 27228 3082 19202 19263 23387 11663 16876 7697 5489 15034 23631 26610 14393 10587 17712

22 21 25 23 29 14 11 15 14 10 27 25 14 20 26 28 23 16 23 13 16 22 17 21 21 13 19 11 10 14 13 12 13 13 21 26 22 17 27 25 18 17 11 17 27 23 20 29 21 27 23 11 23 22 20 17 25 25 19 18

118 163 126 87 183 202 127 140 77 129 102 59 159 126 111 67 153 36 210 31 193 51 209 116 157 29 161 136 22 134
