60
30

83 40 24 19 44 70 51 10 7 43 11 83 78 74 40 63 18 50 85 23 87 65 5 51 46 23 55 30 68 22
19 15 45 87 37 95 56 11 18 58 61 38 44 96 33 89 14 25 30 10 67 6 80 93 0 90 29 16 55 18
72 82 53 66 69 57 89 90 16 57 25 35 27 0 42 5 35 50 31 96 29 19 45 58 91 77 31 29 74 16
32 54 62 60 2 83 96 1 94 24 48 25 9 75 80 45 15 69 33 58 68 17 14 99 7 15 86 40 99 57
86 87 41 84 6 43 79 35 30 61 64 96 9 98 82 66 9 32 16 76 65 33 22 36 42 63 42 89 67 77
76 15 84 33 90 88 59 34 18 98 36 72 12 86 97 28 29 54 10 64 53 44 53 10 14 2 34 17 34 75
72 45 9 98 95 2 31 72 63 52 78 48 37 60 47 53 41 32 6 36 94 84 77 20 7 45 90 72 69 60
66 47 75 72 17 57 59 84 66 75 44 36 40 69 20 45 77 34 10 95 46 65 80 78 90 82 22 6 19 7
90 81 23 58 87 51 94 99 27 11 47 63 16 38 11 49 33 38 8 49 5 71 54 50 99 73 42 36 77 84
91 72 99 63 84 42 54 44 6 83 61 58 73 33 75 32 18 82 82 43 47 95 66 79 8 52 93 40 32 19
41 81 24 36 60 80 29 10 57 79 92 24 32 40 92 11 9 5 14 63 38 55 96 49 68 6 59 90 15 92
6 97 64 22 55 75 96 99 36 55 13 51 67 91 24 16 99 53 86 65 74 95 29 61 57 69 21 5 33 34
29 83 60 66 87 46 47 68 92 79 80 50 78 23 18 10 31 87 39 46 63 33 97 85 46 43 31 92 73 98
28 12 9 10 38 52 33 9 86 99 96 71 36 46 41 25 4 58 59 95 5 4 84 50 6 44 41 72 16 35
6 74 17 5 41 12 31 9 14 86 80 56 14 18 78 75 27 54 60 70 22 26 38 74 76 74 47 88 27 12
11 93 39 88 45 49 21 70 80 24 24 67 63 33 14 56 77 47 98 74 93 34 50 7 29 28 54 80 89 38
77 21 9 43 26 62 31 34 58 7 75 11 47 61 90 28 25 13 2 54 52 16 83 92 78 8 15 73 18 60
24 20 25 46 6 40 58 87 67 6 69 90 52 13 51 94 41 44 38 8 23 67 21 79 85 43 57 40 84 43
54 22 70 62 67 29 95 21 61 20 19 64 83 25 98 6 90 8 19 88 2 53 5 34 77 29 25 39 46 57
69 0 34 93 65 1 59 4 65 99 97 86 26 65 42 63 48 93 5 63 50 72 30 53 14 88 22 99 6 87
16 55 56 40 17 16 72 76 19 94 7 70 66 75 2 16 97 96 83 6 20 36 83 14 95 5 14 36 1 88
1 48 48 72 76 84 46 53 79 31 25 19 9 9 1 47 31 83 9 58 35 11 49 21 94 34 29 95 67 69
88 65 58 40 36 89 9 87 52 81 95 14 16 87 56 68 72 27 74 83 52 26 84 98 89 30 77 60 29 7
33 54 98 63 98 33 83 28 84 31 50 94 53 80 91 0 34 83 86 9 64 91 9 18 58 92 24 92 53 21
49 11 71 42 79 84 17 53 3 54 79 27 42 7 11 86 13 53 25 67 85 53 7 34 77 96 34 43 23 52
65 53 6 75 39 60 18 98 83 81 23 75 19 19 16 46 48 95 3 32 12 12 46 86 83 96 60 62 36 34
44 74 81 98 77 54 93 17 34 40 36 51 77 38 79 78 46 60 68 76 43 15 75 92 84 3 46 13 76 61
37 76 27 37 91 98 1 99 87 99 84 13 92 55 14 36 81 5 92 13 99 0 78 73 91 59 48 66 21 79
52 82 61 11 99 40 9 6 76 51 73 75 62 89 40 35 93 2 97 31 98 84 91 45 13 68 38 46 25 4
9 39 28 53 76 10 75 95 71 73 64 45 3 92 96 4 40 92 81 12 45 18 97 73 18 91 12 57 91 65
36 13 85 97 52 46 3 72 54 37 40 61 85 5 26 75 51 63 30 79 60 83 95 55 6 95 77 26 4 85
25 6 39 57 94 7 86 76 7 30 22 12 98 32 22 52 91 33 28 39 17 6 20 76 61 63 28 81 90 41
75 93 10 43 27 66 58 81 1 99 5 41 49 88 54 54 18 94 43 51 63 71 84 35 64 94 9 91 53 83
0 30 74 11 19 24 30 37 70 85 80 13 60 97 94 48 39 2 75 35 29 95 29 65 86 84 4 79 53 20
56 67 76 96 10 64 20 82 14 37 97 38 16 58 86 16 98 93 6 52 61 70 90 10 34 94 53 26 65 20
54 58 98 17 8 42 54 68 80 27 80 97 82 17 14 17 43 48 93 39 35 87 99 86 69 22 23 99 86 89
81 45 22 44 26 34 11 78 37 31 67 48 65 16 36 50 88 16 40 71 92 22 26 94 78 61 7 36 76 89
63 55 98 26 15 47 74 37 24 20 52 53 43 15 43 61 50 23 65 22 35 94 96 94 4 65 45 68 41 35
9 39 31 59 73 74 42 65 61 62 8 86 51 26 72 79 23 66 83 73 83 43 34 55 94 25 17 97 8 70
9 85 75 90 15 95 73 46 56 26 91 61 47 99 49 36 16 67 50 31 70 96 89 31 93 22 57 1 38 91
38 22 46 30 62 52 11 7 78 39 63 88 55 4 51 90 20 59 34 90 5 25 19 39 42 80 14 92 45 24
61 52 64 73 87 93 93 3 87 97 76 94 14 38 30 79 50 90 2 64 84 35 6 84 12 5 13 26 49 92
2 18 4 92 78 64 64 77 30 85 88 20 68 91 11 93 80 90 1 39 90 13 23 70 5 8 3 53 82 47
97 79 59 18 10 25 33 25 7 66 67 10 29 87 65 56 1 0 52 60 82 77 44 58 6 44 92 69 21 95
41 62 8 40 33 81 44 72 42 82 46 22 37 56 2 62 90 54 84 35 81 25 95 54 80 47 86 84 90 3
67 98 94 36 77 92 26 79 95 56 80 52 9 88 8 69 69 64 77 95 5 5 89 43 65 20 80 16 16 97
62 14 17 85 53 71 51 79 27 1 75 8 81 43 21 86 84 62 67 69 68 28 59 45 80 87 42 32 84 95
45 70 4 73 19 31 44 16 24 78 11 55 21 62 41 57 8 17 3 13 7 5 21 47 88 20 49 47 99 52
94 7 23 70 49 19 95 68 2 59 36 94 38 64 90 56 19 87 93 64 43 71 72 55 99 86 84 26 74 31
30 46 72 67 98 44 64 57 42 82 74 30 79 62 54 69 66 33 31 18 96 86 13 48 20 59 82 24 87 87
17 63 55 85 42 80 13 16 55 61 27 13 17 4 92 46 91 29 55 43 58 28 38 26 63 28 81 8 56 79
86 59 31 85 18 43 88 45 14 94 63 69 93 58 0 97 63 41 69 19 86 36 38 87 37 3 76 58 60 51
21 14 16 25 51 57 84 2 56 54 44 62 63 90 56 66 2 65 27 72 90 33 12 72 73 57 10 19 70 53
33 90 86 31 63 99 0 55 43 45 51 89 43 85 69 97 6 41 13 9 68 91 46 79 10 11 24 92 73 52
2 98 52 83 72 78 60 25 85 72 8 63 42 27 50 9 28 32 4 44 35 71 20 83 12 85 79 22 15 39
38 62 63 42 41 40 11 42 90 76 0 19 15 50 57 33 4 57 25 4 87 88 80 35 64 59 50 95 43 74
29 36 18 90 79 2 99 28 45 54 83 55 26 23 25 4 84 69 41 33 79 89 65 42 71 28 29 64 8 71
48 46 10 14 24 53 14 63 96 69 29 86 18 94 28 31 21 28 74 86 96 23 48 30 20 29 42 19 94 70
20 91 64 17 64 96 64 50 67 77 77 39 26 53 22 57 59 4 9 32 37 28 1 88 23 37 9 29 38 17
85 79 6 52 85 73 58 98 45 60 74 62 60 67 13 12 72 35 55 21 20 29 46 31 89 73 32 88 62 72

82 42 62 4 57 20 83 23 87 74 72 72 17 46 2 98 7 90 38 37 16 52 83 60 68 38 61 63 49 44
6 52 33 88 3 58 26 59 10 74 97 79 62 17 23 45 16 37 62 85 1 39 41 64 94 89 17 2 8 10
51 10 83 6 3 47 14 54 33 48 46 57 75 87 41 56 11 69 70 31 61 73 5 49 80 69 12 36 10 7
56 74 32 39 88 68 35 16 63 8 66 82 8 48 51 50 47 59 98 40 48 27 7 1 48 27 69 53 72 59
11 34 49 46 34 18 98 44 43 44 32 78 60 84 1 39 77 27 82 87 3 58 70 42 79 71 42 79 92 28
98 36 10 66 95 10 98 10 25 8 19 36 8 64 99 9 15 40 31 78 8 96 40 2 91 58 27 40 5 50
84 39 97 59 21 94 60 41 64 61 16 4 24 51 95 7 17 39 26 79 11 72 48 31 22 32 3 25 76 20
71 27 27 58 64 39 80 12 73 6 69 95 57 38 94 3 4 92 95 89 96 99 42 79 85 31 62 87 32 62
24 77 82 43 50 89 77 5 46 18 23 64 51 17 68 88 40 61 58 46 62 0 73 62 69 76 63 27 71 86
42 51 41 33 91 68 34 65 4 1 4 16 59 69 43 9 5 96 43 49 91 38 97 46 90 47 63 43 89 41
58 29 31 45 73 63 62 19 4 47 95 89 60 15 94 63 78 37 59 72 61 45 48 77 25 28 68 49 17 67
28 90 29 93 36 64 37 99 73 51 38 27 89 49 45 27 98 84 89 42 59 94 23 82 86 18 23 78 12 82
48 37 9 81 90 36 26 92 26 24 8 64 58 28 10 78 12 69 6 59 6 48 70 7 33 46 71 55 13 58
15 75 97 48 19 12 47 96 9 83 4 79 65 0 39 1 66 89 38 65 10 10 56 58 89 23 67 81 81 26
67 60 53 77 28 1 9 76 1 91 28 58 10 59 53 42 0 27 55 13 23 41 65 49 68 53 55 20 75 84
4 11 6 3 90 52 28 98 87 56 54 17 61 5 55 12 90 15 12 16 56 99 93 29 88 80 66 95 38 45
82 5 41 30 99 39 75 81 7 51 26 29 6 52 23 77 26 44 7 88 93 9 38 11 93 65 54 3 73 27
45 11 84 51 2 50 62 48 45 63 0 71 57 63 54 52 65 97 80 11 45 71 8 77 54 33 96 90 1 4
14 69 22 99 52 84 8 74 61 40 21 15 65 78 74 19 95 52 74 55 50 28 56 16 72 19 44 65 96 50
29 68 7 23 46 56 29 19 93 53 10 55 9 70 82 95 30 49 24 70 72 7 42 63 3 17 50 65 32 22
9 95 96 66 73 69 35 98 34 25 99 76 72 61 3 79 55 48 41 97 34 0 17 75 35 39 60 11 52 73
30 39 78 81 22 65 28 68 38 7 56 29 81 77 57 59 83 9 14 72 82 2 16 18 4 52 81 32 12 77
39 33 36 68 68 68 90 24 89 59 45 31 60 10 4 29 26 77 13 44 9 3 90 93 63 78 63 95 6 74
54 36 19 63 31 77 65 19 41 91 71 63 77 89 84 2 45 51 85 73 44 88 14 82 63 89 60 16 61 28
10 54 93 51 50 13 86 52 82 4 78 11 85 78 94 62 39 95 90 2 92 35 14 60 29 57 59 7 97 45
0 45 65 11 47 28 36 58 55 95 53 97 67 18 44 85 92 3 10 31 39 82 50 82 45 95 75 79 99 50
59 60 17 5 18 43 45 14 32 8 78 27 38 76 31 38 57 42 1 30 54 11 99 37 12 60 46 49 97 2
62 18 29 33 88 35 89 99 26 99 40 0 84 84 17 25 57 91 32 87 89 27 2 86 91 51 81 47 13 90
63 89 90 0 89 20 22 28 70 86 40 15 11 0 85 22 96 32 91 88 77 38 58 47 61 65 46 53 7 50
25 8 66 4 86 78 22 52 65 46 29 64 49 36 44 6 78 12 5 89 43 33 95 94 49 10 7 11 5 13
87 6 50 7 21 18 13 28 5 42 99 16 4 47 26 78 86 43 50 43 94 93 79 20 91 32 34 3 94 40
23 43 69 80 40 11 66 4 95 15 17 83 42 35 11 5 53 1 34 68 71 20 39 47 31 38 66 10 26 79
45 24 61 98 48 68 33 58 65 43 18 0 34 46 48 65 35 62 24 4 33 67 97 67 40 57 90 67 22 63
71 60 60 90 96 75 67 97 55 6 2 17 28 32 31 85 6 35 37 98 46 30 74 55 70 24 19 34 5 80
56 10 51 35 10 20 12 13 19 21 15 28 87 17 31 56 80 29 42 44 50 46 34 66 0 77 20 49 22 95
91 39 66 46 86 58 42 48 6 93 45 25 11 16 53 35 96 7 53 91 17 54 83 94 15 37 1 8 59 17
18 60 21 3 47 47 31 54 74 67 86 39 33 25 23 77 56 70 52 12 19 61 30 97 15 85 27 14 14 52
90 19 0 55 29 20 95 69 74 10 98 21 70 16 21 64 21 38 74 23 89 91 48 9 14 73 1 18 19 8
27 45 97 65 84 10 10 30 0 47 44 86 81 10 88 31 95 16 59 41 12 4 57 57 7 87 38 46 68 43
51 72 74 49 54 81 10 60 22 68 55 97 1 5 61 90 80 35 90 86 77 46 95 23 69 13 59 23 8 49
17 69 93 4 39 59 18 10 40 43 80 58 49 12 46 59 51 68 96 20 87 7 1 30 73 98 97 56 69 28
64 84 23 57 28 41 55 97 33 13 62 5 64 17 69 69 11 7 37 10 0 20 19 42 43 87 19 50 75 75
99 90 84 16 33 24 48 64 1 17 29 68 85 95 13 56 3 20 68 73 80 35 65 11 64 83 0 29 30 5
98 50 10 79 82 81 69 40 56 95 6 1 22 70 43 64 26 76 34 0 22 53 11 15 74 13 52 53 57 85
27 95 20 55 60 44 5 80 25 32 67 99 49 61 14 32 93 73 65 72 46 22 15 5 37 80 22 86 59 5
84 0 52 54 59 54 8 12 41 83 70 80 8 82 54 41 92 82 14 84 52 30 20 79 25 57 39 11 16 34
9 20 36 37 73 24 92 5 8 92 8 24 45 20 13 95 95 10 31 67 10 64 69 28 37 44 67 4 69 46
73 0 76 10 55 77 80 48 58 58 15 72 65 8 65 40 30 29 97 71 90 51 10 87 61 36 76 71 90 8
55 78 19 74 82 16 69 17 87 78 55 54 82 18 4 5 19 86 19 16 28 55 15 16 62 28 32 18 12 90
80 98 96 54 95 85 97 9 91 71 32 66 44 27 59 79 54 53 69 57 47 33 10 23 37 59 41 69 47 29
22 14 59 70 65 74 49 4 41 89 20 72 74 73 46 3 98 80 79 56 49 7 95 98 10 64 74 95 45 97
34 16 79 35 85 88 11 96 42 45 79 87 43 68 98 61 43 1 44 28 81 86 69 44 54 70 44 0 28 58
95 3 80 18 55 23 50 81 54 31 46 65 28 64 30 26 12 0 78 30 46 11 96 83 10 33 27 53 77 80
90 96 35 83 34 67 22 31 85 49 87 43 44 61 52 7 39 28 47 62 56 95 48 92 96 53 30 90 26 89
23 83 35 78 32 37 5 87 48 88 56 55 78 54 28 76 63 38 13 75 57 25 41 89 93 18 90 70 56 88
75 67 43 19 24 86 77 70 63 93 0 6 63 33 67 38 3 90 23 5 81 86 21 71 58 0 23 15 23 73
91 56 8 15 47 27 3 23 87 92 40 93 46 73 45 80 70 25 85 30 40 87 59 94 39 88 96 6 79 86
74 72 11 74 73 4 95 75 7 7 98 18 29 89 49 60 73 65 73 99 0 62 72 91 47 52 36 68 1 80
98 17 61 42 65 81 25 48 92 62 54 73 71 66 81 73 72 17 59 20 38 1 84 96 26 58 32 30 61 6
83 85 19 73 34 24 77 66 32 0 95 15 49 74 93 61 12 28 77 72 46 47 99 22 87 83 57 53 88 13

870 642 2013 1862 1384 404 2150 960 1871 943 257 571 1350 1608 1326 416 376 1258 1793 858 632 1817 735 517 637 1568 1510 475 482 1494

873 573 1847 1471 812 1087 955 653 1943 1025 1606 805 1771 790 1459 1979 732 633 493 1712 738 336 552 953 778 869 1767 892 521 1466

22 21 25 23 29 14 11 15 14 10 27 25 14 20 26 28 23 16 23 13 16 22 17 21 21 13 19 11 10 14 13 12 13 13 21 26 22 17 27 25 18 17 11 17 27 23 20 29 21 27 23 11 23 22 20 17 25 25 19 18

118 163 126 87 183 202 127 140 77 129 102 59 159 126 111 67 153 36 210 31 193 51 209 116 157 29 161 136 22 134
