60
30

83 40 24 19 44 70 51 10 7 43 11 83 78 74 40 63 18 50 85 23 87 65 5 51 46 23 55 30 68 22
19 15 45 87 37 95 56 11 18 58 61 38 44 96 33 89 14 25 30 10 67 6 80 93 0 90 29 16 55 18
72 82 53 66 69 57 89 90 16 57 25 35 27 0 42 5 35 50 31 96 29 19 45 58 91 77 31 29 74 16
32 54 62 60 2 83 96 1 94 24 48 25 9 75 80 45 15 69 33 58 68 17 14 99 7 15 86 40 99 57
86 87 41 84 6 43 79 35 30 61 64 96 9 98 82 66 9 32 16 76 65 33 22 36 42 63 42 89 67 77
76 15 84 33 90 88 59 34 18 98 36 72 12 86 97 28 29 54 10 64 53 44 53 10 14 2 34 17 34 75
72 45 9 98 95 2 31 72 63 52 78 48 37 60 47 53 41 32 6 36 94 84 77 20 7 45 90 72 69 60
66 47 75 72 17 57 59 84 66 75 44 36 40 69 20 45 77 34 10 95 46 65 80 78 90 82 22 6 19 7
90 81 23 58 87 51 94 99 27 11 47 63 16 38 11 49 33 38 8 49 5 71 54 50 99 73 42 36 77 84
91 72 99 63 84 42 54 44 6 83 61 58 73 33 75 32 18 82 82 43 47 95 66 79 8 52 93 40 32 19
41 81 24 36 60 80 29 10 57 79 92 24 32 40 92 11 9 5 14 63 38 55 96 49 68 6 59 90 15 92
6 97 64 22 55 75 96 99 36 55 13 51 67 91 24 16 99 53 86 65 74 95 29 61 57 69 21 5 33 34
29 83 60 66 87 46 47 68 92 79 80 50 78 23 18 10 31 87 39 46 63 33 97 85 46 43 31 92 73 98
28 12 9 10 38 52 33 9 86 99 96 71 36 46 41 25 4 58 59 95 5 4 84 50 6 44 41 72 16 35
6 74 17 5 41 12 31 9 14 86 80 56 14 18 78 75 27 54 60 70 22 26 38 74 76 74 47 88 27 12
11 93 39 88 45 49 21 70 80 24 24 67 63 33 14 56 77 47 98 74 93 34 50 7 29 28 54 80 89 38
77 21 9 43 26 62 31 34 58 7 75 11 47 61 90 28 25 13 2 54 52 16 83 92 78 8 15 73 18 60
24 20 25 46 6 40 58 87 67 6 69 90 52 13 51 94 41 44 38 8 23 67 21 79 85 43 57 40 84 43
54 22 70 62 67 29 95 21 61 20 19 64 83 25 98 6 90 8 19 88 2 53 5 34 77 29 25 39 46 57
69 0 34 93 65 1 59 4 65 99 97 86 26 65 42 63 48 93 5 63 50 72 30 53 14 88 22 99 6 87
16 55 56 40 17 16 72 76 19 94 7 70 66 75 2 16 97 96 83 6 20 36 83 14 95 5 14 36 1 88
1 48 48 72 76 84 46 53 79 31 25 19 9 9 1 47 31 83 9 58 35 11 49 21 94 34 29 95 67 69
88 65 58 40 36 89 9 87 52 81 95 14 16 87 56 68 72 27 74 83 52 26 84 98 89 30 77 60 29 7
33 54 98 63 98 33 83 28 84 31 50 94 53 80 91 0 34 83 86 9 64 91 9 18 58 92 24 92 53 21
49 11 71 42 79 84 17 53 3 54 79 27 42 7 11 86 13 53 25 67 85 53 7 34 77 96 34 43 23 52
65 53 6 75 39 60 18 98 83 81 23 75 19 19 16 46 48 95 3 32 12 12 46 86 83 96 60 62 36 34
44 74 81 98 77 54 93 17 34 40 36 51 77 38 79 78 46 60 68 76 43 15 75 92 84 3 46 13 76 61
37 76 27 37 91 98 1 99 87 99 84 13 92 55 14 36 81 5 92 13 99 0 78 73 91 59 48 66 21 79
52 82 61 11 99 40 9 6 76 51 73 75 62 89 40 35 93 2 97 31 98 84 91 45 13 68 38 46 25 4
9 39 28 53 76 10 75 95 71 73 64 45 3 92 96 4 40 92 81 12 45 18 97 73 18 91 12 57 91 65
36 13 85 97 52 46 3 72 54 37 40 61 85 5 26 75 51 63 30 79 60 83 95 55 6 95 77 26 4 85
25 6 39 57 94 7 86 76 7 30 22 12 98 32 22 52 91 33 28 39 17 6 20 76 61 63 28 81 90 41
75 93 10 43 27 66 58 81 1 99 5 41 49 88 54 54 18 94 43 51 63 71 84 35 64 94 9 91 53 83
0 30 74 11 19 24 30 37 70 85 80 13 60 97 94 48 39 2 75 35 29 95 29 65 86 84 4 79 53 20
56 67 76 96 10 64 20 82 14 37 97 38 16 58 86 16 98 93 6 52 61 70 90 10 34 94 53 26 65 20
54 58 98 17 8 42 54 68 80 27 80 97 82 17 14 17 43 48 93 39 35 87 99 86 69 22 23 99 86 89
81 45 22 44 26 34 11 78 37 31 67 48 65 16 36 50 88 16 40 71 92 22 26 94 78 61 7 36 76 89
63 55 98 26 15 47 74 37 24 20 52 53 43 15 43 61 50 23 65 22 35 94 96 94 4 65 45 68 41 35
9 39 31 59 73 74 42 65 61 62 8 86 51 26 72 79 23 66 83 73 83 43 34 55 94 25 17 97 8 70
9 85 75 90 15 95 73 46 56 26 91 61 47 99 49 36 16 67 50 31 70 96 89 31 93 22 57 1 38 91
38 22 46 30 62 52 11 7 78 39 63 88 55 4 51 90 20 59 34 90 5 25 19 39 42 80 14 92 45 24
61 52 64 73 87 93 93 3 87 97 76 94 14 38 30 79 50 90 2 64 84 35 6 84 12 5 13 26 49 92
2 18 4 92 78 64 64 77 30 85 88 20 68 91 11 93 80 90 1 39 90 13 23 70 5 8 3 53 82 47
97 79 59 18 10 25 33 25 7 66 67 10 29 87 65 56 1 0 52 60 82 77 44 58 6 44 92 69 21 95
41 62 8 40 33 81 44 72 42 82 46 22 37 56 2 62 90 54 84 35 81 25 95 54 80 47 86 84 90 3
67 98 94 36 77 92 26 79 95 56 80 52 9 88 8 69 69 64 77 95 5 5 89 43 65 20 80 16 16 97
62 14 17 85 53 71 51 79 27 1 75 8 81 43 21 86 84 62 67 69 68 28 59 45 80 87 42 32 84 95
45 70 4 73 19 31 44 16 24 78 11 55 21 62 41 57 8 17 3 13 7 5 21 47 88 20 49 47 99 52
94 7 23 70 49 19 95 68 2 59 36 94 38 64 90 56 19 87 93 64 43 71 72 55 99 86 84 26 74 31
30 46 72 67 98 44 64 57 42 82 74 30 79 62 54 69 66 33 31 18 96 86 13 48 20 59 82 24 87 87
17 63 55 85 42 80 13 16 55 61 27 13 17 4 92 46 91 29 55 43 58 28 38 26 63 28 81 8 56 79
86 59 31 85 18 43 88 45 14 94 63 69 93 58 0 97 63 41 69 19 86 36 38 87 37 3 76 58 60 51
21 14 16 25 51 57 84 2 56 54 44 62 63 90 56 66 2 65 27 72 90 33 12 72 73 57 10 19 70 53
33 90 86 31 63 99 0 55 43 45 51 89 43 85 69 97 6 41 13 9 68 91 46 79 10 11 24 92 73 52
2 98 52 83 72 78 60 25 85 72 8 63 42 27 50 9 28 32 4 44 35 71 20 83 12 85 79 22 15 39
38 62 63 42 41 40 11 42 90 76 0 19 15 50 57 33 4 57 25 4 87 88 80 35 64 59 50 95 43 74
29 36 18 90 79 2 99 28 45 54 83 55 26 23 25 4 84 69 41 33 79 89 65 42 71 28 29 64 8 71
48 46 10 14 24 53 14 63 96 69 29 86 18 94 28 31 21 28 74 86 96 23 48 30 20 29 42 19 94 70
20 91 64 17 64 96 64 50 67 77 77 39 26 53 22 57 59 4 9 32 37 28 1 88 23 37 9 29 38 17
85 79 6 52 85 73 58 98 45 60 74 62 60 67 13 12 72 35 55 21 20 29 46 31 89 73 32 88 62 72

45 33 68 57 41 76 51 21 13 56 80 74 86 86 70 29 4 8 37 11 93 77 44 17 96 50 27 19 78 87
52 11 31 42 51 69 20 3 35 60 50 10 87 17 47 47 76 85 76 0 47 83 57 31 83 47 30 89 33 55
93 82 65 31 7 67 80 4 53 34 99 46 77 93 1 26 51 90 92 55 50 12 17 99 17 52 42 7 66 49
88 54 40 21 78 6 38 63 31 73 60 63 14 83 44 76 42 3 0 46 80 97 49 70 96 85 39 46 54 50
82 49 59 6 38 22 89 23 52 77 78 69 0 55 29 26 11 74 76 78 77 65 23 76 54 91 32 49 23 85
30 86 70 50 63 33 91 16 20 72 36 49 93 62 66 41 65 85 49 42 19 10 54 12 30 60 7 86 71 75
6 8 52 77 33 52 65 83 86 53 13 49 39 9 46 4 87 18 14 28 42 80 35 89 90 72 31 22 14 59
59 31 61 20 74 41 82 1 77 37 0 1 38 56 70 83 7 25 30 50 45 73 83 28 38 35 26 43 80 40
40 3 38 61 95 97 26 52 43 83 62 3 94 42 85 96 99 85 44 36 95 71 97 97 76 67 87 96 93 45
56 95 9 6 51 91 54 77 11 36 50 27 30 20 15 79 68 80 58 24 21 27 21 80 86 28 36 25 92 52
4 13 60 77 8 46 38 25 17 71 4 76 48 5 40 58 96 30 27 22 39 0 5 67 79 42 99 52 89 67
10 11 63 97 17 75 87 97 37 49 2 52 55 9 95 29 98 13 56 30 22 41 95 6 57 6 81 92 98 7
74 2 49 11 54 68 74 87 52 20 86 27 59 62 87 25 57 55 59 15 1 34 38 61 40 26 39 74 70 32
16 86 38 83 63 20 52 11 5 14 75 73 19 2 78 12 97 71 15 80 28 21 20 9 85 12 50 38 11 78
28 27 61 40 39 3 54 35 15 31 3 61 84 2 72 98 83 79 52 49 56 45 58 18 91 45 93 25 61 10
30 8 72 16 16 70 49 98 75 84 88 49 88 41 73 48 76 19 33 5 98 12 83 30 48 23 77 45 17 39
69 4 55 32 55 98 35 35 48 46 25 23 2 2 0 66 93 44 62 48 24 2 50 72 5 61 48 83 26 30
38 97 32 73 38 97 66 45 47 47 27 67 53 39 73 46 7 59 57 13 60 47 89 49 99 93 46 4 56 75
72 41 56 46 69 63 35 31 30 93 52 73 91 24 55 48 4 52 96 42 41 73 97 59 96 90 8 96 38 67
18 4 38 32 97 37 61 12 97 42 8 47 27 36 52 21 78 96 84 12 80 46 78 33 0 6 47 39 14 53
27 0 28 6 29 77 11 28 47 49 75 16 96 77 19 11 35 6 14 59 86 30 94 5 66 94 92 90 83 75
27 95 66 98 29 47 37 66 69 80 29 97 16 20 27 21 52 31 76 66 6 42 73 32 99 57 62 48 98 92
80 45 31 4 23 94 13 21 41 7 68 59 70 70 69 1 71 86 20 80 21 33 45 80 89 59 75 46 83 82
38 73 49 64 83 20 74 67 19 55 6 24 27 35 94 75 80 84 30 44 92 1 28 82 69 38 68 69 30 20
8 74 33 75 38 12 14 35 8 36 36 1 81 60 88 85 84 10 91 75 47 36 11 87 65 26 66 10 26 36
93 31 78 92 0 17 29 39 28 96 22 61 1 45 3 74 19 88 87 68 47 59 97 68 93 90 13 25 73 20
70 55 17 37 93 99 57 0 44 60 3 7 28 48 98 1 94 41 8 29 9 29 87 2 92 14 26 13 60 77
72 22 89 35 78 0 16 50 19 4 36 58 89 24 45 42 61 11 62 56 69 97 16 71 52 48 82 17 74 17
8 26 98 0 58 3 75 88 68 90 99 89 97 83 11 59 6 32 73 50 1 29 37 87 37 60 78 22 50 84
73 15 70 55 31 66 40 4 33 71 34 59 9 94 55 53 67 78 53 47 63 19 91 87 74 97 62 57 4 27
17 93 31 77 69 90 1 63 83 98 98 25 58 87 61 37 73 52 27 3 40 61 10 53 98 77 63 32 40 13
62 49 38 86 33 25 38 2 86 64 20 64 40 33 46 97 63 18 49 31 38 9 31 88 43 12 74 60 9 99
82 71 87 49 6 73 35 38 23 0 13 71 72 99 52 78 64 4 22 15 19 10 16 28 2 86 36 90 57 16
45 11 61 70 11 72 49 31 66 48 80 37 56 16 45 15 52 52 40 16 45 85 54 75 54 43 39 52 14 8
70 41 22 86 9 36 62 41 31 6 29 44 75 9 40 60 29 43 80 49 61 33 35 68 61 79 16 95 40 30
49 17 23 49 19 46 20 91 70 57 51 10 3 67 86 53 36 95 3 30 99 70 78 45 96 79 82 43 41 79
12 1 63 99 11 71 36 19 48 47 61 3 46 20 35 15 3 49 63 41 29 40 97 18 1 37 28 16 96 53
41 44 76 93 25 63 17 55 97 35 11 9 62 42 87 85 52 38 24 19 92 50 59 56 85 2 0 85 31 57
19 65 1 93 61 72 54 52 7 67 49 32 83 76 95 14 82 16 48 44 61 26 39 1 26 75 98 37 8 57
3 57 0 1 80 86 8 49 14 34 35 90 63 49 3 35 84 41 74 95 96 93 35 77 70 5 53 16 91 40
18 14 41 52 27 50 10 36 69 77 22 10 41 22 34 34 70 69 48 24 44 69 38 1 78 20 99 1 47 9
47 34 84 9 39 59 21 69 97 10 8 49 40 8 49 81 80 36 42 51 7 44 6 54 93 38 34 46 88 58
0 8 71 49 21 86 91 73 42 81 20 31 98 3 81 90 71 1 41 11 40 47 78 61 13 31 50 29 58 88
48 76 93 78 89 15 4 82 89 69 84 76 31 78 25 16 4 42 3 33 82 18 46 16 78 16 50 50 75 54
14 20 39 84 90 5 53 69 71 27 23 2 77 13 57 81 83 12 18 85 30 46 92 22 2 8 20 27 43 27
5 48 79 59 69 39 42 91 39 55 19 41 81 7 87 17 96 28 80 51 80 66 20 26 81 92 10 65 19 95
50 46 50 99 40 66 93 30 86 55 44 18 8 40 50 98 18 80 22 60 33 40 95 63 28 74 86 2 36 22
84 98 66 59 97 51 96 41 16 75 46 34 90 10 55 28 17 69 6 62 81 73 71 27 18 83 96 13 63 30
4 6 27 96 23 82 1 3 54 27 92 22 30 82 23 86 43 3 65 94 26 90 93 18 34 1 50 65 48 78
95 60 0 35 54 27 87 3 96 8 36 12 22 46 33 68 9 8 12 56 76 26 88 56 50 0 71 95 43 75
0 23 88 80 71 22 73 8 61 72 86 74 73 23 56 56 36 82 43 39 66 69 32 97 38 23 20 80 45 81
96 10 49 22 69 81 26 70 88 39 85 9 49 63 5 30 92 88 5 28 39 51 66 16 12 22 58 19 43 73
27 78 56 96 79 62 92 63 32 74 4 96 34 2 37 92 86 46 77 8 93 29 35 18 39 64 93 92 65 38
31 48 2 43 19 89 63 50 31 25 20 23 22 38 18 5 75 34 81 26 7 12 39 25 95 19 68 73 51 79
15 45 71 29 62 76 30 76 55 8 86 76 80 95 43 0 83 38 62 15 62 65 26 26 67 72 4 38 1 93
62 36 95 67 25 96 14 22 82 71 99 77 79 27 65 64 65 99 13 90 70 16 17 4 25 4 87 44 70 65
43 67 97 93 33 4 26 81 74 64 16 20 23 15 56 93 86 93 85 32 27 17 44 74 41 22 45 33 96 32
28 91 64 32 29 62 89 18 81 74 68 31 22 98 41 96 86 95 17 40 0 75 79 42 3 78 42 45 75 26
77 44 32 17 92 14 28 33 62 41 71 17 34 91 39 8 54 13 62 60 93 53 3 84 58 54 40 75 39 37
53 29 97 7 63 43 18 34 62 78 84 72 49 8 22 57 52 86 48 74 1 16 8 74 87 93 93 10 20 64

870 642 2013 1862 1384 404 2150 960 1871 943 257 571 1350 1608 1326 416 376 1258 1793 858 632 1817 735 517 637 1568 1510 475 482 1494

3564 2537 2143 1839 3036 5081 2069 712 1233 2074 3651 5542 2667 2347 4627 652 2460 2531 5872 3477 3889 1565 5597 3735 3256 5205 4112 2773 4158 4077

22 21 25 23 29 14 11 15 14 10 27 25 14 20 26 28 23 16 23 13 16 22 17 21 21 13 19 11 10 14 13 12 13 13 21 26 22 17 27 25 18 17 11 17 27 23 20 29 21 27 23 11 23 22 20 17 25 25 19 18

118 163 126 87 183 202 127 140 77 129 102 59 159 126 111 67 153 36 210 31 193 51 209 116 157 29 161 136 22 134
