60
30

83 40 24 19 44 70 51 10 7 43 11 83 78 74 40 63 18 50 85 23 87 65 5 51 46 23 55 30 68 22
19 15 45 87 37 95 56 11 18 58 61 38 44 96 33 89 14 25 30 10 67 6 80 93 0 90 29 16 55 18
72 82 53 66 69 57 89 90 16 57 25 35 27 0 42 5 35 50 31 96 29 19 45 58 91 77 31 29 74 16
32 54 62 60 2 83 96 1 94 24 48 25 9 75 80 45 15 69 33 58 68 17 14 99 7 15 86 40 99 57
86 87 41 84 6 43 79 35 30 61 64 96 9 98 82 66 9 32 16 76 65 33 22 36 42 63 42 89 67 77
76 15 84 33 90 88 59 34 18 98 36 72 12 86 97 28 29 54 10 64 53 44 53 10 14 2 34 17 34 75
72 45 9 98 95 2 31 72 63 52 78 48 37 60 47 53 41 32 6 36 94 84 77 20 7 45 90 72 69 60
66 47 75 72 17 57 59 84 66 75 44 36 40 69 20 45 77 34 10 95 46 65 80 78 90 82 22 6 19 7
90 81 23 58 87 51 94 99 27 11 47 63 16 38 11 49 33 38 8 49 5 71 54 50 99 73 42 36 77 84
91 72 99 63 84 42 54 44 6 83 61 58 73 33 75 32 18 82 82 43 47 95 66 79 8 52 93 40 32 19
41 81 24 36 60 80 29 10 57 79 92 24 32 40 92 11 9 5 14 63 38 55 96 49 68 6 59 90 15 92
6 97 64 22 55 75 96 99 36 55 13 51 67 91 24 16 99 53 86 65 74 95 29 61 57 69 21 5 33 34
29 83 60 66 87 46 47 68 92 79 80 50 78 23 18 10 31 87 39 46 63 33 97 85 46 43 31 92 73 98
28 12 9 10 38 52 33 9 86 99 96 71 36 46 41 25 4 58 59 95 5 4 84 50 6 44 41 72 16 35
6 74 17 5 41 12 31 9 14 86 80 56 14 18 78 75 27 54 60 70 22 26 38 74 76 74 47 88 27 12
11 93 39 88 45 49 21 70 80 24 24 67 63 33 14 56 77 47 98 74 93 34 50 7 29 28 54 80 89 38
77 21 9 43 26 62 31 34 58 7 75 11 47 61 90 28 25 13 2 54 52 16 83 92 78 8 15 73 18 60
24 20 25 46 6 40 58 87 67 6 69 90 52 13 51 94 41 44 38 8 23 67 21 79 85 43 57 40 84 43
54 22 70 62 67 29 95 21 61 20 19 64 83 25 98 6 90 8 19 88 2 53 5 34 77 29 25 39 46 57
69 0 34 93 65 1 59 4 65 99 97 86 26 65 42 63 48 93 5 63 50 72 30 53 14 88 22 99 6 87
16 55 56 40 17 16 72 76 19 94 7 70 66 75 2 16 97 96 83 6 20 36 83 14 95 5 14 36 1 88
1 48 48 72 76 84 46 53 79 31 25 19 9 9 1 47 31 83 9 58 35 11 49 21 94 34 29 95 67 69
88 65 58 40 36 89 9 87 52 81 95 14 16 87 56 68 72 27 74 83 52 26 84 98 89 30 77 60 29 7
33 54 98 63 98 33 83 28 84 31 50 94 53 80 91 0 34 83 86 9 64 91 9 18 58 92 24 92 53 21
49 11 71 42 79 84 17 53 3 54 79 27 42 7 11 86 13 53 25 67 85 53 7 34 77 96 34 43 23 52
65 53 6 75 39 60 18 98 83 81 23 75 19 19 16 46 48 95 3 32 12 12 46 86 83 96 60 62 36 34
44 74 81 98 77 54 93 17 34 40 36 51 77 38 79 78 46 60 68 76 43 15 75 92 84 3 46 13 76 61
37 76 27 37 91 98 1 99 87 99 84 13 92 55 14 36 81 5 92 13 99 0 78 73 91 59 48 66 21 79
52 82 61 11 99 40 9 6 76 51 73 75 62 89 40 35 93 2 97 31 98 84 91 45 13 68 38 46 25 4
9 39 28 53 76 10 75 95 71 73 64 45 3 92 96 4 40 92 81 12 45 18 97 73 18 91 12 57 91 65
36 13 85 97 52 46 3 72 54 37 40 61 85 5 26 75 51 63 30 79 60 83 95 55 6 95 77 26 4 85
25 6 39 57 94 7 86 76 7 30 22 12 98 32 22 52 91 33 28 39 17 6 20 76 61 63 28 81 90 41
75 93 10 43 27 66 58 81 1 99 5 41 49 88 54 54 18 94 43 51 63 71 84 35 64 94 9 91 53 83
0 30 74 11 19 24 30 37 70 85 80 13 60 97 94 48 39 2 75 35 29 95 29 65 86 84 4 79 53 20
56 67 76 96 10 64 20 82 14 37 97 38 16 58 86 16 98 93 6 52 61 70 90 10 34 94 53 26 65 20
54 58 98 17 8 42 54 68 80 27 80 97 82 17 14 17 43 48 93 39 35 87 99 86 69 22 23 99 86 89
81 45 22 44 26 34 11 78 37 31 67 48 65 16 36 50 88 16 40 71 92 22 26 94 78 61 7 36 76 89
63 55 98 26 15 47 74 37 24 20 52 53 43 15 43 61 50 23 65 22 35 94 96 94 4 65 45 68 41 35
9 39 31 59 73 74 42 65 61 62 8 86 51 26 72 79 23 66 83 73 83 43 34 55 94 25 17 97 8 70
9 85 75 90 15 95 73 46 56 26 91 61 47 99 49 36 16 67 50 31 70 96 89 31 93 22 57 1 38 91
38 22 46 30 62 52 11 7 78 39 63 88 55 4 51 90 20 59 34 90 5 25 19 39 42 80 14 92 45 24
61 52 64 73 87 93 93 3 87 97 76 94 14 38 30 79 50 90 2 64 84 35 6 84 12 5 13 26 49 92
2 18 4 92 78 64 64 77 30 85 88 20 68 91 11 93 80 90 1 39 90 13 23 70 5 8 3 53 82 47
97 79 59 18 10 25 33 25 7 66 67 10 29 87 65 56 1 0 52 60 82 77 44 58 6 44 92 69 21 95
41 62 8 40 33 81 44 72 42 82 46 22 37 56 2 62 90 54 84 35 81 25 95 54 80 47 86 84 90 3
67 98 94 36 77 92 26 79 95 56 80 52 9 88 8 69 69 64 77 95 5 5 89 43 65 20 80 16 16 97
62 14 17 85 53 71 51 79 27 1 75 8 81 43 21 86 84 62 67 69 68 28 59 45 80 87 42 32 84 95
45 70 4 73 19 31 44 16 24 78 11 55 21 62 41 57 8 17 3 13 7 5 21 47 88 20 49 47 99 52
94 7 23 70 49 19 95 68 2 59 36 94 38 64 90 56 19 87 93 64 43 71 72 55 99 86 84 26 74 31
30 46 72 67 98 44 64 57 42 82 74 30 79 62 54 69 66 33 31 18 96 86 13 48 20 59 82 24 87 87
17 63 55 85 42 80 13 16 55 61 27 13 17 4 92 46 91 29 55 43 58 28 38 26 63 28 81 8 56 79
86 59 31 85 18 43 88 45 14 94 63 69 93 58 0 97 63 41 69 19 86 36 38 87 37 3 76 58 60 51
21 14 16 25 51 57 84 2 56 54 44 62 63 90 56 66 2 65 27 72 90 33 12 72 73 57 10 19 70 53
33 90 86 31 63 99 0 55 43 45 51 89 43 85 69 97 6 41 13 9 68 91 46 79 10 11 24 92 73 52
2 98 52 83 72 78 60 25 85 72 8 63 42 27 50 9 28 32 4 44 35 71 20 83 12 85 79 22 15 39
38 62 63 42 41 40 11 42 90 76 0 19 15 50 57 33 4 57 25 4 87 88 80 35 64 59 50 95 43 74
29 36 18 90 79 2 99 28 45 54 83 55 26 23 25 4 84 69 41 33 79 89 65 42 71 28 29 64 8 71
48 46 10 14 24 53 14 63 96 69 29 86 18 94 28 31 21 28 74 86 96 23 48 30 20 29 42 19 94 70
20 91 64 17 64 96 64 50 67 77 77 39 26 53 22 57 59 4 9 32 37 28 1 88 23 37 9 29 38 17
85 79 6 52 85 73 58 98 45 60 74 62 60 67 13 12 72 35 55 21 20 29 46 31 89 73 32 88 62 72

29 77 93 91 41 49 74 23 18 80 38 76 36 78 76 13 85 84 89 64 59 39 18 76 29 67 4 14 14 89
77 91 84 58 97 35 49 91 94 24 32 27 84 29 30 42 62 78 98 98 78 98 17 15 74 14 44 76 22 19
28 23 96 30 61 93 67 94 96 1 1 23 42 78 2 62 25 7 35 13 66 37 14 84 34 40 33 29 58 62
0 92 2 79 75 78 58 49 27 15 96 38 87 72 73 43 23 63 2 47 89 27 27 94 22 90 48 40 80 31
8 39 52 18 18 70 76 81 1 98 60 36 61 43 78 88 21 90 89 61 92 66 2 49 40 69 93 74 95 19
35 96 1 76 99 22 6 39 47 0 34 15 10 88 1 33 39 54 59 39 54 29 74 95 42 25 89 64 77 90
9 60 54 67 23 97 77 74 43 59 22 12 29 82 84 94 26 7 68 23 31 66 83 83 76 97 61 15 81 89
85 80 24 27 30 54 28 79 29 84 56 32 21 16 78 83 47 69 42 44 99 13 55 3 52 78 72 65 95 0
46 56 88 82 72 64 89 35 47 56 13 5 20 90 49 22 0 10 27 20 57 1 6 11 23 33 46 15 88 19
69 75 37 82 20 24 82 93 96 54 83 15 95 33 58 94 99 61 34 58 12 48 73 18 93 70 0 97 62 34
96 11 92 56 33 91 74 26 83 16 52 23 13 99 52 5 43 35 48 82 43 25 52 44 94 10 4 10 24 89
10 19 16 23 60 73 32 9 6 2 3 17 91 22 88 3 73 1 95 35 59 48 17 17 57 91 21 75 17 19
7 59 9 97 19 64 55 74 60 67 30 56 65 57 86 95 30 81 59 42 82 44 82 41 64 42 98 66 53 90
49 51 35 11 88 34 23 76 44 25 64 3 24 85 95 77 45 58 36 37 20 93 21 43 53 60 20 14 8 37
89 11 48 30 67 3 89 40 93 29 80 7 14 56 26 79 14 99 10 90 78 34 77 60 79 41 92 21 41 51
78 65 24 75 2 43 33 49 63 69 45 22 2 21 5 74 32 20 43 24 61 40 99 86 63 90 69 78 8 58
10 77 64 3 55 97 33 48 41 16 74 15 41 86 37 85 55 6 4 80 1 32 15 21 17 64 21 75 54 23
93 22 30 19 80 94 74 73 1 67 70 27 96 13 95 78 95 31 5 7 62 27 7 85 22 17 22 94 6 48
44 76 26 79 29 10 2 77 72 78 98 93 71 60 14 44 65 89 73 11 20 38 86 19 75 22 71 77 79 54
83 83 99 65 73 15 60 87 68 80 41 67 56 82 70 47 22 28 61 37 55 93 87 62 19 5 20 62 83 17
25 79 28 97 27 49 85 31 95 92 73 25 69 75 40 59 68 74 29 28 38 70 9 64 19 49 65 28 55 6
19 21 71 59 29 50 85 15 98 48 34 70 78 25 43 15 54 18 37 84 52 50 4 65 91 27 50 73 87 23
92 33 73 40 2 37 83 44 75 82 36 2 99 75 2 87 49 83 35 17 24 71 18 42 11 31 41 0 38 12
11 17 40 0 77 92 76 12 0 21 53 98 8 45 34 60 25 8 69 51 58 84 47 87 69 92 63 6 86 22
65 50 23 28 8 48 99 62 25 37 0 68 19 38 8 50 9 88 90 79 88 73 31 11 0 37 53 34 9 55
39 47 37 74 69 69 1 93 40 3 53 19 13 13 23 11 17 4 14 22 98 81 86 82 3 61 50 82 34 41
49 76 99 47 83 77 57 42 26 35 40 34 39 21 82 27 65 53 2 12 66 34 12 90 41 90 53 62 37 37
82 29 31 95 50 10 54 57 57 44 85 49 73 43 34 61 59 20 90 29 15 97 3 98 58 72 32 91 1 8
75 70 82 57 51 69 63 42 26 15 97 62 80 95 52 83 63 9 9 49 93 37 95 98 87 93 19 86 36 56
0 63 49 7 28 27 53 82 94 67 98 58 70 75 13 8 21 76 25 94 5 10 20 1 67 72 5 2 44 83
25 37 39 56 21 26 24 80 30 51 87 25 92 98 26 57 81 5 65 10 93 96 33 42 61 77 40 93 66 16
38 7 75 66 45 85 24 60 87 2 24 21 69 73 55 50 78 72 82 84 1 40 11 51 91 27 58 50 12 53
1 27 69 92 55 53 78 13 65 99 44 20 24 66 54 86 55 35 99 75 12 18 85 90 99 50 85 87 99 34
64 59 68 34 67 67 36 90 38 73 26 85 33 4 69 91 44 57 86 79 25 17 65 65 6 49 49 39 33 88
23 74 66 37 45 38 22 51 86 47 56 61 60 16 2 65 46 31 23 94 63 11 50 38 33 60 92 75 27 16
67 38 14 44 70 29 36 48 84 57 73 74 2 46 94 44 12 57 88 48 65 23 27 68 30 71 7 18 4 91
72 37 24 86 8 48 17 97 67 76 66 89 61 1 83 58 31 77 34 76 82 38 28 88 40 87 84 41 77 33
41 90 96 12 58 26 86 19 34 16 87 38 39 43 13 39 38 99 43 75 48 60 57 22 54 50 89 13 89 66
31 80 37 30 87 4 30 91 81 20 32 81 70 57 38 7 93 75 46 35 80 56 49 91 95 54 76 87 84 96
84 56 55 14 63 37 3 32 13 58 72 45 9 4 13 58 58 64 60 79 20 2 61 91 39 89 24 17 7 93
58 88 69 12 34 67 25 5 77 70 91 45 88 15 49 13 36 72 53 84 74 1 8 1 83 5 32 21 22 23
51 82 68 48 7 29 50 54 64 92 16 46 60 14 4 82 21 53 81 34 40 35 92 67 95 0 12 79 55 93
15 13 95 81 95 39 17 93 86 67 58 28 99 43 25 67 45 30 83 89 17 86 98 72 69 87 4 36 91 48
44 54 77 61 13 39 41 28 84 82 22 81 22 7 81 98 3 50 86 68 74 0 34 72 63 46 61 47 89 13
35 2 47 96 30 66 63 18 35 89 51 68 36 46 6 89 88 3 22 50 47 39 24 84 45 41 36 99 20 16
46 0 32 86 20 52 46 61 93 0 26 96 23 12 5 96 95 6 19 6 21 97 0 14 45 55 88 48 76 64
96 40 1 35 45 99 34 98 44 6 33 83 89 33 65 70 4 42 11 52 49 7 49 62 63 92 37 44 23 52
6 67 40 47 20 23 7 94 70 52 92 91 1 83 21 86 5 88 8 76 12 91 25 64 67 60 3 5 85 2
35 17 6 27 0 42 4 37 29 81 17 73 6 37 1 31 43 46 30 8 88 70 92 54 66 87 47 46 36 12
61 94 32 11 20 54 21 12 90 14 92 23 78 65 51 93 21 78 99 8 88 59 15 73 79 38 68 43 70 20
26 3 22 3 43 8 53 51 50 23 48 62 52 37 66 71 41 40 37 90 58 74 89 66 59 18 40 9 97 50
32 21 84 97 12 30 25 84 68 13 29 20 90 55 39 97 5 79 38 85 10 52 9 47 3 45 87 15 76 99
94 85 35 33 74 44 59 93 54 23 92 27 0 29 58 32 54 29 29 16 50 69 88 65 69 38 62 4 65 53
24 7 74 76 96 80 3 22 78 26 32 11 12 71 3 54 33 3 74 17 86 55 38 59 3 47 75 62 57 43
56 2 58 99 24 9 40 29 29 40 72 82 84 40 75 18 78 80 31 41 47 96 30 9 7 54 75 35 88 37
43 54 26 12 86 9 6 23 5 91 59 35 26 30 58 8 90 31 60 72 5 89 98 58 30 32 14 82 8 80
94 88 33 23 33 11 55 39 53 11 38 15 47 76 13 56 26 14 26 66 86 73 42 58 22 50 65 22 63 1
93 54 1 42 2 27 39 10 46 56 74 22 0 97 96 60 94 65 83 66 15 71 90 7 68 23 88 71 24 20
5 98 7 43 41 34 87 33 2 96 74 96 50 58 59 72 59 14 11 76 47 73 48 86 3 77 41 29 41 78
8 6 41 89 14 52 68 1 84 5 78 37 94 61 36 79 98 17 35 96 97 28 60 51 77 43 58 66 58 86

870 642 2013 1862 1384 404 2150 960 1871 943 257 571 1350 1608 1326 416 376 1258 1793 858 632 1817 735 517 637 1568 1510 475 482 1494

6204 1676 4248 6260 5817 3260 3806 5419 3441 4148 1670 5114 4860 2486 2069 1488 5318 1552 2256 4931 2139 5260 3876 5306 3634 3048 2713 6243 3523 3102

22 21 25 23 29 14 11 15 14 10 27 25 14 20 26 28 23 16 23 13 16 22 17 21 21 13 19 11 10 14 13 12 13 13 21 26 22 17 27 25 18 17 11 17 27 23 20 29 21 27 23 11 23 22 20 17 25 25 19 18

118 163 126 87 183 202 127 140 77 129 102 59 159 126 111 67 153 36 210 31 193 51 209 116 157 29 161 136 22 134
