60
30

83 40 24 19 44 70 51 10 7 43 11 83 78 74 40 63 18 50 85 23 87 65 5 51 46 23 55 30 68 22
19 15 45 87 37 95 56 11 18 58 61 38 44 96 33 89 14 25 30 10 67 6 80 93 0 90 29 16 55 18
72 82 53 66 69 57 89 90 16 57 25 35 27 0 42 5 35 50 31 96 29 19 45 58 91 77 31 29 74 16
32 54 62 60 2 83 96 1 94 24 48 25 9 75 80 45 15 69 33 58 68 17 14 99 7 15 86 40 99 57
86 87 41 84 6 43 79 35 30 61 64 96 9 98 82 66 9 32 16 76 65 33 22 36 42 63 42 89 67 77
76 15 84 33 90 88 59 34 18 98 36 72 12 86 97 28 29 54 10 64 53 44 53 10 14 2 34 17 34 75
72 45 9 98 95 2 31 72 63 52 78 48 37 60 47 53 41 32 6 36 94 84 77 20 7 45 90 72 69 60
66 47 75 72 17 57 59 84 66 75 44 36 40 69 20 45 77 34 10 95 46 65 80 78 90 82 22 6 19 7
90 81 23 58 87 51 94 99 27 11 47 63 16 38 11 49 33 38 8 49 5 71 54 50 99 73 42 36 77 84
91 72 99 63 84 42 54 44 6 83 61 58 73 33 75 32 18 82 82 43 47 95 66 79 8 52 93 40 32 19
41 81 24 36 60 80 29 10 57 79 92 24 32 40 92 11 9 5 14 63 38 55 96 49 68 6 59 90 15 92
6 97 64 22 55 75 96 99 36 55 13 51 67 91 24 16 99 53 86 65 74 95 29 61 57 69 21 5 33 34
29 83 60 66 87 46 47 68 92 79 80 50 78 23 18 10 31 87 39 46 63 33 97 85 46 43 31 92 73 98
28 12 9 10 38 52 33 9 86 99 96 71 36 46 41 25 4 58 59 95 5 4 84 50 6 44 41 72 16 35
6 74 17 5 41 12 31 9 14 86 80 56 14 18 78 75 27 54 60 70 22 26 38 74 76 74 47 88 27 12
11 93 39 88 45 49 21 70 80 24 24 67 63 33 14 56 77 47 98 74 93 34 50 7 29 28 54 80 89 38
77 21 9 43 26 62 31 34 58 7 75 11 47 61 90 28 25 13 2 54 52 16 83 92 78 8 15 73 18 60
24 20 25 46 6 40 58 87 67 6 69 90 52 13 51 94 41 44 38 8 23 67 21 79 85 43 57 40 84 43
54 22 70 62 67 29 95 21 61 20 19 64 83 25 98 6 90 8 19 88 2 53 5 34 77 29 25 39 46 57
69 0 34 93 65 1 59 4 65 99 97 86 26 65 42 63 48 93 5 63 50 72 30 53 14 88 22 99 6 87
16 55 56 40 17 16 72 76 19 94 7 70 66 75 2 16 97 96 83 6 20 36 83 14 95 5 14 36 1 88
1 48 48 72 76 84 46 53 79 31 25 19 9 9 1 47 31 83 9 58 35 11 49 21 94 34 29 95 67 69
88 65 58 40 36 89 9 87 52 81 95 14 16 87 56 68 72 27 74 83 52 26 84 98 89 30 77 60 29 7
33 54 98 63 98 33 83 28 84 31 50 94 53 80 91 0 34 83 86 9 64 91 9 18 58 92 24 92 53 21
49 11 71 42 79 84 17 53 3 54 79 27 42 7 11 86 13 53 25 67 85 53 7 34 77 96 34 43 23 52
65 53 6 75 39 60 18 98 83 81 23 75 19 19 16 46 48 95 3 32 12 12 46 86 83 96 60 62 36 34
44 74 81 98 77 54 93 17 34 40 36 51 77 38 79 78 46 60 68 76 43 15 75 92 84 3 46 13 76 61
37 76 27 37 91 98 1 99 87 99 84 13 92 55 14 36 81 5 92 13 99 0 78 73 91 59 48 66 21 79
52 82 61 11 99 40 9 6 76 51 73 75 62 89 40 35 93 2 97 31 98 84 91 45 13 68 38 46 25 4
9 39 28 53 76 10 75 95 71 73 64 45 3 92 96 4 40 92 81 12 45 18 97 73 18 91 12 57 91 65
36 13 85 97 52 46 3 72 54 37 40 61 85 5 26 75 51 63 30 79 60 83 95 55 6 95 77 26 4 85
25 6 39 57 94 7 86 76 7 30 22 12 98 32 22 52 91 33 28 39 17 6 20 76 61 63 28 81 90 41
75 93 10 43 27 66 58 81 1 99 5 41 49 88 54 54 18 94 43 51 63 71 84 35 64 94 9 91 53 83
0 30 74 11 19 24 30 37 70 85 80 13 60 97 94 48 39 2 75 35 29 95 29 65 86 84 4 79 53 20
56 67 76 96 10 64 20 82 14 37 97 38 16 58 86 16 98 93 6 52 61 70 90 10 34 94 53 26 65 20
54 58 98 17 8 42 54 68 80 27 80 97 82 17 14 17 43 48 93 39 35 87 99 86 69 22 23 99 86 89
81 45 22 44 26 34 11 78 37 31 67 48 65 16 36 50 88 16 40 71 92 22 26 94 78 61 7 36 76 89
63 55 98 26 15 47 74 37 24 20 52 53 43 15 43 61 50 23 65 22 35 94 96 94 4 65 45 68 41 35
9 39 31 59 73 74 42 65 61 62 8 86 51 26 72 79 23 66 83 73 83 43 34 55 94 25 17 97 8 70
9 85 75 90 15 95 73 46 56 26 91 61 47 99 49 36 16 67 50 31 70 96 89 31 93 22 57 1 38 91
38 22 46 30 62 52 11 7 78 39 63 88 55 4 51 90 20 59 34 90 5 25 19 39 42 80 14 92 45 24
61 52 64 73 87 93 93 3 87 97 76 94 14 38 30 79 50 90 2 64 84 35 6 84 12 5 13 26 49 92
2 18 4 92 78 64 64 77 30 85 88 20 68 91 11 93 80 90 1 39 90 13 23 70 5 8 3 53 82 47
97 79 59 18 10 25 33 25 7 66 67 10 29 87 65 56 1 0 52 60 82 77 44 58 6 44 92 69 21 95
41 62 8 40 33 81 44 72 42 82 46 22 37 56 2 62 90 54 84 35 81 25 95 54 80 47 86 84 90 3
67 98 94 36 77 92 26 79 95 56 80 52 9 88 8 69 69 64 77 95 5 5 89 43 65 20 80 16 16 97
62 14 17 85 53 71 51 79 27 1 75 8 81 43 21 86 84 62 67 69 68 28 59 45 80 87 42 32 84 95
45 70 4 73 19 31 44 16 24 78 11 55 21 62 41 57 8 17 3 13 7 5 21 47 88 20 49 47 99 52
94 7 23 70 49 19 95 68 2 59 36 94 38 64 90 56 19 87 93 64 43 71 72 55 99 86 84 26 74 31
30 46 72 67 98 44 64 57 42 82 74 30 79 62 54 69 66 33 31 18 96 86 13 48 20 59 82 24 87 87
17 63 55 85 42 80 13 16 55 61 27 13 17 4 92 46 91 29 55 43 58 28 38 26 63 28 81 8 56 79
86 59 31 85 18 43 88 45 14 94 63 69 93 58 0 97 63 41 69 19 86 36 38 87 37 3 76 58 60 51
21 14 16 25 51 57 84 2 56 54 44 62 63 90 56 66 2 65 27 72 90 33 12 72 73 57 10 19 70 53
33 90 86 31 63 99 0 55 43 45 51 89 43 85 69 97 6 41 13 9 68 91 46 79 10 11 24 92 73 52
2 98 52 83 72 78 60 25 85 72 8 63 42 27 50 9 28 32 4 44 35 71 20 83 12 85 79 22 15 39
38 62 63 42 41 40 11 42 90 76 0 19 15 50 57 33 4 57 25 4 87 88 80 35 64 59 50 95 43 74
29 36 18 90 79 2 99 28 45 54 83 55 26 23 25 4 84 69 41 33 79 89 65 42 71 28 29 64 8 71
48 46 10 14 24 53 14 63 96 69 29 86 18 94 28 31 21 28 74 86 96 23 48 30 20 29 42 19 94 70
20 91 64 17 64 96 64 50 67 77 77 39 26 53 22 57 59 4 9 32 37 28 1 88 23 37 9 29 38 17
85 79 6 52 85 73 58 98 45 60 74 62 60 67 13 12 72 35 55 21 20 29 46 31 89 73 32 88 62 72

59 99 73 20 21 62 2 11 63 53 14 82 29 18 32 46 46 69 86 4 71 56 70 69 81 99 19 2 5 70
47 81 59 40 15 67 13 40 32 29 7 92 12 66 98 17 36 12 1 25 87 19 62 32 67 66 70 75 5 30
90 18 22 10 96 53 10 2 15 60 30 65 11 71 62 13 90 52 30 40 81 93 14 58 42 83 0 90 87 99
39 69 30 36 25 33 2 70 94 96 84 9 16 53 57 93 33 56 56 48 61 51 5 84 58 62 43 12 29 83
77 25 21 3 25 42 19 56 32 29 64 9 78 55 42 96 98 17 6 76 95 64 58 82 13 13 71 63 96 4
51 58 55 64 62 54 24 81 52 0 64 73 77 94 50 47 96 63 63 54 74 91 58 86 38 89 73 0 67 85
30 19 97 93 12 81 84 89 26 30 58 4 1 50 53 98 55 12 4 91 55 71 38 65 39 30 4 45 72 70
21 46 72 1 35 32 10 95 22 18 76 96 59 24 68 11 71 59 45 58 26 85 48 91 13 1 85 42 44 38
23 51 67 54 50 72 69 89 88 81 19 90 69 13 60 32 15 12 72 5 69 70 60 16 91 91 24 48 89 98
33 75 61 79 1 10 87 34 39 43 55 68 31 98 48 49 55 21 13 16 58 60 78 17 38 21 6 1 6 93
93 2 31 81 47 91 81 9 6 67 20 42 95 39 23 78 4 97 22 96 59 89 90 38 17 44 28 7 89 8
5 68 88 91 86 97 62 32 26 34 30 34 24 99 65 32 72 7 77 83 25 82 72 0 94 46 33 77 35 46
8 51 80 46 14 28 28 81 12 48 13 64 78 76 98 96 97 41 67 5 55 61 14 23 95 26 52 82 70 22
1 79 5 28 98 43 57 8 76 8 27 94 82 69 68 11 27 82 93 13 6 32 75 15 26 76 94 46 12 37
70 64 0 12 98 87 39 17 54 56 35 72 60 26 36 10 17 42 28 72 32 50 0 93 22 59 82 18 58 46
78 94 75 69 46 20 74 33 94 68 88 24 95 81 87 7 34 43 40 48 59 49 64 10 69 34 30 38 92 42
1 15 18 29 24 81 87 45 96 26 63 37 93 96 31 64 8 3 1 12 51 88 9 63 14 5 45 43 81 23
48 60 59 47 61 9 54 25 6 94 1 79 59 9 50 86 5 64 46 86 20 58 63 2 6 33 80 1 70 51
5 18 31 99 93 41 95 94 2 4 26 45 99 62 4 11 89 36 67 44 48 32 35 11 85 8 14 41 33 18
98 29 80 57 7 4 84 0 70 36 4 3 0 40 72 99 34 11 87 19 48 81 85 22 52 93 27 6 32 41
17 33 93 94 36 0 28 38 41 33 99 78 91 85 23 89 76 66 93 20 71 36 70 71 48 42 38 21 95 74
94 50 52 77 32 1 46 40 31 79 94 53 52 58 95 93 20 71 42 98 36 91 17 21 38 28 56 82 20 1
97 69 72 55 28 34 0 51 36 0 40 25 96 77 62 3 48 51 58 28 72 81 32 20 47 33 44 82 50 36
85 32 35 30 72 9 10 44 96 84 78 29 65 89 24 28 24 35 76 60 34 75 44 58 57 43 34 65 65 80
91 6 85 8 14 74 37 33 38 3 26 83 93 10 1 2 80 32 92 65 8 4 86 88 8 26 0 41 98 38
65 86 69 93 28 10 33 98 47 14 22 59 10 76 50 53 30 13 86 21 82 0 68 43 85 16 87 36 62 35
7 2 93 83 94 9 87 17 93 79 15 6 48 15 80 28 68 98 19 86 91 32 70 36 81 20 39 70 79 95
52 90 78 37 85 69 0 66 92 95 92 73 93 33 76 32 74 52 14 16 22 5 65 6 94 63 68 56 91 33
53 63 93 11 79 53 62 61 44 84 38 6 26 17 67 84 37 22 47 98 0 7 79 69 3 88 53 61 50 52
21 50 55 57 16 47 21 91 32 92 8 84 78 2 90 26 60 13 36 52 60 62 92 99 13 95 22 29 6 6
47 89 45 39 0 46 65 88 69 19 87 12 96 95 27 28 77 96 30 46 54 47 87 79 1 53 37 17 64 84
73 63 76 26 13 80 81 56 95 67 32 37 8 89 36 49 61 21 79 2 72 73 41 83 14 30 87 58 48 86
93 13 36 90 53 5 13 23 61 66 71 60 70 73 58 9 79 84 16 10 87 99 15 52 26 92 37 34 58 31
29 71 97 80 37 37 92 45 70 84 78 11 70 83 92 86 90 72 1 41 92 16 89 22 27 8 6 61 61 56
72 21 49 58 89 54 79 47 6 45 41 48 43 80 77 95 52 64 40 99 99 67 45 54 72 85 9 33 55 31
5 0 33 6 62 50 2 10 27 55 7 85 22 65 40 17 92 98 56 24 30 26 95 13 96 30 21 81 0 87
19 99 96 14 97 94 11 66 95 25 5 88 4 22 44 54 28 19 24 36 58 14 71 6 34 35 26 40 22 86
74 97 17 16 76 88 65 22 21 44 50 84 99 64 6 97 75 99 38 42 92 95 58 12 56 11 85 93 75 75
55 51 41 56 43 86 94 54 87 57 5 38 73 74 58 95 19 27 17 53 76 91 28 2 6 24 67 28 39 53
47 18 2 10 46 26 64 70 11 86 64 95 62 20 91 87 87 84 49 9 9 35 18 30 73 29 2 87 70 62
13 84 5 43 42 76 72 34 19 84 1 0 43 64 77 78 58 21 57 28 98 22 27 34 17 76 81 86 91 66
18 37 44 62 72 18 54 41 37 77 22 96 45 56 19 20 21 19 48 78 96 13 68 23 80 2 99 0 14 30
69 59 50 91 96 65 35 99 12 77 94 16 60 30 39 53 38 47 49 66 61 65 97 20 61 49 16 61 61 30
48 56 80 90 89 81 54 79 39 40 92 37 33 82 93 67 88 34 93 62 5 60 19 92 9 21 75 16 18 99
76 47 69 5 16 15 46 82 27 90 91 83 67 51 80 72 55 39 8 85 24 9 16 57 68 77 47 80 7 20
3 72 90 87 72 56 18 20 18 85 47 94 60 64 8 30 96 49 53 34 25 33 22 64 98 32 77 39 83 55
52 38 28 2 20 39 66 34 75 17 87 97 72 87 75 10 85 67 79 46 67 96 78 47 24 31 50 78 40 5
52 93 6 26 81 81 61 51 69 3 23 53 22 44 79 73 25 41 66 30 63 61 53 23 16 40 19 44 58 3
72 3 49 36 60 18 90 64 77 21 9 73 50 0 76 70 73 59 62 70 18 71 16 59 37 66 98 64 40 68
95 34 12 70 31 17 5 30 18 76 7 5 29 92 89 64 89 33 80 57 96 0 7 19 45 74 20 33 95 16
71 95 20 15 25 45 14 61 32 57 61 9 65 12 78 52 24 76 88 11 49 84 2 28 97 84 90 6 77 86
90 35 45 49 74 5 96 71 78 86 27 73 55 22 36 5 19 89 85 1 84 99 53 62 12 43 48 55 29 21
56 41 74 0 41 83 90 84 36 98 61 1 78 32 70 40 81 5 25 78 52 31 76 8 90 17 21 25 22 1
74 55 78 69 52 34 89 80 83 45 78 79 64 9 68 68 12 56 31 83 81 39 53 88 48 66 78 80 85 47
78 71 76 9 37 96 37 2 66 52 54 2 78 72 46 2 81 95 23 31 94 69 81 32 65 26 69 19 63 85
20 75 72 93 19 53 2 2 56 10 98 41 91 83 17 41 32 69 0 5 81 92 50 45 31 60 13 25 95 30
11 75 4 65 62 75 24 21 14 23 44 9 59 18 69 35 99 53 2 87 3 72 0 34 51 49 48 68 71 97
67 80 12 93 75 69 1 5 48 18 89 49 50 90 71 86 46 23 51 80 1 26 69 48 30 19 24 73 59 44
59 84 14 66 80 89 32 26 42 51 83 14 14 23 30 85 6 75 69 26 23 99 35 50 75 66 57 76 70 64
5 18 49 56 48 2 53 17 36 71 36 59 60 46 52 47 56 71 84 46 68 44 89 92 67 14 98 37 2 0

870 642 2013 1862 1384 404 2150 960 1871 943 257 571 1350 1608 1326 416 376 1258 1793 858 632 1817 735 517 637 1568 1510 475 482 1494

2485 8894 8200 3083 6913 5180 7629 2241 2487 7205 8253 6519 6789 4929 3503 3423 8441 7265 4647 4452 8799 3574 6020 7494 9290 5673 3637 2263 3658 6815

22 21 25 23 29 14 11 15 14 10 27 25 14 20 26 28 23 16 23 13 16 22 17 21 21 13 19 11 10 14 13 12 13 13 21 26 22 17 27 25 18 17 11 17 27 23 20 29 21 27 23 11 23 22 20 17 25 25 19 18

118 163 126 87 183 202 127 140 77 129 102 59 159 126 111 67 153 36 210 31 193 51 209 116 157 29 161 136 22 134
