60
30

83 40 24 19 44 70 51 10 7 43 11 83 78 74 40 63 18 50 85 23 87 65 5 51 46 23 55 30 68 22
19 15 45 87 37 95 56 11 18 58 61 38 44 96 33 89 14 25 30 10 67 6 80 93 0 90 29 16 55 18
72 82 53 66 69 57 89 90 16 57 25 35 27 0 42 5 35 50 31 96 29 19 45 58 91 77 31 29 74 16
32 54 62 60 2 83 96 1 94 24 48 25 9 75 80 45 15 69 33 58 68 17 14 99 7 15 86 40 99 57
86 87 41 84 6 43 79 35 30 61 64 96 9 98 82 66 9 32 16 76 65 33 22 36 42 63 42 89 67 77
76 15 84 33 90 88 59 34 18 98 36 72 12 86 97 28 29 54 10 64 53 44 53 10 14 2 34 17 34 75
72 45 9 98 95 2 31 72 63 52 78 48 37 60 47 53 41 32 6 36 94 84 77 20 7 45 90 72 69 60
66 47 75 72 17 57 59 84 66 75 44 36 40 69 20 45 77 34 10 95 46 65 80 78 90 82 22 6 19 7
90 81 23 58 87 51 94 99 27 11 47 63 16 38 11 49 33 38 8 49 5 71 54 50 99 73 42 36 77 84
91 72 99 63 84 42 54 44 6 83 61 58 73 33 75 32 18 82 82 43 47 95 66 79 8 52 93 40 32 19
41 81 24 36 60 80 29 10 57 79 92 24 32 40 92 11 9 5 14 63 38 55 96 49 68 6 59 90 15 92
6 97 64 22 55 75 96 99 36 55 13 51 67 91 24 16 99 53 86 65 74 95 29 61 57 69 21 5 33 34
29 83 60 66 87 46 47 68 92 79 80 50 78 23 18 10 31 87 39 46 63 33 97 85 46 43 31 92 73 98
28 12 9 10 38 52 33 9 86 99 96 71 36 46 41 25 4 58 59 95 5 4 84 50 6 44 41 72 16 35
6 74 17 5 41 12 31 9 14 86 80 56 14 18 78 75 27 54 60 70 22 26 38 74 76 74 47 88 27 12
11 93 39 88 45 49 21 70 80 24 24 67 63 33 14 56 77 47 98 74 93 34 50 7 29 28 54 80 89 38
77 21 9 43 26 62 31 34 58 7 75 11 47 61 90 28 25 13 2 54 52 16 83 92 78 8 15 73 18 60
24 20 25 46 6 40 58 87 67 6 69 90 52 13 51 94 41 44 38 8 23 67 21 79 85 43 57 40 84 43
54 22 70 62 67 29 95 21 61 20 19 64 83 25 98 6 90 8 19 88 2 53 5 34 77 29 25 39 46 57
69 0 34 93 65 1 59 4 65 99 97 86 26 65 42 63 48 93 5 63 50 72 30 53 14 88 22 99 6 87
16 55 56 40 17 16 72 76 19 94 7 70 66 75 2 16 97 96 83 6 20 36 83 14 95 5 14 36 1 88
1 48 48 72 76 84 46 53 79 31 25 19 9 9 1 47 31 83 9 58 35 11 49 21 94 34 29 95 67 69
88 65 58 40 36 89 9 87 52 81 95 14 16 87 56 68 72 27 74 83 52 26 84 98 89 30 77 60 29 7
33 54 98 63 98 33 83 28 84 31 50 94 53 80 91 0 34 83 86 9 64 91 9 18 58 92 24 92 53 21
49 11 71 42 79 84 17 53 3 54 79 27 42 7 11 86 13 53 25 67 85 53 7 34 77 96 34 43 23 52
65 53 6 75 39 60 18 98 83 81 23 75 19 19 16 46 48 95 3 32 12 12 46 86 83 96 60 62 36 34
44 74 81 98 77 54 93 17 34 40 36 51 77 38 79 78 46 60 68 76 43 15 75 92 84 3 46 13 76 61
37 76 27 37 91 98 1 99 87 99 84 13 92 55 14 36 81 5 92 13 99 0 78 73 91 59 48 66 21 79
52 82 61 11 99 40 9 6 76 51 73 75 62 89 40 35 93 2 97 31 98 84 91 45 13 68 38 46 25 4
9 39 28 53 76 10 75 95 71 73 64 45 3 92 96 4 40 92 81 12 45 18 97 73 18 91 12 57 91 65
36 13 85 97 52 46 3 72 54 37 40 61 85 5 26 75 51 63 30 79 60 83 95 55 6 95 77 26 4 85
25 6 39 57 94 7 86 76 7 30 22 12 98 32 22 52 91 33 28 39 17 6 20 76 61 63 28 81 90 41
75 93 10 43 27 66 58 81 1 99 5 41 49 88 54 54 18 94 43 51 63 71 84 35 64 94 9 91 53 83
0 30 74 11 19 24 30 37 70 85 80 13 60 97 94 48 39 2 75 35 29 95 29 65 86 84 4 79 53 20
56 67 76 96 10 64 20 82 14 37 97 38 16 58 86 16 98 93 6 52 61 70 90 10 34 94 53 26 65 20
54 58 98 17 8 42 54 68 80 27 80 97 82 17 14 17 43 48 93 39 35 87 99 86 69 22 23 99 86 89
81 45 22 44 26 34 11 78 37 31 67 48 65 16 36 50 88 16 40 71 92 22 26 94 78 61 7 36 76 89
63 55 98 26 15 47 74 37 24 20 52 53 43 15 43 61 50 23 65 22 35 94 96 94 4 65 45 68 41 35
9 39 31 59 73 74 42 65 61 62 8 86 51 26 72 79 23 66 83 73 83 43 34 55 94 25 17 97 8 70
9 85 75 90 15 95 73 46 56 26 91 61 47 99 49 36 16 67 50 31 70 96 89 31 93 22 57 1 38 91
38 22 46 30 62 52 11 7 78 39 63 88 55 4 51 90 20 59 34 90 5 25 19 39 42 80 14 92 45 24
61 52 64 73 87 93 93 3 87 97 76 94 14 38 30 79 50 90 2 64 84 35 6 84 12 5 13 26 49 92
2 18 4 92 78 64 64 77 30 85 88 20 68 91 11 93 80 90 1 39 90 13 23 70 5 8 3 53 82 47
97 79 59 18 10 25 33 25 7 66 67 10 29 87 65 56 1 0 52 60 82 77 44 58 6 44 92 69 21 95
41 62 8 40 33 81 44 72 42 82 46 22 37 56 2 62 90 54 84 35 81 25 95 54 80 47 86 84 90 3
67 98 94 36 77 92 26 79 95 56 80 52 9 88 8 69 69 64 77 95 5 5 89 43 65 20 80 16 16 97
62 14 17 85 53 71 51 79 27 1 75 8 81 43 21 86 84 62 67 69 68 28 59 45 80 87 42 32 84 95
45 70 4 73 19 31 44 16 24 78 11 55 21 62 41 57 8 17 3 13 7 5 21 47 88 20 49 47 99 52
94 7 23 70 49 19 95 68 2 59 36 94 38 64 90 56 19 87 93 64 43 71 72 55 99 86 84 26 74 31
30 46 72 67 98 44 64 57 42 82 74 30 79 62 54 69 66 33 31 18 96 86 13 48 20 59 82 24 87 87
17 63 55 85 42 80 13 16 55 61 27 13 17 4 92 46 91 29 55 43 58 28 38 26 63 28 81 8 56 79
86 59 31 85 18 43 88 45 14 94 63 69 93 58 0 97 63 41 69 19 86 36 38 87 37 3 76 58 60 51
21 14 16 25 51 57 84 2 56 54 44 62 63 90 56 66 2 65 27 72 90 33 12 72 73 57 10 19 70 53
33 90 86 31 63 99 0 55 43 45 51 89 43 85 69 97 6 41 13 9 68 91 46 79 10 11 24 92 73 52
2 98 52 83 72 78 60 25 85 72 8 63 42 27 50 9 28 32 4 44 35 71 20 83 12 85 79 22 15 39
38 62 63 42 41 40 11 42 90 76 0 19 15 50 57 33 4 57 25 4 87 88 80 35 64 59 50 95 43 74
29 36 18 90 79 2 99 28 45 54 83 55 26 23 25 4 84 69 41 33 79 89 65 42 71 28 29 64 8 71
48 46 10 14 24 53 14 63 96 69 29 86 18 94 28 31 21 28 74 86 96 23 48 30 20 29 42 19 94 70
20 91 64 17 64 96 64 50 67 77 77 39 26 53 22 57 59 4 9 32 37 28 1 88 23 37 9 29 38 17
85 79 6 52 85 73 58 98 45 60 74 62 60 67 13 12 72 35 55 21 20 29 46 31 89 73 32 88 62 72

21 32 13 4 10 55 14 99 39 48 58 1 11 2 94 5 26 74 7 54 33 37 96 1 31 60 0 18 32 66
28 66 38 39 64 77 72 65 40 55 62 31 11 53 95 23 67 16 46 77 71 81 90 8 8 75 42 84 72 58
52 46 52 93 98 88 63 55 29 25 53 89 33 47 81 2 76 11 37 33 0 35 61 40 91 86 67 7 53 74
93 42 51 9 36 36 3 67 18 1 39 85 21 89 63 64 71 90 67 67 64 41 0 37 64 89 90 62 10 15
64 78 21 83 16 68 82 87 23 17 47 19 7 22 98 56 88 57 45 51 80 69 41 90 31 25 79 31 94 52
61 37 95 46 76 86 32 19 27 5 6 35 78 59 87 43 28 11 66 5 28 12 25 77 2 99 50 99 14 7
54 5 28 25 93 35 38 51 85 34 47 17 72 70 50 10 82 87 35 91 78 90 8 93 9 28 12 52 88 12
89 5 74 97 6 51 24 4 49 66 56 67 52 16 13 28 15 3 42 20 33 51 30 1 29 4 40 42 75 3
51 72 36 52 2 35 77 3 82 20 11 15 26 51 86 64 96 70 33 13 66 38 20 61 51 30 1 50 22 15
29 71 17 41 96 20 37 56 5 85 82 52 88 72 74 99 32 89 61 11 77 56 2 69 81 12 93 75 91 25
59 26 50 43 38 36 23 19 26 26 45 21 63 75 3 4 78 3 9 87 21 20 30 91 46 68 88 8 30 37
31 18 53 32 49 73 38 30 79 5 64 41 35 50 86 68 43 69 15 35 69 20 64 21 86 18 42 21 95 74
64 23 10 9 4 69 71 82 17 49 40 75 95 27 99 28 38 15 53 18 58 47 3 18 50 93 51 80 84 43
47 49 15 44 81 69 11 55 1 59 46 74 91 67 12 38 48 30 27 6 40 96 82 71 36 78 12 70 41 63
14 81 70 91 29 17 55 64 71 86 56 58 72 41 29 63 54 61 78 47 87 32 73 37 56 18 29 63 59 41
82 94 19 8 80 75 77 62 7 49 81 37 91 4 12 41 62 86 11 9 71 87 74 93 80 70 52 78 82 7
69 48 13 42 40 29 77 93 50 5 70 74 33 65 96 85 60 19 7 2 21 27 96 75 66 92 52 13 37 23
25 6 98 88 83 18 63 78 47 53 66 76 41 80 21 4 99 60 80 76 94 18 68 89 7 55 68 34 39 80
79 2 31 28 74 15 50 77 23 19 61 83 63 10 75 99 36 70 61 52 13 66 63 85 89 99 44 86 4 34
53 74 42 45 2 4 96 35 88 15 2 47 80 25 4 45 90 57 67 58 81 53 71 98 67 94 65 90 32 45
26 7 66 91 91 62 82 35 39 11 76 70 35 83 45 40 77 27 64 72 2 42 93 22 41 36 66 81 27 25
85 27 6 75 13 21 87 42 47 89 52 58 8 22 0 81 88 7 91 4 36 53 27 77 67 85 81 0 34 20
56 98 0 42 40 65 89 44 90 55 10 99 56 47 86 95 28 24 23 20 79 30 7 2 27 95 9 34 24 62
56 32 79 30 60 21 50 7 48 33 61 48 20 68 44 5 27 51 94 24 54 91 99 62 36 13 86 11 62 30
78 52 25 76 73 74 36 8 78 37 7 53 56 50 63 64 86 12 55 0 25 23 68 50 31 65 47 73 84 18
4 1 22 51 49 57 63 12 84 67 92 95 43 62 31 70 60 24 23 4 7 89 96 93 38 44 77 5 22 59
2 88 47 40 9 98 43 18 23 55 45 77 81 26 96 10 40 95 66 50 70 69 29 11 28 35 24 36 66 55
5 43 19 74 43 11 66 84 36 49 74 44 46 37 61 79 64 37 37 92 76 13 16 53 81 98 93 81 72 8
49 91 1 88 11 9 78 42 94 56 67 77 86 51 2 60 67 10 7 78 72 8 18 52 22 55 31 27 11 90
13 56 98 97 75 47 54 5 72 30 65 17 85 76 79 76 11 79 61 77 47 59 94 71 57 69 23 29 60 15
48 54 65 98 11 56 55 70 22 53 83 37 27 22 51 59 19 50 60 42 28 43 66 98 53 87 93 39 30 83
59 22 23 92 32 65 10 62 27 94 86 23 6 94 1 82 36 82 22 31 19 16 73 78 6 6 94 41 64 99
22 82 29 51 99 55 1 8 39 10 40 52 18 69 70 99 80 63 23 44 53 11 46 84 30 53 73 86 62 1
40 56 58 42 85 47 90 22 50 92 65 99 4 67 86 19 40 18 32 86 6 85 23 8 84 47 52 48 30 32
1 11 32 85 64 36 49 95 58 3 38 3 80 35 89 56 59 85 18 81 97 24 88 89 93 72 62 21 16 45
3 31 52 96 84 24 45 92 56 25 12 35 13 41 98 29 26 26 2 57 41 90 90 9 86 79 74 81 96 43
25 30 81 62 56 62 75 83 75 93 53 8 11 88 9 25 57 94 8 78 80 4 83 9 99 25 24 23 22 44
87 64 3 95 9 98 51 93 22 37 5 74 96 56 63 61 44 91 19 50 88 4 55 76 52 73 84 10 41 30
44 98 21 54 99 37 97 1 75 53 78 28 57 27 53 26 22 80 24 91 69 20 80 89 89 1 94 83 80 58
85 53 95 12 71 98 84 58 15 28 63 87 30 65 28 98 2 15 94 4 38 96 15 33 59 10 42 90 91 7
95 18 15 84 78 84 97 1 52 63 92 26 48 18 3 25 87 89 33 63 29 20 64 93 90 22 61 36 71 29
58 80 11 94 0 59 44 39 43 84 24 62 22 36 64 49 57 52 77 54 46 51 28 45 66 86 47 26 84 28
34 89 50 5 83 42 22 57 93 36 40 84 40 71 55 89 41 64 87 58 15 4 53 4 42 25 90 98 67 86
84 40 86 15 55 51 38 75 73 97 74 60 4 56 67 10 5 11 8 25 26 19 91 3 76 88 68 38 73 65
50 51 81 17 79 37 98 56 79 62 55 43 83 28 38 74 92 4 47 19 94 74 41 83 68 72 48 13 51 89
35 46 23 71 55 97 66 60 40 22 80 22 82 99 66 87 32 26 28 81 16 20 24 35 37 61 84 84 14 27
86 14 81 12 35 5 46 11 98 73 77 22 91 34 79 11 17 10 58 20 12 77 8 17 22 7 53 33 48 69
29 25 16 79 6 55 59 13 56 79 23 42 43 94 33 28 81 69 78 5 79 79 2 29 80 2 13 74 64 46
45 10 59 41 33 78 86 82 89 60 47 18 88 12 6 43 2 91 35 4 39 5 39 45 80 81 50 61 17 96
83 15 31 45 80 54 76 36 88 17 45 19 44 33 39 11 71 42 66 62 99 89 40 76 72 76 54 81 97 72
55 14 56 21 38 68 82 81 34 9 60 2 71 64 30 23 21 44 77 32 69 39 41 40 67 12 95 47 51 82
62 4 44 48 68 12 69 25 62 85 44 80 38 98 32 76 52 79 75 96 2 19 26 69 41 14 58 37 13 51
26 41 44 21 2 99 37 4 2 20 31 70 89 63 46 79 18 39 14 84 43 32 58 78 26 59 88 12 95 5
16 98 54 21 7 74 43 47 20 81 88 10 9 82 5 1 92 39 41 43 85 14 65 97 93 50 32 67 84 75
13 98 80 15 36 88 71 13 82 52 7 91 51 6 29 8 73 69 68 90 40 81 93 36 77 16 92 44 80 8
41 88 92 31 67 47 94 13 22 74 30 52 25 54 89 75 32 80 23 68 56 59 73 54 26 10 17 93 74 36
79 50 82 78 62 46 25 54 76 74 4 89 99 66 39 52 74 37 73 70 35 32 21 90 24 64 36 87 19 11
96 70 13 18 42 13 1 16 88 16 51 51 23 80 96 94 46 38 49 70 16 93 36 24 15 47 99 19 32 12
16 33 50 54 38 88 65 3 35 42 76 29 13 29 44 63 29 13 82 31 34 2 36 6 1 34 75 9 30 33
88 21 41 5 65 67 84 94 7 3 40 57 93 4 78 99 95 46 5 82 18 16 20 20 21 7 55 84 27 72

870 642 2013 1862 1384 404 2150 960 1871 943 257 571 1350 1608 1326 416 376 1258 1793 858 632 1817 735 517 637 1568 1510 475 482 1494

2163 2086 3236 5657 6447 4360 5603 3160 5786 6587 1855 2938 6662 6111 1382 6377 6567 3486 1902 2240 5892 5898 3842 4734 5671 1204 1414 3213 6788 2822

22 21 25 23 29 14 11 15 14 10 27 25 14 20 26 28 23 16 23 13 16 22 17 21 21 13 19 11 10 14 13 12 13 13 21 26 22 17 27 25 18 17 11 17 27 23 20 29 21 27 23 11 23 22 20 17 25 25 19 18

118 163 126 87 183 202 127 140 77 129 102 59 159 126 111 67 153 36 210 31 193 51 209 116 157 29 161 136 22 134
