60
30

82 42 62 4 57 20 83 23 87 74 72 72 17 46 2 98 7 90 38 37 16 52 83 60 68 38 61 63 49 44
6 52 33 88 3 58 26 59 10 74 97 79 62 17 23 45 16 37 62 85 1 39 41 64 94 89 17 2 8 10
51 10 83 6 3 47 14 54 33 48 46 57 75 87 41 56 11 69 70 31 61 73 5 49 80 69 12 36 10 7
56 74 32 39 88 68 35 16 63 8 66 82 8 48 51 50 47 59 98 40 48 27 7 1 48 27 69 53 72 59
11 34 49 46 34 18 98 44 43 44 32 78 60 84 1 39 77 27 82 87 3 58 70 42 79 71 42 79 92 28
98 36 10 66 95 10 98 10 25 8 19 36 8 64 99 9 15 40 31 78 8 96 40 2 91 58 27 40 5 50
84 39 97 59 21 94 60 41 64 61 16 4 24 51 95 7 17 39 26 79 11 72 48 31 22 32 3 25 76 20
71 27 27 58 64 39 80 12 73 6 69 95 57 38 94 3 4 92 95 89 96 99 42 79 85 31 62 87 32 62
24 77 82 43 50 89 77 5 46 18 23 64 51 17 68 88 40 61 58 46 62 0 73 62 69 76 63 27 71 86
42 51 41 33 91 68 34 65 4 1 4 16 59 69 43 9 5 96 43 49 91 38 97 46 90 47 63 43 89 41
58 29 31 45 73 63 62 19 4 47 95 89 60 15 94 63 78 37 59 72 61 45 48 77 25 28 68 49 17 67
28 90 29 93 36 64 37 99 73 51 38 27 89 49 45 27 98 84 89 42 59 94 23 82 86 18 23 78 12 82
48 37 9 81 90 36 26 92 26 24 8 64 58 28 10 78 12 69 6 59 6 48 70 7 33 46 71 55 13 58
15 75 97 48 19 12 47 96 9 83 4 79 65 0 39 1 66 89 38 65 10 10 56 58 89 23 67 81 81 26
67 60 53 77 28 1 9 76 1 91 28 58 10 59 53 42 0 27 55 13 23 41 65 49 68 53 55 20 75 84
4 11 6 3 90 52 28 98 87 56 54 17 61 5 55 12 90 15 12 16 56 99 93 29 88 80 66 95 38 45
82 5 41 30 99 39 75 81 7 51 26 29 6 52 23 77 26 44 7 88 93 9 38 11 93 65 54 3 73 27
45 11 84 51 2 50 62 48 45 63 0 71 57 63 54 52 65 97 80 11 45 71 8 77 54 33 96 90 1 4
14 69 22 99 52 84 8 74 61 40 21 15 65 78 74 19 95 52 74 55 50 28 56 16 72 19 44 65 96 50
29 68 7 23 46 56 29 19 93 53 10 55 9 70 82 95 30 49 24 70 72 7 42 63 3 17 50 65 32 22
9 95 96 66 73 69 35 98 34 25 99 76 72 61 3 79 55 48 41 97 34 0 17 75 35 39 60 11 52 73
30 39 78 81 22 65 28 68 38 7 56 29 81 77 57 59 83 9 14 72 82 2 16 18 4 52 81 32 12 77
39 33 36 68 68 68 90 24 89 59 45 31 60 10 4 29 26 77 13 44 9 3 90 93 63 78 63 95 6 74
54 36 19 63 31 77 65 19 41 91 71 63 77 89 84 2 45 51 85 73 44 88 14 82 63 89 60 16 61 28
10 54 93 51 50 13 86 52 82 4 78 11 85 78 94 62 39 95 90 2 92 35 14 60 29 57 59 7 97 45
0 45 65 11 47 28 36 58 55 95 53 97 67 18 44 85 92 3 10 31 39 82 50 82 45 95 75 79 99 50
59 60 17 5 18 43 45 14 32 8 78 27 38 76 31 38 57 42 1 30 54 11 99 37 12 60 46 49 97 2
62 18 29 33 88 35 89 99 26 99 40 0 84 84 17 25 57 91 32 87 89 27 2 86 91 51 81 47 13 90
63 89 90 0 89 20 22 28 70 86 40 15 11 0 85 22 96 32 91 88 77 38 58 47 61 65 46 53 7 50
25 8 66 4 86 78 22 52 65 46 29 64 49 36 44 6 78 12 5 89 43 33 95 94 49 10 7 11 5 13
87 6 50 7 21 18 13 28 5 42 99 16 4 47 26 78 86 43 50 43 94 93 79 20 91 32 34 3 94 40
23 43 69 80 40 11 66 4 95 15 17 83 42 35 11 5 53 1 34 68 71 20 39 47 31 38 66 10 26 79
45 24 61 98 48 68 33 58 65 43 18 0 34 46 48 65 35 62 24 4 33 67 97 67 40 57 90 67 22 63
71 60 60 90 96 75 67 97 55 6 2 17 28 32 31 85 6 35 37 98 46 30 74 55 70 24 19 34 5 80
56 10 51 35 10 20 12 13 19 21 15 28 87 17 31 56 80 29 42 44 50 46 34 66 0 77 20 49 22 95
91 39 66 46 86 58 42 48 6 93 45 25 11 16 53 35 96 7 53 91 17 54 83 94 15 37 1 8 59 17
18 60 21 3 47 47 31 54 74 67 86 39 33 25 23 77 56 70 52 12 19 61 30 97 15 85 27 14 14 52
90 19 0 55 29 20 95 69 74 10 98 21 70 16 21 64 21 38 74 23 89 91 48 9 14 73 1 18 19 8
27 45 97 65 84 10 10 30 0 47 44 86 81 10 88 31 95 16 59 41 12 4 57 57 7 87 38 46 68 43
51 72 74 49 54 81 10 60 22 68 55 97 1 5 61 90 80 35 90 86 77 46 95 23 69 13 59 23 8 49
17 69 93 4 39 59 18 10 40 43 80 58 49 12 46 59 51 68 96 20 87 7 1 30 73 98 97 56 69 28
64 84 23 57 28 41 55 97 33 13 62 5 64 17 69 69 11 7 37 10 0 20 19 42 43 87 19 50 75 75
99 90 84 16 33 24 48 64 1 17 29 68 85 95 13 56 3 20 68 73 80 35 65 11 64 83 0 29 30 5
98 50 10 79 82 81 69 40 56 95 6 1 22 70 43 64 26 76 34 0 22 53 11 15 74 13 52 53 57 85
27 95 20 55 60 44 5 80 25 32 67 99 49 61 14 32 93 73 65 72 46 22 15 5 37 80 22 86 59 5
84 0 52 54 59 54 8 12 41 83 70 80 8 82 54 41 92 82 14 84 52 30 20 79 25 57 39 11 16 34
9 20 36 37 73 24 92 5 8 92 8 24 45 20 13 95 95 10 31 67 10 64 69 28 37 44 67 4 69 46
73 0 76 10 55 77 80 48 58 58 15 72 65 8 65 40 30 29 97 71 90 51 10 87 61 36 76 71 90 8
55 78 19 74 82 16 69 17 87 78 55 54 82 18 4 5 19 86 19 16 28 55 15 16 62 28 32 18 12 90
80 98 96 54 95 85 97 9 91 71 32 66 44 27 59 79 54 53 69 57 47 33 10 23 37 59 41 69 47 29
22 14 59 70 65 74 49 4 41 89 20 72 74 73 46 3 98 80 79 56 49 7 95 98 10 64 74 95 45 97
34 16 79 35 85 88 11 96 42 45 79 87 43 68 98 61 43 1 44 28 81 86 69 44 54 70 44 0 28 58
95 3 80 18 55 23 50 81 54 31 46 65 28 64 30 26 12 0 78 30 46 11 96 83 10 33 27 53 77 80
90 96 35 83 34 67 22 31 85 49 87 43 44 61 52 7 39 28 47 62 56 95 48 92 96 53 30 90 26 89
23 83 35 78 32 37 5 87 48 88 56 55 78 54 28 76 63 38 13 75 57 25 41 89 93 18 90 70 56 88
75 67 43 19 24 86 77 70 63 93 0 6 63 33 67 38 3 90 23 5 81 86 21 71 58 0 23 15 23 73
91 56 8 15 47 27 3 23 87 92 40 93 46 73 45 80 70 25 85 30 40 87 59 94 39 88 96 6 79 86
74 72 11 74 73 4 95 75 7 7 98 18 29 89 49 60 73 65 73 99 0 62 72 91 47 52 36 68 1 80
98 17 61 42 65 81 25 48 92 62 54 73 71 66 81 73 72 17 59 20 38 1 84 96 26 58 32 30 61 6
83 85 19 73 34 24 77 66 32 0 95 15 49 74 93 61 12 28 77 72 46 47 99 22 87 83 57 53 88 13

29 77 93 91 41 49 74 23 18 80 38 76 36 78 76 13 85 84 89 64 59 39 18 76 29 67 4 14 14 89
77 91 84 58 97 35 49 91 94 24 32 27 84 29 30 42 62 78 98 98 78 98 17 15 74 14 44 76 22 19
28 23 96 30 61 93 67 94 96 1 1 23 42 78 2 62 25 7 35 13 66 37 14 84 34 40 33 29 58 62
0 92 2 79 75 78 58 49 27 15 96 38 87 72 73 43 23 63 2 47 89 27 27 94 22 90 48 40 80 31
8 39 52 18 18 70 76 81 1 98 60 36 61 43 78 88 21 90 89 61 92 66 2 49 40 69 93 74 95 19
35 96 1 76 99 22 6 39 47 0 34 15 10 88 1 33 39 54 59 39 54 29 74 95 42 25 89 64 77 90
9 60 54 67 23 97 77 74 43 59 22 12 29 82 84 94 26 7 68 23 31 66 83 83 76 97 61 15 81 89
85 80 24 27 30 54 28 79 29 84 56 32 21 16 78 83 47 69 42 44 99 13 55 3 52 78 72 65 95 0
46 56 88 82 72 64 89 35 47 56 13 5 20 90 49 22 0 10 27 20 57 1 6 11 23 33 46 15 88 19
69 75 37 82 20 24 82 93 96 54 83 15 95 33 58 94 99 61 34 58 12 48 73 18 93 70 0 97 62 34
96 11 92 56 33 91 74 26 83 16 52 23 13 99 52 5 43 35 48 82 43 25 52 44 94 10 4 10 24 89
10 19 16 23 60 73 32 9 6 2 3 17 91 22 88 3 73 1 95 35 59 48 17 17 57 91 21 75 17 19
7 59 9 97 19 64 55 74 60 67 30 56 65 57 86 95 30 81 59 42 82 44 82 41 64 42 98 66 53 90
49 51 35 11 88 34 23 76 44 25 64 3 24 85 95 77 45 58 36 37 20 93 21 43 53 60 20 14 8 37
89 11 48 30 67 3 89 40 93 29 80 7 14 56 26 79 14 99 10 90 78 34 77 60 79 41 92 21 41 51
78 65 24 75 2 43 33 49 63 69 45 22 2 21 5 74 32 20 43 24 61 40 99 86 63 90 69 78 8 58
10 77 64 3 55 97 33 48 41 16 74 15 41 86 37 85 55 6 4 80 1 32 15 21 17 64 21 75 54 23
93 22 30 19 80 94 74 73 1 67 70 27 96 13 95 78 95 31 5 7 62 27 7 85 22 17 22 94 6 48
44 76 26 79 29 10 2 77 72 78 98 93 71 60 14 44 65 89 73 11 20 38 86 19 75 22 71 77 79 54
83 83 99 65 73 15 60 87 68 80 41 67 56 82 70 47 22 28 61 37 55 93 87 62 19 5 20 62 83 17
25 79 28 97 27 49 85 31 95 92 73 25 69 75 40 59 68 74 29 28 38 70 9 64 19 49 65 28 55 6
19 21 71 59 29 50 85 15 98 48 34 70 78 25 43 15 54 18 37 84 52 50 4 65 91 27 50 73 87 23
92 33 73 40 2 37 83 44 75 82 36 2 99 75 2 87 49 83 35 17 24 71 18 42 11 31 41 0 38 12
11 17 40 0 77 92 76 12 0 21 53 98 8 45 34 60 25 8 69 51 58 84 47 87 69 92 63 6 86 22
65 50 23 28 8 48 99 62 25 37 0 68 19 38 8 50 9 88 90 79 88 73 31 11 0 37 53 34 9 55
39 47 37 74 69 69 1 93 40 3 53 19 13 13 23 11 17 4 14 22 98 81 86 82 3 61 50 82 34 41
49 76 99 47 83 77 57 42 26 35 40 34 39 21 82 27 65 53 2 12 66 34 12 90 41 90 53 62 37 37
82 29 31 95 50 10 54 57 57 44 85 49 73 43 34 61 59 20 90 29 15 97 3 98 58 72 32 91 1 8
75 70 82 57 51 69 63 42 26 15 97 62 80 95 52 83 63 9 9 49 93 37 95 98 87 93 19 86 36 56
0 63 49 7 28 27 53 82 94 67 98 58 70 75 13 8 21 76 25 94 5 10 20 1 67 72 5 2 44 83
25 37 39 56 21 26 24 80 30 51 87 25 92 98 26 57 81 5 65 10 93 96 33 42 61 77 40 93 66 16
38 7 75 66 45 85 24 60 87 2 24 21 69 73 55 50 78 72 82 84 1 40 11 51 91 27 58 50 12 53
1 27 69 92 55 53 78 13 65 99 44 20 24 66 54 86 55 35 99 75 12 18 85 90 99 50 85 87 99 34
64 59 68 34 67 67 36 90 38 73 26 85 33 4 69 91 44 57 86 79 25 17 65 65 6 49 49 39 33 88
23 74 66 37 45 38 22 51 86 47 56 61 60 16 2 65 46 31 23 94 63 11 50 38 33 60 92 75 27 16
67 38 14 44 70 29 36 48 84 57 73 74 2 46 94 44 12 57 88 48 65 23 27 68 30 71 7 18 4 91
72 37 24 86 8 48 17 97 67 76 66 89 61 1 83 58 31 77 34 76 82 38 28 88 40 87 84 41 77 33
41 90 96 12 58 26 86 19 34 16 87 38 39 43 13 39 38 99 43 75 48 60 57 22 54 50 89 13 89 66
31 80 37 30 87 4 30 91 81 20 32 81 70 57 38 7 93 75 46 35 80 56 49 91 95 54 76 87 84 96
84 56 55 14 63 37 3 32 13 58 72 45 9 4 13 58 58 64 60 79 20 2 61 91 39 89 24 17 7 93
58 88 69 12 34 67 25 5 77 70 91 45 88 15 49 13 36 72 53 84 74 1 8 1 83 5 32 21 22 23
51 82 68 48 7 29 50 54 64 92 16 46 60 14 4 82 21 53 81 34 40 35 92 67 95 0 12 79 55 93
15 13 95 81 95 39 17 93 86 67 58 28 99 43 25 67 45 30 83 89 17 86 98 72 69 87 4 36 91 48
44 54 77 61 13 39 41 28 84 82 22 81 22 7 81 98 3 50 86 68 74 0 34 72 63 46 61 47 89 13
35 2 47 96 30 66 63 18 35 89 51 68 36 46 6 89 88 3 22 50 47 39 24 84 45 41 36 99 20 16
46 0 32 86 20 52 46 61 93 0 26 96 23 12 5 96 95 6 19 6 21 97 0 14 45 55 88 48 76 64
96 40 1 35 45 99 34 98 44 6 33 83 89 33 65 70 4 42 11 52 49 7 49 62 63 92 37 44 23 52
6 67 40 47 20 23 7 94 70 52 92 91 1 83 21 86 5 88 8 76 12 91 25 64 67 60 3 5 85 2
35 17 6 27 0 42 4 37 29 81 17 73 6 37 1 31 43 46 30 8 88 70 92 54 66 87 47 46 36 12
61 94 32 11 20 54 21 12 90 14 92 23 78 65 51 93 21 78 99 8 88 59 15 73 79 38 68 43 70 20
26 3 22 3 43 8 53 51 50 23 48 62 52 37 66 71 41 40 37 90 58 74 89 66 59 18 40 9 97 50
32 21 84 97 12 30 25 84 68 13 29 20 90 55 39 97 5 79 38 85 10 52 9 47 3 45 87 15 76 99
94 85 35 33 74 44 59 93 54 23 92 27 0 29 58 32 54 29 29 16 50 69 88 65 69 38 62 4 65 53
24 7 74 76 96 80 3 22 78 26 32 11 12 71 3 54 33 3 74 17 86 55 38 59 3 47 75 62 57 43
56 2 58 99 24 9 40 29 29 40 72 82 84 40 75 18 78 80 31 41 47 96 30 9 7 54 75 35 88 37
43 54 26 12 86 9 6 23 5 91 59 35 26 30 58 8 90 31 60 72 5 89 98 58 30 32 14 82 8 80
94 88 33 23 33 11 55 39 53 11 38 15 47 76 13 56 26 14 26 66 86 73 42 58 22 50 65 22 63 1
93 54 1 42 2 27 39 10 46 56 74 22 0 97 96 60 94 65 83 66 15 71 90 7 68 23 88 71 24 20
5 98 7 43 41 34 87 33 2 96 74 96 50 58 59 72 59 14 11 76 47 73 48 86 3 77 41 29 41 78
8 6 41 89 14 52 68 1 84 5 78 37 94 61 36 79 98 17 35 96 97 28 60 51 77 43 58 66 58 86

873 573 1847 1471 812 1087 955 653 1943 1025 1606 805 1771 790 1459 1979 732 633 493 1712 738 336 552 953 778 869 1767 892 521 1466

6204 1676 4248 6260 5817 3260 3806 5419 3441 4148 1670 5114 4860 2486 2069 1488 5318 1552 2256 4931 2139 5260 3876 5306 3634 3048 2713 6243 3523 3102

22 27 15 22 28 26 18 21 12 27 29 19 11 29 27 18 28 20 10 21 14 29 11 13 14 20 18 24 15 11 21 23 14 13 19 26 26 28 12 15 23 29 23 28 25 26 13 19 22 22 26 29 23 23 13 24 17 26 24 24

66 141 39 23 156 181 22 106 153 98 103 62 172 129 198 56 209 59 144 29 113 88 194 55 26 134 39 162 177 152
