60
30

82 42 62 4 57 20 83 23 87 74 72 72 17 46 2 98 7 90 38 37 16 52 83 60 68 38 61 63 49 44
6 52 33 88 3 58 26 59 10 74 97 79 62 17 23 45 16 37 62 85 1 39 41 64 94 89 17 2 8 10
51 10 83 6 3 47 14 54 33 48 46 57 75 87 41 56 11 69 70 31 61 73 5 49 80 69 12 36 10 7
56 74 32 39 88 68 35 16 63 8 66 82 8 48 51 50 47 59 98 40 48 27 7 1 48 27 69 53 72 59
11 34 49 46 34 18 98 44 43 44 32 78 60 84 1 39 77 27 82 87 3 58 70 42 79 71 42 79 92 28
98 36 10 66 95 10 98 10 25 8 19 36 8 64 99 9 15 40 31 78 8 96 40 2 91 58 27 40 5 50
84 39 97 59 21 94 60 41 64 61 16 4 24 51 95 7 17 39 26 79 11 72 48 31 22 32 3 25 76 20
71 27 27 58 64 39 80 12 73 6 69 95 57 38 94 3 4 92 95 89 96 99 42 79 85 31 62 87 32 62
24 77 82 43 50 89 77 5 46 18 23 64 51 17 68 88 40 61 58 46 62 0 73 62 69 76 63 27 71 86
42 51 41 33 91 68 34 65 4 1 4 16 59 69 43 9 5 96 43 49 91 38 97 46 90 47 63 43 89 41
58 29 31 45 73 63 62 19 4 47 95 89 60 15 94 63 78 37 59 72 61 45 48 77 25 28 68 49 17 67
28 90 29 93 36 64 37 99 73 51 38 27 89 49 45 27 98 84 89 42 59 94 23 82 86 18 23 78 12 82
48 37 9 81 90 36 26 92 26 24 8 64 58 28 10 78 12 69 6 59 6 48 70 7 33 46 71 55 13 58
15 75 97 48 19 12 47 96 9 83 4 79 65 0 39 1 66 89 38 65 10 10 56 58 89 23 67 81 81 26
67 60 53 77 28 1 9 76 1 91 28 58 10 59 53 42 0 27 55 13 23 41 65 49 68 53 55 20 75 84
4 11 6 3 90 52 28 98 87 56 54 17 61 5 55 12 90 15 12 16 56 99 93 29 88 80 66 95 38 45
82 5 41 30 99 39 75 81 7 51 26 29 6 52 23 77 26 44 7 88 93 9 38 11 93 65 54 3 73 27
45 11 84 51 2 50 62 48 45 63 0 71 57 63 54 52 65 97 80 11 45 71 8 77 54 33 96 90 1 4
14 69 22 99 52 84 8 74 61 40 21 15 65 78 74 19 95 52 74 55 50 28 56 16 72 19 44 65 96 50
29 68 7 23 46 56 29 19 93 53 10 55 9 70 82 95 30 49 24 70 72 7 42 63 3 17 50 65 32 22
9 95 96 66 73 69 35 98 34 25 99 76 72 61 3 79 55 48 41 97 34 0 17 75 35 39 60 11 52 73
30 39 78 81 22 65 28 68 38 7 56 29 81 77 57 59 83 9 14 72 82 2 16 18 4 52 81 32 12 77
39 33 36 68 68 68 90 24 89 59 45 31 60 10 4 29 26 77 13 44 9 3 90 93 63 78 63 95 6 74
54 36 19 63 31 77 65 19 41 91 71 63 77 89 84 2 45 51 85 73 44 88 14 82 63 89 60 16 61 28
10 54 93 51 50 13 86 52 82 4 78 11 85 78 94 62 39 95 90 2 92 35 14 60 29 57 59 7 97 45
0 45 65 11 47 28 36 58 55 95 53 97 67 18 44 85 92 3 10 31 39 82 50 82 45 95 75 79 99 50
59 60 17 5 18 43 45 14 32 8 78 27 38 76 31 38 57 42 1 30 54 11 99 37 12 60 46 49 97 2
62 18 29 33 88 35 89 99 26 99 40 0 84 84 17 25 57 91 32 87 89 27 2 86 91 51 81 47 13 90
63 89 90 0 89 20 22 28 70 86 40 15 11 0 85 22 96 32 91 88 77 38 58 47 61 65 46 53 7 50
25 8 66 4 86 78 22 52 65 46 29 64 49 36 44 6 78 12 5 89 43 33 95 94 49 10 7 11 5 13
87 6 50 7 21 18 13 28 5 42 99 16 4 47 26 78 86 43 50 43 94 93 79 20 91 32 34 3 94 40
23 43 69 80 40 11 66 4 95 15 17 83 42 35 11 5 53 1 34 68 71 20 39 47 31 38 66 10 26 79
45 24 61 98 48 68 33 58 65 43 18 0 34 46 48 65 35 62 24 4 33 67 97 67 40 57 90 67 22 63
71 60 60 90 96 75 67 97 55 6 2 17 28 32 31 85 6 35 37 98 46 30 74 55 70 24 19 34 5 80
56 10 51 35 10 20 12 13 19 21 15 28 87 17 31 56 80 29 42 44 50 46 34 66 0 77 20 49 22 95
91 39 66 46 86 58 42 48 6 93 45 25 11 16 53 35 96 7 53 91 17 54 83 94 15 37 1 8 59 17
18 60 21 3 47 47 31 54 74 67 86 39 33 25 23 77 56 70 52 12 19 61 30 97 15 85 27 14 14 52
90 19 0 55 29 20 95 69 74 10 98 21 70 16 21 64 21 38 74 23 89 91 48 9 14 73 1 18 19 8
27 45 97 65 84 10 10 30 0 47 44 86 81 10 88 31 95 16 59 41 12 4 57 57 7 87 38 46 68 43
51 72 74 49 54 81 10 60 22 68 55 97 1 5 61 90 80 35 90 86 77 46 95 23 69 13 59 23 8 49
17 69 93 4 39 59 18 10 40 43 80 58 49 12 46 59 51 68 96 20 87 7 1 30 73 98 97 56 69 28
64 84 23 57 28 41 55 97 33 13 62 5 64 17 69 69 11 7 37 10 0 20 19 42 43 87 19 50 75 75
99 90 84 16 33 24 48 64 1 17 29 68 85 95 13 56 3 20 68 73 80 35 65 11 64 83 0 29 30 5
98 50 10 79 82 81 69 40 56 95 6 1 22 70 43 64 26 76 34 0 22 53 11 15 74 13 52 53 57 85
27 95 20 55 60 44 5 80 25 32 67 99 49 61 14 32 93 73 65 72 46 22 15 5 37 80 22 86 59 5
84 0 52 54 59 54 8 12 41 83 70 80 8 82 54 41 92 82 14 84 52 30 20 79 25 57 39 11 16 34
9 20 36 37 73 24 92 5 8 92 8 24 45 20 13 95 95 10 31 67 10 64 69 28 37 44 67 4 69 46
73 0 76 10 55 77 80 48 58 58 15 72 65 8 65 40 30 29 97 71 90 51 10 87 61 36 76 71 90 8
55 78 19 74 82 16 69 17 87 78 55 54 82 18 4 5 19 86 19 16 28 55 15 16 62 28 32 18 12 90
80 98 96 54 95 85 97 9 91 71 32 66 44 27 59 79 54 53 69 57 47 33 10 23 37 59 41 69 47 29
22 14 59 70 65 74 49 4 41 89 20 72 74 73 46 3 98 80 79 56 49 7 95 98 10 64 74 95 45 97
34 16 79 35 85 88 11 96 42 45 79 87 43 68 98 61 43 1 44 28 81 86 69 44 54 70 44 0 28 58
95 3 80 18 55 23 50 81 54 31 46 65 28 64 30 26 12 0 78 30 46 11 96 83 10 33 27 53 77 80
90 96 35 83 34 67 22 31 85 49 87 43 44 61 52 7 39 28 47 62 56 95 48 92 96 53 30 90 26 89
23 83 35 78 32 37 5 87 48 88 56 55 78 54 28 76 63 38 13 75 57 25 41 89 93 18 90 70 56 88
75 67 43 19 24 86 77 70 63 93 0 6 63 33 67 38 3 90 23 5 81 86 21 71 58 0 23 15 23 73
91 56 8 15 47 27 3 23 87 92 40 93 46 73 45 80 70 25 85 30 40 87 59 94 39 88 96 6 79 86
74 72 11 74 73 4 95 75 7 7 98 18 29 89 49 60 73 65 73 99 0 62 72 91 47 52 36 68 1 80
98 17 61 42 65 81 25 48 92 62 54 73 71 66 81 73 72 17 59 20 38 1 84 96 26 58 32 30 61 6
83 85 19 73 34 24 77 66 32 0 95 15 49 74 93 61 12 28 77 72 46 47 99 22 87 83 57 53 88 13

59 99 73 20 21 62 2 11 63 53 14 82 29 18 32 46 46 69 86 4 71 56 70 69 81 99 19 2 5 70
47 81 59 40 15 67 13 40 32 29 7 92 12 66 98 17 36 12 1 25 87 19 62 32 67 66 70 75 5 30
90 18 22 10 96 53 10 2 15 60 30 65 11 71 62 13 90 52 30 40 81 93 14 58 42 83 0 90 87 99
39 69 30 36 25 33 2 70 94 96 84 9 16 53 57 93 33 56 56 48 61 51 5 84 58 62 43 12 29 83
77 25 21 3 25 42 19 56 32 29 64 9 78 55 42 96 98 17 6 76 95 64 58 82 13 13 71 63 96 4
51 58 55 64 62 54 24 81 52 0 64 73 77 94 50 47 96 63 63 54 74 91 58 86 38 89 73 0 67 85
30 19 97 93 12 81 84 89 26 30 58 4 1 50 53 98 55 12 4 91 55 71 38 65 39 30 4 45 72 70
21 46 72 1 35 32 10 95 22 18 76 96 59 24 68 11 71 59 45 58 26 85 48 91 13 1 85 42 44 38
23 51 67 54 50 72 69 89 88 81 19 90 69 13 60 32 15 12 72 5 69 70 60 16 91 91 24 48 89 98
33 75 61 79 1 10 87 34 39 43 55 68 31 98 48 49 55 21 13 16 58 60 78 17 38 21 6 1 6 93
93 2 31 81 47 91 81 9 6 67 20 42 95 39 23 78 4 97 22 96 59 89 90 38 17 44 28 7 89 8
5 68 88 91 86 97 62 32 26 34 30 34 24 99 65 32 72 7 77 83 25 82 72 0 94 46 33 77 35 46
8 51 80 46 14 28 28 81 12 48 13 64 78 76 98 96 97 41 67 5 55 61 14 23 95 26 52 82 70 22
1 79 5 28 98 43 57 8 76 8 27 94 82 69 68 11 27 82 93 13 6 32 75 15 26 76 94 46 12 37
70 64 0 12 98 87 39 17 54 56 35 72 60 26 36 10 17 42 28 72 32 50 0 93 22 59 82 18 58 46
78 94 75 69 46 20 74 33 94 68 88 24 95 81 87 7 34 43 40 48 59 49 64 10 69 34 30 38 92 42
1 15 18 29 24 81 87 45 96 26 63 37 93 96 31 64 8 3 1 12 51 88 9 63 14 5 45 43 81 23
48 60 59 47 61 9 54 25 6 94 1 79 59 9 50 86 5 64 46 86 20 58 63 2 6 33 80 1 70 51
5 18 31 99 93 41 95 94 2 4 26 45 99 62 4 11 89 36 67 44 48 32 35 11 85 8 14 41 33 18
98 29 80 57 7 4 84 0 70 36 4 3 0 40 72 99 34 11 87 19 48 81 85 22 52 93 27 6 32 41
17 33 93 94 36 0 28 38 41 33 99 78 91 85 23 89 76 66 93 20 71 36 70 71 48 42 38 21 95 74
94 50 52 77 32 1 46 40 31 79 94 53 52 58 95 93 20 71 42 98 36 91 17 21 38 28 56 82 20 1
97 69 72 55 28 34 0 51 36 0 40 25 96 77 62 3 48 51 58 28 72 81 32 20 47 33 44 82 50 36
85 32 35 30 72 9 10 44 96 84 78 29 65 89 24 28 24 35 76 60 34 75 44 58 57 43 34 65 65 80
91 6 85 8 14 74 37 33 38 3 26 83 93 10 1 2 80 32 92 65 8 4 86 88 8 26 0 41 98 38
65 86 69 93 28 10 33 98 47 14 22 59 10 76 50 53 30 13 86 21 82 0 68 43 85 16 87 36 62 35
7 2 93 83 94 9 87 17 93 79 15 6 48 15 80 28 68 98 19 86 91 32 70 36 81 20 39 70 79 95
52 90 78 37 85 69 0 66 92 95 92 73 93 33 76 32 74 52 14 16 22 5 65 6 94 63 68 56 91 33
53 63 93 11 79 53 62 61 44 84 38 6 26 17 67 84 37 22 47 98 0 7 79 69 3 88 53 61 50 52
21 50 55 57 16 47 21 91 32 92 8 84 78 2 90 26 60 13 36 52 60 62 92 99 13 95 22 29 6 6
47 89 45 39 0 46 65 88 69 19 87 12 96 95 27 28 77 96 30 46 54 47 87 79 1 53 37 17 64 84
73 63 76 26 13 80 81 56 95 67 32 37 8 89 36 49 61 21 79 2 72 73 41 83 14 30 87 58 48 86
93 13 36 90 53 5 13 23 61 66 71 60 70 73 58 9 79 84 16 10 87 99 15 52 26 92 37 34 58 31
29 71 97 80 37 37 92 45 70 84 78 11 70 83 92 86 90 72 1 41 92 16 89 22 27 8 6 61 61 56
72 21 49 58 89 54 79 47 6 45 41 48 43 80 77 95 52 64 40 99 99 67 45 54 72 85 9 33 55 31
5 0 33 6 62 50 2 10 27 55 7 85 22 65 40 17 92 98 56 24 30 26 95 13 96 30 21 81 0 87
19 99 96 14 97 94 11 66 95 25 5 88 4 22 44 54 28 19 24 36 58 14 71 6 34 35 26 40 22 86
74 97 17 16 76 88 65 22 21 44 50 84 99 64 6 97 75 99 38 42 92 95 58 12 56 11 85 93 75 75
55 51 41 56 43 86 94 54 87 57 5 38 73 74 58 95 19 27 17 53 76 91 28 2 6 24 67 28 39 53
47 18 2 10 46 26 64 70 11 86 64 95 62 20 91 87 87 84 49 9 9 35 18 30 73 29 2 87 70 62
13 84 5 43 42 76 72 34 19 84 1 0 43 64 77 78 58 21 57 28 98 22 27 34 17 76 81 86 91 66
18 37 44 62 72 18 54 41 37 77 22 96 45 56 19 20 21 19 48 78 96 13 68 23 80 2 99 0 14 30
69 59 50 91 96 65 35 99 12 77 94 16 60 30 39 53 38 47 49 66 61 65 97 20 61 49 16 61 61 30
48 56 80 90 89 81 54 79 39 40 92 37 33 82 93 67 88 34 93 62 5 60 19 92 9 21 75 16 18 99
76 47 69 5 16 15 46 82 27 90 91 83 67 51 80 72 55 39 8 85 24 9 16 57 68 77 47 80 7 20
3 72 90 87 72 56 18 20 18 85 47 94 60 64 8 30 96 49 53 34 25 33 22 64 98 32 77 39 83 55
52 38 28 2 20 39 66 34 75 17 87 97 72 87 75 10 85 67 79 46 67 96 78 47 24 31 50 78 40 5
52 93 6 26 81 81 61 51 69 3 23 53 22 44 79 73 25 41 66 30 63 61 53 23 16 40 19 44 58 3
72 3 49 36 60 18 90 64 77 21 9 73 50 0 76 70 73 59 62 70 18 71 16 59 37 66 98 64 40 68
95 34 12 70 31 17 5 30 18 76 7 5 29 92 89 64 89 33 80 57 96 0 7 19 45 74 20 33 95 16
71 95 20 15 25 45 14 61 32 57 61 9 65 12 78 52 24 76 88 11 49 84 2 28 97 84 90 6 77 86
90 35 45 49 74 5 96 71 78 86 27 73 55 22 36 5 19 89 85 1 84 99 53 62 12 43 48 55 29 21
56 41 74 0 41 83 90 84 36 98 61 1 78 32 70 40 81 5 25 78 52 31 76 8 90 17 21 25 22 1
74 55 78 69 52 34 89 80 83 45 78 79 64 9 68 68 12 56 31 83 81 39 53 88 48 66 78 80 85 47
78 71 76 9 37 96 37 2 66 52 54 2 78 72 46 2 81 95 23 31 94 69 81 32 65 26 69 19 63 85
20 75 72 93 19 53 2 2 56 10 98 41 91 83 17 41 32 69 0 5 81 92 50 45 31 60 13 25 95 30
11 75 4 65 62 75 24 21 14 23 44 9 59 18 69 35 99 53 2 87 3 72 0 34 51 49 48 68 71 97
67 80 12 93 75 69 1 5 48 18 89 49 50 90 71 86 46 23 51 80 1 26 69 48 30 19 24 73 59 44
59 84 14 66 80 89 32 26 42 51 83 14 14 23 30 85 6 75 69 26 23 99 35 50 75 66 57 76 70 64
5 18 49 56 48 2 53 17 36 71 36 59 60 46 52 47 56 71 84 46 68 44 89 92 67 14 98 37 2 0

873 573 1847 1471 812 1087 955 653 1943 1025 1606 805 1771 790 1459 1979 732 633 493 1712 738 336 552 953 778 869 1767 892 521 1466

2485 8894 8200 3083 6913 5180 7629 2241 2487 7205 8253 6519 6789 4929 3503 3423 8441 7265 4647 4452 8799 3574 6020 7494 9290 5673 3637 2263 3658 6815

22 27 15 22 28 26 18 21 12 27 29 19 11 29 27 18 28 20 10 21 14 29 11 13 14 20 18 24 15 11 21 23 14 13 19 26 26 28 12 15 23 29 23 28 25 26 13 19 22 22 26 29 23 23 13 24 17 26 24 24

66 141 39 23 156 181 22 106 153 98 103 62 172 129 198 56 209 59 144 29 113 88 194 55 26 134 39 162 177 152
