60
30

82 42 62 4 57 20 83 23 87 74 72 72 17 46 2 98 7 90 38 37 16 52 83 60 68 38 61 63 49 44
6 52 33 88 3 58 26 59 10 74 97 79 62 17 23 45 16 37 62 85 1 39 41 64 94 89 17 2 8 10
51 10 83 6 3 47 14 54 33 48 46 57 75 87 41 56 11 69 70 31 61 73 5 49 80 69 12 36 10 7
56 74 32 39 88 68 35 16 63 8 66 82 8 48 51 50 47 59 98 40 48 27 7 1 48 27 69 53 72 59
11 34 49 46 34 18 98 44 43 44 32 78 60 84 1 39 77 27 82 87 3 58 70 42 79 71 42 79 92 28
98 36 10 66 95 10 98 10 25 8 19 36 8 64 99 9 15 40 31 78 8 96 40 2 91 58 27 40 5 50
84 39 97 59 21 94 60 41 64 61 16 4 24 51 95 7 17 39 26 79 11 72 48 31 22 32 3 25 76 20
71 27 27 58 64 39 80 12 73 6 69 95 57 38 94 3 4 92 95 89 96 99 42 79 85 31 62 87 32 62
24 77 82 43 50 89 77 5 46 18 23 64 51 17 68 88 40 61 58 46 62 0 73 62 69 76 63 27 71 86
42 51 41 33 91 68 34 65 4 1 4 16 59 69 43 9 5 96 43 49 91 38 97 46 90 47 63 43 89 41
58 29 31 45 73 63 62 19 4 47 95 89 60 15 94 63 78 37 59 72 61 45 48 77 25 28 68 49 17 67
28 90 29 93 36 64 37 99 73 51 38 27 89 49 45 27 98 84 89 42 59 94 23 82 86 18 23 78 12 82
48 37 9 81 90 36 26 92 26 24 8 64 58 28 10 78 12 69 6 59 6 48 70 7 33 46 71 55 13 58
15 75 97 48 19 12 47 96 9 83 4 79 65 0 39 1 66 89 38 65 10 10 56 58 89 23 67 81 81 26
67 60 53 77 28 1 9 76 1 91 28 58 10 59 53 42 0 27 55 13 23 41 65 49 68 53 55 20 75 84
4 11 6 3 90 52 28 98 87 56 54 17 61 5 55 12 90 15 12 16 56 99 93 29 88 80 66 95 38 45
82 5 41 30 99 39 75 81 7 51 26 29 6 52 23 77 26 44 7 88 93 9 38 11 93 65 54 3 73 27
45 11 84 51 2 50 62 48 45 63 0 71 57 63 54 52 65 97 80 11 45 71 8 77 54 33 96 90 1 4
14 69 22 99 52 84 8 74 61 40 21 15 65 78 74 19 95 52 74 55 50 28 56 16 72 19 44 65 96 50
29 68 7 23 46 56 29 19 93 53 10 55 9 70 82 95 30 49 24 70 72 7 42 63 3 17 50 65 32 22
9 95 96 66 73 69 35 98 34 25 99 76 72 61 3 79 55 48 41 97 34 0 17 75 35 39 60 11 52 73
30 39 78 81 22 65 28 68 38 7 56 29 81 77 57 59 83 9 14 72 82 2 16 18 4 52 81 32 12 77
39 33 36 68 68 68 90 24 89 59 45 31 60 10 4 29 26 77 13 44 9 3 90 93 63 78 63 95 6 74
54 36 19 63 31 77 65 19 41 91 71 63 77 89 84 2 45 51 85 73 44 88 14 82 63 89 60 16 61 28
10 54 93 51 50 13 86 52 82 4 78 11 85 78 94 62 39 95 90 2 92 35 14 60 29 57 59 7 97 45
0 45 65 11 47 28 36 58 55 95 53 97 67 18 44 85 92 3 10 31 39 82 50 82 45 95 75 79 99 50
59 60 17 5 18 43 45 14 32 8 78 27 38 76 31 38 57 42 1 30 54 11 99 37 12 60 46 49 97 2
62 18 29 33 88 35 89 99 26 99 40 0 84 84 17 25 57 91 32 87 89 27 2 86 91 51 81 47 13 90
63 89 90 0 89 20 22 28 70 86 40 15 11 0 85 22 96 32 91 88 77 38 58 47 61 65 46 53 7 50
25 8 66 4 86 78 22 52 65 46 29 64 49 36 44 6 78 12 5 89 43 33 95 94 49 10 7 11 5 13
87 6 50 7 21 18 13 28 5 42 99 16 4 47 26 78 86 43 50 43 94 93 79 20 91 32 34 3 94 40
23 43 69 80 40 11 66 4 95 15 17 83 42 35 11 5 53 1 34 68 71 20 39 47 31 38 66 10 26 79
45 24 61 98 48 68 33 58 65 43 18 0 34 46 48 65 35 62 24 4 33 67 97 67 40 57 90 67 22 63
71 60 60 90 96 75 67 97 55 6 2 17 28 32 31 85 6 35 37 98 46 30 74 55 70 24 19 34 5 80
56 10 51 35 10 20 12 13 19 21 15 28 87 17 31 56 80 29 42 44 50 46 34 66 0 77 20 49 22 95
91 39 66 46 86 58 42 48 6 93 45 25 11 16 53 35 96 7 53 91 17 54 83 94 15 37 1 8 59 17
18 60 21 3 47 47 31 54 74 67 86 39 33 25 23 77 56 70 52 12 19 61 30 97 15 85 27 14 14 52
90 19 0 55 29 20 95 69 74 10 98 21 70 16 21 64 21 38 74 23 89 91 48 9 14 73 1 18 19 8
27 45 97 65 84 10 10 30 0 47 44 86 81 10 88 31 95 16 59 41 12 4 57 57 7 87 38 46 68 43
51 72 74 49 54 81 10 60 22 68 55 97 1 5 61 90 80 35 90 86 77 46 95 23 69 13 59 23 8 49
17 69 93 4 39 59 18 10 40 43 80 58 49 12 46 59 51 68 96 20 87 7 1 30 73 98 97 56 69 28
64 84 23 57 28 41 55 97 33 13 62 5 64 17 69 69 11 7 37 10 0 20 19 42 43 87 19 50 75 75
99 90 84 16 33 24 48 64 1 17 29 68 85 95 13 56 3 20 68 73 80 35 65 11 64 83 0 29 30 5
98 50 10 79 82 81 69 40 56 95 6 1 22 70 43 64 26 76 34 0 22 53 11 15 74 13 52 53 57 85
27 95 20 55 60 44 5 80 25 32 67 99 49 61 14 32 93 73 65 72 46 22 15 5 37 80 22 86 59 5
84 0 52 54 59 54 8 12 41 83 70 80 8 82 54 41 92 82 14 84 52 30 20 79 25 57 39 11 16 34
9 20 36 37 73 24 92 5 8 92 8 24 45 20 13 95 95 10 31 67 10 64 69 28 37 44 67 4 69 46
73 0 76 10 55 77 80 48 58 58 15 72 65 8 65 40 30 29 97 71 90 51 10 87 61 36 76 71 90 8
55 78 19 74 82 16 69 17 87 78 55 54 82 18 4 5 19 86 19 16 28 55 15 16 62 28 32 18 12 90
80 98 96 54 95 85 97 9 91 71 32 66 44 27 59 79 54 53 69 57 47 33 10 23 37 59 41 69 47 29
22 14 59 70 65 74 49 4 41 89 20 72 74 73 46 3 98 80 79 56 49 7 95 98 10 64 74 95 45 97
34 16 79 35 85 88 11 96 42 45 79 87 43 68 98 61 43 1 44 28 81 86 69 44 54 70 44 0 28 58
95 3 80 18 55 23 50 81 54 31 46 65 28 64 30 26 12 0 78 30 46 11 96 83 10 33 27 53 77 80
90 96 35 83 34 67 22 31 85 49 87 43 44 61 52 7 39 28 47 62 56 95 48 92 96 53 30 90 26 89
23 83 35 78 32 37 5 87 48 88 56 55 78 54 28 76 63 38 13 75 57 25 41 89 93 18 90 70 56 88
75 67 43 19 24 86 77 70 63 93 0 6 63 33 67 38 3 90 23 5 81 86 21 71 58 0 23 15 23 73
91 56 8 15 47 27 3 23 87 92 40 93 46 73 45 80 70 25 85 30 40 87 59 94 39 88 96 6 79 86
74 72 11 74 73 4 95 75 7 7 98 18 29 89 49 60 73 65 73 99 0 62 72 91 47 52 36 68 1 80
98 17 61 42 65 81 25 48 92 62 54 73 71 66 81 73 72 17 59 20 38 1 84 96 26 58 32 30 61 6
83 85 19 73 34 24 77 66 32 0 95 15 49 74 93 61 12 28 77 72 46 47 99 22 87 83 57 53 88 13

86 55 50 76 0 98 41 85 70 83 1 15 52 12 17 44 26 50 91 72 13 31 0 86 72 88 66 13 99 89
26 98 60 7 43 52 18 47 86 64 40 22 67 65 3 47 27 94 15 90 2 88 40 93 99 25 87 73 82 68
91 41 42 89 9 15 90 93 8 14 17 47 12 42 90 90 41 31 87 96 46 73 99 88 45 64 32 44 98 61
6 48 73 1 19 50 11 43 33 71 68 36 1 39 2 13 35 65 46 77 78 79 61 15 53 87 75 71 84 32
54 50 6 49 48 46 32 70 19 8 23 97 45 80 91 64 48 11 25 56 95 77 19 39 72 86 49 44 27 68
26 94 33 42 12 59 18 34 92 1 58 81 26 26 35 42 26 61 13 14 47 21 64 2 63 37 66 8 80 60
44 41 13 55 33 43 15 59 84 1 46 65 25 89 15 56 81 47 29 86 82 6 47 13 29 5 0 5 3 63
52 78 20 7 88 54 77 64 66 19 44 64 76 51 94 13 76 24 75 51 12 14 64 77 30 74 61 18 56 38
18 82 80 83 96 11 80 49 10 23 77 5 95 19 1 14 10 90 6 12 59 38 70 35 93 19 66 40 34 51
93 2 18 55 92 2 62 26 3 14 2 38 23 74 34 43 76 76 92 10 13 44 21 24 86 59 24 30 84 39
15 95 7 27 82 24 26 4 57 58 57 42 45 37 38 73 54 91 91 29 31 18 14 86 98 52 28 9 37 14
73 90 75 21 32 12 66 87 30 2 67 42 29 42 56 48 17 44 48 98 73 28 95 15 40 44 77 97 51 31
34 78 84 5 79 78 38 23 97 96 65 49 27 40 91 40 75 8 17 21 7 80 83 99 21 55 30 69 92 62
94 82 43 33 30 89 94 98 31 92 76 59 1 40 20 46 0 80 64 54 54 27 20 31 21 33 24 47 36 53
25 81 84 40 12 97 82 38 81 90 51 20 77 38 20 16 79 84 1 21 9 32 8 82 76 25 20 88 88 56
19 30 9 18 32 0 15 92 75 41 5 42 75 75 48 48 15 54 85 7 24 43 22 91 17 94 60 18 51 91
74 1 54 77 22 64 37 73 49 43 3 79 24 24 17 90 10 61 89 80 66 98 84 40 35 83 81 66 58 42
20 35 14 54 24 12 92 42 82 88 34 82 21 24 99 85 27 68 58 2 57 56 99 68 85 24 5 67 61 91
52 12 69 79 16 45 24 97 97 5 37 90 13 43 47 42 86 52 88 77 60 53 44 90 10 59 12 25 13 7
80 56 24 20 76 52 58 55 60 34 62 34 58 42 53 68 57 90 41 35 22 53 59 48 86 32 74 44 40 90
62 69 19 40 55 39 55 48 94 23 49 68 59 41 87 25 45 1 91 17 20 20 86 0 68 78 32 72 13 24
30 81 78 25 24 12 22 23 56 29 51 40 19 88 10 67 51 36 2 92 46 66 73 75 73 87 76 86 39 45
97 30 25 81 14 54 99 37 3 2 64 24 29 55 8 23 86 83 64 90 63 95 84 70 54 47 12 54 45 72
76 25 48 23 58 88 43 37 9 68 73 89 2 29 2 67 67 44 6 90 25 18 87 69 26 56 10 63 66 4
11 90 24 31 32 92 47 16 61 59 81 53 6 77 27 8 16 34 55 65 37 18 19 70 58 78 54 41 90 30
38 10 82 49 74 22 67 59 94 98 91 13 3 31 74 35 33 90 93 66 45 43 94 27 19 11 86 90 10 36
42 33 63 10 41 12 28 2 16 74 89 85 76 93 23 35 48 15 49 75 25 30 19 77 42 7 82 25 99 79
99 44 8 39 15 11 43 97 99 15 93 14 7 42 85 0 51 87 96 48 41 27 82 45 71 6 92 77 50 13
54 22 86 60 34 92 1 87 17 77 10 47 60 91 10 55 8 40 57 4 88 44 10 78 2 86 4 13 6 86
53 92 27 2 97 70 60 19 66 79 66 78 97 26 27 43 45 24 60 22 72 93 87 94 94 28 1 84 34 24
94 13 5 96 20 5 18 55 28 25 90 94 65 84 5 25 52 38 44 68 79 61 89 56 60 66 66 42 67 22
88 5 12 66 9 79 58 24 98 85 75 92 90 7 65 30 91 57 43 75 28 22 27 75 61 85 69 11 35 56
59 40 2 66 68 84 51 9 90 55 44 24 38 87 18 61 87 9 24 76 56 81 0 40 88 89 2 64 74 58
47 69 14 32 25 58 16 34 4 73 86 0 26 28 54 53 62 66 29 66 80 80 93 15 51 92 71 31 87 70
37 15 82 50 39 46 15 75 58 14 27 75 43 63 76 44 56 14 46 97 60 3 50 10 7 63 60 64 8 34
52 73 14 71 58 33 15 85 44 53 48 51 64 35 78 57 85 14 77 73 31 0 23 74 35 46 99 43 87 62
55 37 95 33 64 94 28 23 97 6 91 70 83 1 47 91 33 95 4 69 47 13 11 84 35 90 46 14 19 1
83 6 88 82 73 4 40 32 81 88 14 24 48 46 14 52 92 99 74 99 47 33 95 96 20 29 85 16 4 80
63 14 81 36 12 16 4 32 96 13 41 64 67 4 19 44 37 19 2 30 90 92 90 25 51 66 25 79 37 72
44 52 79 88 2 8 52 92 69 55 85 43 69 57 31 69 18 68 97 50 65 76 93 5 66 52 38 45 30 48
29 31 10 80 59 59 53 94 55 65 8 2 56 10 63 37 56 95 68 65 87 18 56 42 19 70 72 15 83 33
74 15 70 22 56 59 49 92 27 86 96 98 24 96 59 81 55 43 62 14 5 24 51 30 35 52 26 27 65 9
9 13 33 27 44 30 50 22 38 82 1 90 70 56 78 51 40 2 13 81 47 11 77 76 79 20 48 47 99 20
64 18 36 46 19 98 9 93 67 47 66 54 40 32 95 10 94 74 46 98 42 22 77 27 40 95 9 53 29 86
42 95 47 20 84 73 80 11 95 3 96 54 23 63 95 53 16 36 56 63 20 76 83 8 97 58 63 96 29 24
94 45 84 7 54 85 73 14 98 12 6 8 37 4 44 93 1 13 97 13 11 10 5 20 12 45 22 54 26 37
76 57 49 15 80 12 86 75 18 69 94 19 19 11 97 2 15 57 80 87 30 27 64 97 43 97 41 7 40 19
18 18 33 5 84 8 6 72 4 44 35 19 22 13 87 68 0 92 70 0 42 70 26 67 82 1 72 50 19 37
16 13 42 81 33 52 74 49 60 55 33 39 38 23 74 46 32 92 75 64 90 95 79 72 22 27 95 87 30 5
30 43 84 49 8 10 58 10 81 84 67 32 54 98 39 20 77 34 53 49 67 48 5 44 72 21 79 6 90 17
54 65 95 0 54 97 41 32 37 24 54 74 72 80 14 53 48 29 95 63 22 60 27 16 95 80 87 61 80 7
18 43 78 14 68 53 10 81 74 16 49 64 27 97 47 78 17 25 74 49 26 82 82 1 22 83 88 66 75 56
30 39 90 7 36 15 43 11 7 77 53 71 19 34 18 49 85 13 29 31 25 59 5 13 52 2 27 6 58 94
74 84 62 15 78 46 59 13 48 51 76 20 32 53 23 66 35 43 2 75 79 77 6 15 4 40 24 48 27 85
30 85 9 43 28 52 16 90 78 29 46 19 20 96 81 55 85 20 68 10 40 58 55 63 23 57 30 17 63 80
20 60 77 91 88 46 6 73 96 58 20 66 38 26 16 48 75 15 75 88 95 97 61 64 6 82 76 1 24 64
7 92 15 16 20 92 7 23 96 4 73 63 14 7 58 51 14 73 4 13 16 91 80 68 53 95 42 16 69 45
67 70 67 34 31 77 28 1 49 24 22 78 64 11 83 14 80 41 37 22 67 70 74 80 72 6 28 61 35 42
99 66 72 88 30 8 98 12 19 56 79 14 31 30 44 98 52 27 10 8 83 2 75 51 68 35 7 8 18 75
16 28 66 19 91 41 55 74 57 31 60 28 52 74 95 3 52 14 44 70 92 35 22 73 51 62 62 66 7 92

873 573 1847 1471 812 1087 955 653 1943 1025 1606 805 1771 790 1459 1979 732 633 493 1712 738 336 552 953 778 869 1767 892 521 1466

23124 12194 3202 18698 2329 8221 4785 18137 26796 17253 4135 26622 4849 25083 5550 27228 3082 19202 19263 23387 11663 16876 7697 5489 15034 23631 26610 14393 10587 17712

22 27 15 22 28 26 18 21 12 27 29 19 11 29 27 18 28 20 10 21 14 29 11 13 14 20 18 24 15 11 21 23 14 13 19 26 26 28 12 15 23 29 23 28 25 26 13 19 22 22 26 29 23 23 13 24 17 26 24 24

66 141 39 23 156 181 22 106 153 98 103 62 172 129 198 56 209 59 144 29 113 88 194 55 26 134 39 162 177 152
