60
30

82 42 62 4 57 20 83 23 87 74 72 72 17 46 2 98 7 90 38 37 16 52 83 60 68 38 61 63 49 44
6 52 33 88 3 58 26 59 10 74 97 79 62 17 23 45 16 37 62 85 1 39 41 64 94 89 17 2 8 10
51 10 83 6 3 47 14 54 33 48 46 57 75 87 41 56 11 69 70 31 61 73 5 49 80 69 12 36 10 7
56 74 32 39 88 68 35 16 63 8 66 82 8 48 51 50 47 59 98 40 48 27 7 1 48 27 69 53 72 59
11 34 49 46 34 18 98 44 43 44 32 78 60 84 1 39 77 27 82 87 3 58 70 42 79 71 42 79 92 28
98 36 10 66 95 10 98 10 25 8 19 36 8 64 99 9 15 40 31 78 8 96 40 2 91 58 27 40 5 50
84 39 97 59 21 94 60 41 64 61 16 4 24 51 95 7 17 39 26 79 11 72 48 31 22 32 3 25 76 20
71 27 27 58 64 39 80 12 73 6 69 95 57 38 94 3 4 92 95 89 96 99 42 79 85 31 62 87 32 62
24 77 82 43 50 89 77 5 46 18 23 64 51 17 68 88 40 61 58 46 62 0 73 62 69 76 63 27 71 86
42 51 41 33 91 68 34 65 4 1 4 16 59 69 43 9 5 96 43 49 91 38 97 46 90 47 63 43 89 41
58 29 31 45 73 63 62 19 4 47 95 89 60 15 94 63 78 37 59 72 61 45 48 77 25 28 68 49 17 67
28 90 29 93 36 64 37 99 73 51 38 27 89 49 45 27 98 84 89 42 59 94 23 82 86 18 23 78 12 82
48 37 9 81 90 36 26 92 26 24 8 64 58 28 10 78 12 69 6 59 6 48 70 7 33 46 71 55 13 58
15 75 97 48 19 12 47 96 9 83 4 79 65 0 39 1 66 89 38 65 10 10 56 58 89 23 67 81 81 26
67 60 53 77 28 1 9 76 1 91 28 58 10 59 53 42 0 27 55 13 23 41 65 49 68 53 55 20 75 84
4 11 6 3 90 52 28 98 87 56 54 17 61 5 55 12 90 15 12 16 56 99 93 29 88 80 66 95 38 45
82 5 41 30 99 39 75 81 7 51 26 29 6 52 23 77 26 44 7 88 93 9 38 11 93 65 54 3 73 27
45 11 84 51 2 50 62 48 45 63 0 71 57 63 54 52 65 97 80 11 45 71 8 77 54 33 96 90 1 4
14 69 22 99 52 84 8 74 61 40 21 15 65 78 74 19 95 52 74 55 50 28 56 16 72 19 44 65 96 50
29 68 7 23 46 56 29 19 93 53 10 55 9 70 82 95 30 49 24 70 72 7 42 63 3 17 50 65 32 22
9 95 96 66 73 69 35 98 34 25 99 76 72 61 3 79 55 48 41 97 34 0 17 75 35 39 60 11 52 73
30 39 78 81 22 65 28 68 38 7 56 29 81 77 57 59 83 9 14 72 82 2 16 18 4 52 81 32 12 77
39 33 36 68 68 68 90 24 89 59 45 31 60 10 4 29 26 77 13 44 9 3 90 93 63 78 63 95 6 74
54 36 19 63 31 77 65 19 41 91 71 63 77 89 84 2 45 51 85 73 44 88 14 82 63 89 60 16 61 28
10 54 93 51 50 13 86 52 82 4 78 11 85 78 94 62 39 95 90 2 92 35 14 60 29 57 59 7 97 45
0 45 65 11 47 28 36 58 55 95 53 97 67 18 44 85 92 3 10 31 39 82 50 82 45 95 75 79 99 50
59 60 17 5 18 43 45 14 32 8 78 27 38 76 31 38 57 42 1 30 54 11 99 37 12 60 46 49 97 2
62 18 29 33 88 35 89 99 26 99 40 0 84 84 17 25 57 91 32 87 89 27 2 86 91 51 81 47 13 90
63 89 90 0 89 20 22 28 70 86 40 15 11 0 85 22 96 32 91 88 77 38 58 47 61 65 46 53 7 50
25 8 66 4 86 78 22 52 65 46 29 64 49 36 44 6 78 12 5 89 43 33 95 94 49 10 7 11 5 13
87 6 50 7 21 18 13 28 5 42 99 16 4 47 26 78 86 43 50 43 94 93 79 20 91 32 34 3 94 40
23 43 69 80 40 11 66 4 95 15 17 83 42 35 11 5 53 1 34 68 71 20 39 47 31 38 66 10 26 79
45 24 61 98 48 68 33 58 65 43 18 0 34 46 48 65 35 62 24 4 33 67 97 67 40 57 90 67 22 63
71 60 60 90 96 75 67 97 55 6 2 17 28 32 31 85 6 35 37 98 46 30 74 55 70 24 19 34 5 80
56 10 51 35 10 20 12 13 19 21 15 28 87 17 31 56 80 29 42 44 50 46 34 66 0 77 20 49 22 95
91 39 66 46 86 58 42 48 6 93 45 25 11 16 53 35 96 7 53 91 17 54 83 94 15 37 1 8 59 17
18 60 21 3 47 47 31 54 74 67 86 39 33 25 23 77 56 70 52 12 19 61 30 97 15 85 27 14 14 52
90 19 0 55 29 20 95 69 74 10 98 21 70 16 21 64 21 38 74 23 89 91 48 9 14 73 1 18 19 8
27 45 97 65 84 10 10 30 0 47 44 86 81 10 88 31 95 16 59 41 12 4 57 57 7 87 38 46 68 43
51 72 74 49 54 81 10 60 22 68 55 97 1 5 61 90 80 35 90 86 77 46 95 23 69 13 59 23 8 49
17 69 93 4 39 59 18 10 40 43 80 58 49 12 46 59 51 68 96 20 87 7 1 30 73 98 97 56 69 28
64 84 23 57 28 41 55 97 33 13 62 5 64 17 69 69 11 7 37 10 0 20 19 42 43 87 19 50 75 75
99 90 84 16 33 24 48 64 1 17 29 68 85 95 13 56 3 20 68 73 80 35 65 11 64 83 0 29 30 5
98 50 10 79 82 81 69 40 56 95 6 1 22 70 43 64 26 76 34 0 22 53 11 15 74 13 52 53 57 85
27 95 20 55 60 44 5 80 25 32 67 99 49 61 14 32 93 73 65 72 46 22 15 5 37 80 22 86 59 5
84 0 52 54 59 54 8 12 41 83 70 80 8 82 54 41 92 82 14 84 52 30 20 79 25 57 39 11 16 34
9 20 36 37 73 24 92 5 8 92 8 24 45 20 13 95 95 10 31 67 10 64 69 28 37 44 67 4 69 46
73 0 76 10 55 77 80 48 58 58 15 72 65 8 65 40 30 29 97 71 90 51 10 87 61 36 76 71 90 8
55 78 19 74 82 16 69 17 87 78 55 54 82 18 4 5 19 86 19 16 28 55 15 16 62 28 32 18 12 90
80 98 96 54 95 85 97 9 91 71 32 66 44 27 59 79 54 53 69 57 47 33 10 23 37 59 41 69 47 29
22 14 59 70 65 74 49 4 41 89 20 72 74 73 46 3 98 80 79 56 49 7 95 98 10 64 74 95 45 97
34 16 79 35 85 88 11 96 42 45 79 87 43 68 98 61 43 1 44 28 81 86 69 44 54 70 44 0 28 58
95 3 80 18 55 23 50 81 54 31 46 65 28 64 30 26 12 0 78 30 46 11 96 83 10 33 27 53 77 80
90 96 35 83 34 67 22 31 85 49 87 43 44 61 52 7 39 28 47 62 56 95 48 92 96 53 30 90 26 89
23 83 35 78 32 37 5 87 48 88 56 55 78 54 28 76 63 38 13 75 57 25 41 89 93 18 90 70 56 88
75 67 43 19 24 86 77 70 63 93 0 6 63 33 67 38 3 90 23 5 81 86 21 71 58 0 23 15 23 73
91 56 8 15 47 27 3 23 87 92 40 93 46 73 45 80 70 25 85 30 40 87 59 94 39 88 96 6 79 86
74 72 11 74 73 4 95 75 7 7 98 18 29 89 49 60 73 65 73 99 0 62 72 91 47 52 36 68 1 80
98 17 61 42 65 81 25 48 92 62 54 73 71 66 81 73 72 17 59 20 38 1 84 96 26 58 32 30 61 6
83 85 19 73 34 24 77 66 32 0 95 15 49 74 93 61 12 28 77 72 46 47 99 22 87 83 57 53 88 13

46 45 71 97 12 37 37 73 38 24 85 14 56 11 10 6 89 62 57 25 95 34 22 85 20 14 60 99 39 41
94 37 19 19 26 63 42 42 0 66 77 99 56 40 77 26 94 64 56 21 21 92 54 37 43 48 7 30 60 95
83 14 37 15 34 53 72 24 89 4 4 11 93 69 98 63 52 42 20 27 44 47 98 26 13 1 4 6 44 58
26 5 5 8 12 69 80 48 93 33 41 33 28 69 47 88 26 63 36 40 39 53 76 86 23 71 80 18 18 47
99 71 97 75 52 65 83 60 58 45 20 73 75 56 69 8 62 4 53 99 20 73 75 54 82 28 77 0 50 99
21 66 99 39 12 29 9 93 87 2 81 29 37 58 54 18 52 98 22 54 93 12 32 56 26 94 6 1 91 17
2 73 73 62 33 20 7 71 95 68 31 63 72 25 72 31 24 80 23 17 71 69 55 20 35 74 63 97 1 79
44 54 3 84 58 39 52 66 16 85 68 33 0 67 65 4 3 64 21 21 52 44 15 73 48 22 28 80 31 38
31 76 63 74 3 94 83 4 66 22 73 35 18 99 50 92 5 75 57 59 63 37 33 66 21 81 80 96 46 91
48 46 73 50 24 68 42 84 77 70 48 23 10 63 74 43 10 71 48 92 9 48 56 40 82 72 15 99 56 0
60 94 6 8 12 0 51 58 41 48 95 56 31 99 55 93 1 9 85 91 60 50 82 92 93 61 41 58 87 28
81 71 77 43 69 63 46 66 17 96 13 3 14 83 8 69 39 26 97 10 50 95 20 86 49 84 51 46 73 24
86 59 58 28 40 57 77 6 82 33 42 62 51 77 34 79 33 48 87 47 99 25 56 80 17 81 29 43 92 62
65 73 21 76 87 68 27 24 41 86 42 26 97 68 37 20 79 74 24 38 26 15 79 0 27 97 49 55 91 21
68 90 28 15 64 55 69 66 54 0 46 7 53 13 99 53 39 97 96 6 56 39 79 74 43 47 59 52 29 74
53 98 13 27 96 63 48 65 2 81 71 6 52 28 59 5 15 89 10 90 58 16 67 39 68 43 37 49 24 7
76 42 80 83 49 92 27 36 64 66 81 47 64 31 89 61 9 53 60 75 90 0 57 49 56 19 13 25 39 52
65 77 24 9 86 17 82 16 2 57 68 10 1 81 57 31 65 76 69 52 96 40 4 43 11 56 81 55 36 1
65 72 99 32 17 64 33 68 7 51 25 53 74 44 57 78 7 31 58 94 11 38 36 43 63 53 63 91 64 11
51 29 66 90 17 98 8 42 33 37 3 64 24 58 57 2 40 13 9 21 21 93 20 91 39 75 64 81 76 15
86 45 77 51 30 57 84 54 63 16 45 51 33 41 51 8 56 16 40 42 93 59 79 5 93 32 15 52 90 96
39 92 89 9 26 86 80 88 37 35 58 4 77 69 51 82 80 45 67 6 45 99 27 70 33 17 35 23 19 24
11 85 62 91 76 44 13 34 75 68 87 29 80 65 84 80 92 8 10 16 49 85 44 99 11 47 54 71 65 70
59 68 81 48 82 87 11 85 48 74 11 47 19 81 28 1 72 0 79 55 62 71 22 61 21 34 84 48 90 61
11 21 87 92 41 8 56 57 20 60 41 64 19 43 91 89 10 55 94 78 22 77 82 67 66 30 60 80 21 1
59 40 13 65 6 34 19 0 66 85 88 87 0 44 65 42 34 6 47 14 51 91 15 44 38 65 23 83 44 88
31 0 55 13 21 35 67 60 26 79 18 59 63 77 32 31 53 96 53 41 70 4 93 45 39 45 21 29 95 2
53 94 60 5 45 40 97 5 68 67 62 18 40 71 52 34 42 23 22 25 27 54 20 98 19 77 61 84 48 30
46 62 68 8 91 46 69 35 12 90 58 81 10 4 85 19 24 54 33 98 46 16 7 65 50 6 76 54 33 84
56 41 0 29 65 23 40 16 40 69 51 50 33 60 43 44 27 5 9 24 8 13 37 22 19 44 24 83 58 71
94 85 10 44 42 63 21 13 62 79 44 66 7 86 37 87 16 61 66 35 98 25 67 5 41 66 60 18 16 28
10 54 68 44 93 20 19 14 10 28 47 65 44 4 86 39 63 80 72 95 24 21 42 28 8 91 41 35 3 69
13 77 23 58 66 34 16 60 37 26 6 99 20 71 71 17 3 96 52 82 39 4 48 79 53 98 29 67 56 84
94 32 11 13 39 68 84 46 11 57 64 34 79 39 43 61 33 94 87 83 95 70 32 63 6 30 7 92 26 9
40 38 52 99 17 59 47 99 4 89 34 8 30 66 1 37 13 67 12 78 74 70 29 46 51 63 92 98 36 58
92 72 83 85 68 14 50 81 83 96 95 89 64 17 24 43 38 65 65 86 61 65 13 69 42 47 81 14 21 15
36 38 21 93 13 83 9 78 40 86 34 32 12 88 5 91 98 75 59 73 66 85 7 9 65 33 68 35 96 41
33 15 64 64 3 86 91 57 14 45 25 24 34 11 93 46 83 42 63 67 27 90 23 96 52 17 1 58 91 4
53 89 91 37 37 62 27 46 16 97 96 25 59 87 66 66 65 40 47 87 92 15 8 27 78 20 70 51 1 84
44 77 97 18 83 25 33 49 82 47 22 63 40 81 2 11 62 61 40 65 71 47 18 9 62 72 6 25 8 26
59 89 5 8 56 7 16 30 92 35 54 43 79 80 7 34 29 70 0 89 17 31 51 49 36 29 51 95 22 44
89 14 78 98 5 78 48 49 26 3 12 22 27 70 93 42 28 55 23 84 9 71 78 68 8 24 2 47 33 43
74 79 7 41 73 74 21 1 74 57 69 3 56 4 86 39 8 8 12 73 79 14 66 61 94 21 85 6 32 30
66 46 48 99 29 87 70 24 79 19 22 62 25 94 45 68 10 44 99 7 37 72 3 63 96 40 20 53 49 37
4 34 6 12 64 41 98 88 4 98 52 2 66 8 98 42 62 91 82 58 82 33 57 88 12 75 71 19 99 45
91 62 56 10 6 28 79 7 29 34 23 87 63 53 64 61 15 21 52 44 78 33 7 48 98 14 34 40 14 40
57 94 24 29 87 98 20 62 87 68 10 68 85 24 84 3 64 1 26 6 18 91 76 3 59 80 62 97 7 85
96 74 9 15 85 94 58 32 0 61 16 62 2 90 60 86 33 12 96 26 6 80 27 86 52 78 59 27 21 38
82 83 34 21 53 39 36 15 90 40 93 51 31 93 42 55 28 90 80 71 77 51 52 30 5 76 78 50 67 51
22 94 18 48 96 12 76 15 61 56 64 38 49 39 33 34 38 70 80 96 40 99 12 10 85 46 39 1 29 91
74 83 86 76 89 37 98 7 48 10 66 86 24 38 14 12 57 23 72 0 17 7 78 48 89 52 50 23 79 93
73 52 12 22 8 49 75 47 4 95 27 7 84 77 74 43 33 34 77 67 1 62 53 67 8 96 84 44 13 63
34 74 80 64 45 31 53 33 70 18 25 95 57 6 68 8 79 46 49 53 1 40 52 28 12 62 90 52 59 70
66 71 74 62 18 36 74 43 64 4 80 35 24 58 66 25 98 60 65 36 4 92 74 82 29 27 29 22 36 56
59 31 24 55 30 64 53 59 38 58 54 91 18 22 10 61 69 98 73 22 18 91 38 57 76 1 7 40 49 17
4 76 19 47 26 32 95 80 50 3 10 41 11 80 12 45 40 13 68 79 18 84 86 83 90 32 23 73 36 4
29 61 0 11 57 51 31 19 22 4 70 17 98 27 96 8 98 14 20 52 50 36 83 43 78 75 97 83 67 39
39 10 37 10 81 87 78 98 26 41 25 19 76 30 49 17 44 70 26 81 5 47 87 56 38 1 64 23 95 51
97 10 12 5 51 60 50 64 74 58 19 27 79 3 27 51 42 79 62 14 53 40 99 93 38 43 80 63 74 76
17 63 36 62 24 89 62 51 59 28 21 17 41 9 20 25 81 69 96 47 33 43 49 26 53 19 49 16 25 40

873 573 1847 1471 812 1087 955 653 1943 1025 1606 805 1771 790 1459 1979 732 633 493 1712 738 336 552 953 778 869 1767 892 521 1466

3995 697 5177 5351 3701 4164 4267 4675 3920 4809 4032 4544 5013 3104 2355 3903 1699 1249 1298 1309 3127 2119 4320 1838 4784 3201 3484 1304 5283 2196

22 27 15 22 28 26 18 21 12 27 29 19 11 29 27 18 28 20 10 21 14 29 11 13 14 20 18 24 15 11 21 23 14 13 19 26 26 28 12 15 23 29 23 28 25 26 13 19 22 22 26 29 23 23 13 24 17 26 24 24

66 141 39 23 156 181 22 106 153 98 103 62 172 129 198 56 209 59 144 29 113 88 194 55 26 134 39 162 177 152
