60
30

82 42 62 4 57 20 83 23 87 74 72 72 17 46 2 98 7 90 38 37 16 52 83 60 68 38 61 63 49 44
6 52 33 88 3 58 26 59 10 74 97 79 62 17 23 45 16 37 62 85 1 39 41 64 94 89 17 2 8 10
51 10 83 6 3 47 14 54 33 48 46 57 75 87 41 56 11 69 70 31 61 73 5 49 80 69 12 36 10 7
56 74 32 39 88 68 35 16 63 8 66 82 8 48 51 50 47 59 98 40 48 27 7 1 48 27 69 53 72 59
11 34 49 46 34 18 98 44 43 44 32 78 60 84 1 39 77 27 82 87 3 58 70 42 79 71 42 79 92 28
98 36 10 66 95 10 98 10 25 8 19 36 8 64 99 9 15 40 31 78 8 96 40 2 91 58 27 40 5 50
84 39 97 59 21 94 60 41 64 61 16 4 24 51 95 7 17 39 26 79 11 72 48 31 22 32 3 25 76 20
71 27 27 58 64 39 80 12 73 6 69 95 57 38 94 3 4 92 95 89 96 99 42 79 85 31 62 87 32 62
24 77 82 43 50 89 77 5 46 18 23 64 51 17 68 88 40 61 58 46 62 0 73 62 69 76 63 27 71 86
42 51 41 33 91 68 34 65 4 1 4 16 59 69 43 9 5 96 43 49 91 38 97 46 90 47 63 43 89 41
58 29 31 45 73 63 62 19 4 47 95 89 60 15 94 63 78 37 59 72 61 45 48 77 25 28 68 49 17 67
28 90 29 93 36 64 37 99 73 51 38 27 89 49 45 27 98 84 89 42 59 94 23 82 86 18 23 78 12 82
48 37 9 81 90 36 26 92 26 24 8 64 58 28 10 78 12 69 6 59 6 48 70 7 33 46 71 55 13 58
15 75 97 48 19 12 47 96 9 83 4 79 65 0 39 1 66 89 38 65 10 10 56 58 89 23 67 81 81 26
67 60 53 77 28 1 9 76 1 91 28 58 10 59 53 42 0 27 55 13 23 41 65 49 68 53 55 20 75 84
4 11 6 3 90 52 28 98 87 56 54 17 61 5 55 12 90 15 12 16 56 99 93 29 88 80 66 95 38 45
82 5 41 30 99 39 75 81 7 51 26 29 6 52 23 77 26 44 7 88 93 9 38 11 93 65 54 3 73 27
45 11 84 51 2 50 62 48 45 63 0 71 57 63 54 52 65 97 80 11 45 71 8 77 54 33 96 90 1 4
14 69 22 99 52 84 8 74 61 40 21 15 65 78 74 19 95 52 74 55 50 28 56 16 72 19 44 65 96 50
29 68 7 23 46 56 29 19 93 53 10 55 9 70 82 95 30 49 24 70 72 7 42 63 3 17 50 65 32 22
9 95 96 66 73 69 35 98 34 25 99 76 72 61 3 79 55 48 41 97 34 0 17 75 35 39 60 11 52 73
30 39 78 81 22 65 28 68 38 7 56 29 81 77 57 59 83 9 14 72 82 2 16 18 4 52 81 32 12 77
39 33 36 68 68 68 90 24 89 59 45 31 60 10 4 29 26 77 13 44 9 3 90 93 63 78 63 95 6 74
54 36 19 63 31 77 65 19 41 91 71 63 77 89 84 2 45 51 85 73 44 88 14 82 63 89 60 16 61 28
10 54 93 51 50 13 86 52 82 4 78 11 85 78 94 62 39 95 90 2 92 35 14 60 29 57 59 7 97 45
0 45 65 11 47 28 36 58 55 95 53 97 67 18 44 85 92 3 10 31 39 82 50 82 45 95 75 79 99 50
59 60 17 5 18 43 45 14 32 8 78 27 38 76 31 38 57 42 1 30 54 11 99 37 12 60 46 49 97 2
62 18 29 33 88 35 89 99 26 99 40 0 84 84 17 25 57 91 32 87 89 27 2 86 91 51 81 47 13 90
63 89 90 0 89 20 22 28 70 86 40 15 11 0 85 22 96 32 91 88 77 38 58 47 61 65 46 53 7 50
25 8 66 4 86 78 22 52 65 46 29 64 49 36 44 6 78 12 5 89 43 33 95 94 49 10 7 11 5 13
87 6 50 7 21 18 13 28 5 42 99 16 4 47 26 78 86 43 50 43 94 93 79 20 91 32 34 3 94 40
23 43 69 80 40 11 66 4 95 15 17 83 42 35 11 5 53 1 34 68 71 20 39 47 31 38 66 10 26 79
45 24 61 98 48 68 33 58 65 43 18 0 34 46 48 65 35 62 24 4 33 67 97 67 40 57 90 67 22 63
71 60 60 90 96 75 67 97 55 6 2 17 28 32 31 85 6 35 37 98 46 30 74 55 70 24 19 34 5 80
56 10 51 35 10 20 12 13 19 21 15 28 87 17 31 56 80 29 42 44 50 46 34 66 0 77 20 49 22 95
91 39 66 46 86 58 42 48 6 93 45 25 11 16 53 35 96 7 53 91 17 54 83 94 15 37 1 8 59 17
18 60 21 3 47 47 31 54 74 67 86 39 33 25 23 77 56 70 52 12 19 61 30 97 15 85 27 14 14 52
90 19 0 55 29 20 95 69 74 10 98 21 70 16 21 64 21 38 74 23 89 91 48 9 14 73 1 18 19 8
27 45 97 65 84 10 10 30 0 47 44 86 81 10 88 31 95 16 59 41 12 4 57 57 7 87 38 46 68 43
51 72 74 49 54 81 10 60 22 68 55 97 1 5 61 90 80 35 90 86 77 46 95 23 69 13 59 23 8 49
17 69 93 4 39 59 18 10 40 43 80 58 49 12 46 59 51 68 96 20 87 7 1 30 73 98 97 56 69 28
64 84 23 57 28 41 55 97 33 13 62 5 64 17 69 69 11 7 37 10 0 20 19 42 43 87 19 50 75 75
99 90 84 16 33 24 48 64 1 17 29 68 85 95 13 56 3 20 68 73 80 35 65 11 64 83 0 29 30 5
98 50 10 79 82 81 69 40 56 95 6 1 22 70 43 64 26 76 34 0 22 53 11 15 74 13 52 53 57 85
27 95 20 55 60 44 5 80 25 32 67 99 49 61 14 32 93 73 65 72 46 22 15 5 37 80 22 86 59 5
84 0 52 54 59 54 8 12 41 83 70 80 8 82 54 41 92 82 14 84 52 30 20 79 25 57 39 11 16 34
9 20 36 37 73 24 92 5 8 92 8 24 45 20 13 95 95 10 31 67 10 64 69 28 37 44 67 4 69 46
73 0 76 10 55 77 80 48 58 58 15 72 65 8 65 40 30 29 97 71 90 51 10 87 61 36 76 71 90 8
55 78 19 74 82 16 69 17 87 78 55 54 82 18 4 5 19 86 19 16 28 55 15 16 62 28 32 18 12 90
80 98 96 54 95 85 97 9 91 71 32 66 44 27 59 79 54 53 69 57 47 33 10 23 37 59 41 69 47 29
22 14 59 70 65 74 49 4 41 89 20 72 74 73 46 3 98 80 79 56 49 7 95 98 10 64 74 95 45 97
34 16 79 35 85 88 11 96 42 45 79 87 43 68 98 61 43 1 44 28 81 86 69 44 54 70 44 0 28 58
95 3 80 18 55 23 50 81 54 31 46 65 28 64 30 26 12 0 78 30 46 11 96 83 10 33 27 53 77 80
90 96 35 83 34 67 22 31 85 49 87 43 44 61 52 7 39 28 47 62 56 95 48 92 96 53 30 90 26 89
23 83 35 78 32 37 5 87 48 88 56 55 78 54 28 76 63 38 13 75 57 25 41 89 93 18 90 70 56 88
75 67 43 19 24 86 77 70 63 93 0 6 63 33 67 38 3 90 23 5 81 86 21 71 58 0 23 15 23 73
91 56 8 15 47 27 3 23 87 92 40 93 46 73 45 80 70 25 85 30 40 87 59 94 39 88 96 6 79 86
74 72 11 74 73 4 95 75 7 7 98 18 29 89 49 60 73 65 73 99 0 62 72 91 47 52 36 68 1 80
98 17 61 42 65 81 25 48 92 62 54 73 71 66 81 73 72 17 59 20 38 1 84 96 26 58 32 30 61 6
83 85 19 73 34 24 77 66 32 0 95 15 49 74 93 61 12 28 77 72 46 47 99 22 87 83 57 53 88 13

21 32 13 4 10 55 14 99 39 48 58 1 11 2 94 5 26 74 7 54 33 37 96 1 31 60 0 18 32 66
28 66 38 39 64 77 72 65 40 55 62 31 11 53 95 23 67 16 46 77 71 81 90 8 8 75 42 84 72 58
52 46 52 93 98 88 63 55 29 25 53 89 33 47 81 2 76 11 37 33 0 35 61 40 91 86 67 7 53 74
93 42 51 9 36 36 3 67 18 1 39 85 21 89 63 64 71 90 67 67 64 41 0 37 64 89 90 62 10 15
64 78 21 83 16 68 82 87 23 17 47 19 7 22 98 56 88 57 45 51 80 69 41 90 31 25 79 31 94 52
61 37 95 46 76 86 32 19 27 5 6 35 78 59 87 43 28 11 66 5 28 12 25 77 2 99 50 99 14 7
54 5 28 25 93 35 38 51 85 34 47 17 72 70 50 10 82 87 35 91 78 90 8 93 9 28 12 52 88 12
89 5 74 97 6 51 24 4 49 66 56 67 52 16 13 28 15 3 42 20 33 51 30 1 29 4 40 42 75 3
51 72 36 52 2 35 77 3 82 20 11 15 26 51 86 64 96 70 33 13 66 38 20 61 51 30 1 50 22 15
29 71 17 41 96 20 37 56 5 85 82 52 88 72 74 99 32 89 61 11 77 56 2 69 81 12 93 75 91 25
59 26 50 43 38 36 23 19 26 26 45 21 63 75 3 4 78 3 9 87 21 20 30 91 46 68 88 8 30 37
31 18 53 32 49 73 38 30 79 5 64 41 35 50 86 68 43 69 15 35 69 20 64 21 86 18 42 21 95 74
64 23 10 9 4 69 71 82 17 49 40 75 95 27 99 28 38 15 53 18 58 47 3 18 50 93 51 80 84 43
47 49 15 44 81 69 11 55 1 59 46 74 91 67 12 38 48 30 27 6 40 96 82 71 36 78 12 70 41 63
14 81 70 91 29 17 55 64 71 86 56 58 72 41 29 63 54 61 78 47 87 32 73 37 56 18 29 63 59 41
82 94 19 8 80 75 77 62 7 49 81 37 91 4 12 41 62 86 11 9 71 87 74 93 80 70 52 78 82 7
69 48 13 42 40 29 77 93 50 5 70 74 33 65 96 85 60 19 7 2 21 27 96 75 66 92 52 13 37 23
25 6 98 88 83 18 63 78 47 53 66 76 41 80 21 4 99 60 80 76 94 18 68 89 7 55 68 34 39 80
79 2 31 28 74 15 50 77 23 19 61 83 63 10 75 99 36 70 61 52 13 66 63 85 89 99 44 86 4 34
53 74 42 45 2 4 96 35 88 15 2 47 80 25 4 45 90 57 67 58 81 53 71 98 67 94 65 90 32 45
26 7 66 91 91 62 82 35 39 11 76 70 35 83 45 40 77 27 64 72 2 42 93 22 41 36 66 81 27 25
85 27 6 75 13 21 87 42 47 89 52 58 8 22 0 81 88 7 91 4 36 53 27 77 67 85 81 0 34 20
56 98 0 42 40 65 89 44 90 55 10 99 56 47 86 95 28 24 23 20 79 30 7 2 27 95 9 34 24 62
56 32 79 30 60 21 50 7 48 33 61 48 20 68 44 5 27 51 94 24 54 91 99 62 36 13 86 11 62 30
78 52 25 76 73 74 36 8 78 37 7 53 56 50 63 64 86 12 55 0 25 23 68 50 31 65 47 73 84 18
4 1 22 51 49 57 63 12 84 67 92 95 43 62 31 70 60 24 23 4 7 89 96 93 38 44 77 5 22 59
2 88 47 40 9 98 43 18 23 55 45 77 81 26 96 10 40 95 66 50 70 69 29 11 28 35 24 36 66 55
5 43 19 74 43 11 66 84 36 49 74 44 46 37 61 79 64 37 37 92 76 13 16 53 81 98 93 81 72 8
49 91 1 88 11 9 78 42 94 56 67 77 86 51 2 60 67 10 7 78 72 8 18 52 22 55 31 27 11 90
13 56 98 97 75 47 54 5 72 30 65 17 85 76 79 76 11 79 61 77 47 59 94 71 57 69 23 29 60 15
48 54 65 98 11 56 55 70 22 53 83 37 27 22 51 59 19 50 60 42 28 43 66 98 53 87 93 39 30 83
59 22 23 92 32 65 10 62 27 94 86 23 6 94 1 82 36 82 22 31 19 16 73 78 6 6 94 41 64 99
22 82 29 51 99 55 1 8 39 10 40 52 18 69 70 99 80 63 23 44 53 11 46 84 30 53 73 86 62 1
40 56 58 42 85 47 90 22 50 92 65 99 4 67 86 19 40 18 32 86 6 85 23 8 84 47 52 48 30 32
1 11 32 85 64 36 49 95 58 3 38 3 80 35 89 56 59 85 18 81 97 24 88 89 93 72 62 21 16 45
3 31 52 96 84 24 45 92 56 25 12 35 13 41 98 29 26 26 2 57 41 90 90 9 86 79 74 81 96 43
25 30 81 62 56 62 75 83 75 93 53 8 11 88 9 25 57 94 8 78 80 4 83 9 99 25 24 23 22 44
87 64 3 95 9 98 51 93 22 37 5 74 96 56 63 61 44 91 19 50 88 4 55 76 52 73 84 10 41 30
44 98 21 54 99 37 97 1 75 53 78 28 57 27 53 26 22 80 24 91 69 20 80 89 89 1 94 83 80 58
85 53 95 12 71 98 84 58 15 28 63 87 30 65 28 98 2 15 94 4 38 96 15 33 59 10 42 90 91 7
95 18 15 84 78 84 97 1 52 63 92 26 48 18 3 25 87 89 33 63 29 20 64 93 90 22 61 36 71 29
58 80 11 94 0 59 44 39 43 84 24 62 22 36 64 49 57 52 77 54 46 51 28 45 66 86 47 26 84 28
34 89 50 5 83 42 22 57 93 36 40 84 40 71 55 89 41 64 87 58 15 4 53 4 42 25 90 98 67 86
84 40 86 15 55 51 38 75 73 97 74 60 4 56 67 10 5 11 8 25 26 19 91 3 76 88 68 38 73 65
50 51 81 17 79 37 98 56 79 62 55 43 83 28 38 74 92 4 47 19 94 74 41 83 68 72 48 13 51 89
35 46 23 71 55 97 66 60 40 22 80 22 82 99 66 87 32 26 28 81 16 20 24 35 37 61 84 84 14 27
86 14 81 12 35 5 46 11 98 73 77 22 91 34 79 11 17 10 58 20 12 77 8 17 22 7 53 33 48 69
29 25 16 79 6 55 59 13 56 79 23 42 43 94 33 28 81 69 78 5 79 79 2 29 80 2 13 74 64 46
45 10 59 41 33 78 86 82 89 60 47 18 88 12 6 43 2 91 35 4 39 5 39 45 80 81 50 61 17 96
83 15 31 45 80 54 76 36 88 17 45 19 44 33 39 11 71 42 66 62 99 89 40 76 72 76 54 81 97 72
55 14 56 21 38 68 82 81 34 9 60 2 71 64 30 23 21 44 77 32 69 39 41 40 67 12 95 47 51 82
62 4 44 48 68 12 69 25 62 85 44 80 38 98 32 76 52 79 75 96 2 19 26 69 41 14 58 37 13 51
26 41 44 21 2 99 37 4 2 20 31 70 89 63 46 79 18 39 14 84 43 32 58 78 26 59 88 12 95 5
16 98 54 21 7 74 43 47 20 81 88 10 9 82 5 1 92 39 41 43 85 14 65 97 93 50 32 67 84 75
13 98 80 15 36 88 71 13 82 52 7 91 51 6 29 8 73 69 68 90 40 81 93 36 77 16 92 44 80 8
41 88 92 31 67 47 94 13 22 74 30 52 25 54 89 75 32 80 23 68 56 59 73 54 26 10 17 93 74 36
79 50 82 78 62 46 25 54 76 74 4 89 99 66 39 52 74 37 73 70 35 32 21 90 24 64 36 87 19 11
96 70 13 18 42 13 1 16 88 16 51 51 23 80 96 94 46 38 49 70 16 93 36 24 15 47 99 19 32 12
16 33 50 54 38 88 65 3 35 42 76 29 13 29 44 63 29 13 82 31 34 2 36 6 1 34 75 9 30 33
88 21 41 5 65 67 84 94 7 3 40 57 93 4 78 99 95 46 5 82 18 16 20 20 21 7 55 84 27 72

873 573 1847 1471 812 1087 955 653 1943 1025 1606 805 1771 790 1459 1979 732 633 493 1712 738 336 552 953 778 869 1767 892 521 1466

2163 2086 3236 5657 6447 4360 5603 3160 5786 6587 1855 2938 6662 6111 1382 6377 6567 3486 1902 2240 5892 5898 3842 4734 5671 1204 1414 3213 6788 2822

22 27 15 22 28 26 18 21 12 27 29 19 11 29 27 18 28 20 10 21 14 29 11 13 14 20 18 24 15 11 21 23 14 13 19 26 26 28 12 15 23 29 23 28 25 26 13 19 22 22 26 29 23 23 13 24 17 26 24 24

66 141 39 23 156 181 22 106 153 98 103 62 172 129 198 56 209 59 144 29 113 88 194 55 26 134 39 162 177 152
