60
30

46 45 71 97 12 37 37 73 38 24 85 14 56 11 10 6 89 62 57 25 95 34 22 85 20 14 60 99 39 41
94 37 19 19 26 63 42 42 0 66 77 99 56 40 77 26 94 64 56 21 21 92 54 37 43 48 7 30 60 95
83 14 37 15 34 53 72 24 89 4 4 11 93 69 98 63 52 42 20 27 44 47 98 26 13 1 4 6 44 58
26 5 5 8 12 69 80 48 93 33 41 33 28 69 47 88 26 63 36 40 39 53 76 86 23 71 80 18 18 47
99 71 97 75 52 65 83 60 58 45 20 73 75 56 69 8 62 4 53 99 20 73 75 54 82 28 77 0 50 99
21 66 99 39 12 29 9 93 87 2 81 29 37 58 54 18 52 98 22 54 93 12 32 56 26 94 6 1 91 17
2 73 73 62 33 20 7 71 95 68 31 63 72 25 72 31 24 80 23 17 71 69 55 20 35 74 63 97 1 79
44 54 3 84 58 39 52 66 16 85 68 33 0 67 65 4 3 64 21 21 52 44 15 73 48 22 28 80 31 38
31 76 63 74 3 94 83 4 66 22 73 35 18 99 50 92 5 75 57 59 63 37 33 66 21 81 80 96 46 91
48 46 73 50 24 68 42 84 77 70 48 23 10 63 74 43 10 71 48 92 9 48 56 40 82 72 15 99 56 0
60 94 6 8 12 0 51 58 41 48 95 56 31 99 55 93 1 9 85 91 60 50 82 92 93 61 41 58 87 28
81 71 77 43 69 63 46 66 17 96 13 3 14 83 8 69 39 26 97 10 50 95 20 86 49 84 51 46 73 24
86 59 58 28 40 57 77 6 82 33 42 62 51 77 34 79 33 48 87 47 99 25 56 80 17 81 29 43 92 62
65 73 21 76 87 68 27 24 41 86 42 26 97 68 37 20 79 74 24 38 26 15 79 0 27 97 49 55 91 21
68 90 28 15 64 55 69 66 54 0 46 7 53 13 99 53 39 97 96 6 56 39 79 74 43 47 59 52 29 74
53 98 13 27 96 63 48 65 2 81 71 6 52 28 59 5 15 89 10 90 58 16 67 39 68 43 37 49 24 7
76 42 80 83 49 92 27 36 64 66 81 47 64 31 89 61 9 53 60 75 90 0 57 49 56 19 13 25 39 52
65 77 24 9 86 17 82 16 2 57 68 10 1 81 57 31 65 76 69 52 96 40 4 43 11 56 81 55 36 1
65 72 99 32 17 64 33 68 7 51 25 53 74 44 57 78 7 31 58 94 11 38 36 43 63 53 63 91 64 11
51 29 66 90 17 98 8 42 33 37 3 64 24 58 57 2 40 13 9 21 21 93 20 91 39 75 64 81 76 15
86 45 77 51 30 57 84 54 63 16 45 51 33 41 51 8 56 16 40 42 93 59 79 5 93 32 15 52 90 96
39 92 89 9 26 86 80 88 37 35 58 4 77 69 51 82 80 45 67 6 45 99 27 70 33 17 35 23 19 24
11 85 62 91 76 44 13 34 75 68 87 29 80 65 84 80 92 8 10 16 49 85 44 99 11 47 54 71 65 70
59 68 81 48 82 87 11 85 48 74 11 47 19 81 28 1 72 0 79 55 62 71 22 61 21 34 84 48 90 61
11 21 87 92 41 8 56 57 20 60 41 64 19 43 91 89 10 55 94 78 22 77 82 67 66 30 60 80 21 1
59 40 13 65 6 34 19 0 66 85 88 87 0 44 65 42 34 6 47 14 51 91 15 44 38 65 23 83 44 88
31 0 55 13 21 35 67 60 26 79 18 59 63 77 32 31 53 96 53 41 70 4 93 45 39 45 21 29 95 2
53 94 60 5 45 40 97 5 68 67 62 18 40 71 52 34 42 23 22 25 27 54 20 98 19 77 61 84 48 30
46 62 68 8 91 46 69 35 12 90 58 81 10 4 85 19 24 54 33 98 46 16 7 65 50 6 76 54 33 84
56 41 0 29 65 23 40 16 40 69 51 50 33 60 43 44 27 5 9 24 8 13 37 22 19 44 24 83 58 71
94 85 10 44 42 63 21 13 62 79 44 66 7 86 37 87 16 61 66 35 98 25 67 5 41 66 60 18 16 28
10 54 68 44 93 20 19 14 10 28 47 65 44 4 86 39 63 80 72 95 24 21 42 28 8 91 41 35 3 69
13 77 23 58 66 34 16 60 37 26 6 99 20 71 71 17 3 96 52 82 39 4 48 79 53 98 29 67 56 84
94 32 11 13 39 68 84 46 11 57 64 34 79 39 43 61 33 94 87 83 95 70 32 63 6 30 7 92 26 9
40 38 52 99 17 59 47 99 4 89 34 8 30 66 1 37 13 67 12 78 74 70 29 46 51 63 92 98 36 58
92 72 83 85 68 14 50 81 83 96 95 89 64 17 24 43 38 65 65 86 61 65 13 69 42 47 81 14 21 15
36 38 21 93 13 83 9 78 40 86 34 32 12 88 5 91 98 75 59 73 66 85 7 9 65 33 68 35 96 41
33 15 64 64 3 86 91 57 14 45 25 24 34 11 93 46 83 42 63 67 27 90 23 96 52 17 1 58 91 4
53 89 91 37 37 62 27 46 16 97 96 25 59 87 66 66 65 40 47 87 92 15 8 27 78 20 70 51 1 84
44 77 97 18 83 25 33 49 82 47 22 63 40 81 2 11 62 61 40 65 71 47 18 9 62 72 6 25 8 26
59 89 5 8 56 7 16 30 92 35 54 43 79 80 7 34 29 70 0 89 17 31 51 49 36 29 51 95 22 44
89 14 78 98 5 78 48 49 26 3 12 22 27 70 93 42 28 55 23 84 9 71 78 68 8 24 2 47 33 43
74 79 7 41 73 74 21 1 74 57 69 3 56 4 86 39 8 8 12 73 79 14 66 61 94 21 85 6 32 30
66 46 48 99 29 87 70 24 79 19 22 62 25 94 45 68 10 44 99 7 37 72 3 63 96 40 20 53 49 37
4 34 6 12 64 41 98 88 4 98 52 2 66 8 98 42 62 91 82 58 82 33 57 88 12 75 71 19 99 45
91 62 56 10 6 28 79 7 29 34 23 87 63 53 64 61 15 21 52 44 78 33 7 48 98 14 34 40 14 40
57 94 24 29 87 98 20 62 87 68 10 68 85 24 84 3 64 1 26 6 18 91 76 3 59 80 62 97 7 85
96 74 9 15 85 94 58 32 0 61 16 62 2 90 60 86 33 12 96 26 6 80 27 86 52 78 59 27 21 38
82 83 34 21 53 39 36 15 90 40 93 51 31 93 42 55 28 90 80 71 77 51 52 30 5 76 78 50 67 51
22 94 18 48 96 12 76 15 61 56 64 38 49 39 33 34 38 70 80 96 40 99 12 10 85 46 39 1 29 91
74 83 86 76 89 37 98 7 48 10 66 86 24 38 14 12 57 23 72 0 17 7 78 48 89 52 50 23 79 93
73 52 12 22 8 49 75 47 4 95 27 7 84 77 74 43 33 34 77 67 1 62 53 67 8 96 84 44 13 63
34 74 80 64 45 31 53 33 70 18 25 95 57 6 68 8 79 46 49 53 1 40 52 28 12 62 90 52 59 70
66 71 74 62 18 36 74 43 64 4 80 35 24 58 66 25 98 60 65 36 4 92 74 82 29 27 29 22 36 56
59 31 24 55 30 64 53 59 38 58 54 91 18 22 10 61 69 98 73 22 18 91 38 57 76 1 7 40 49 17
4 76 19 47 26 32 95 80 50 3 10 41 11 80 12 45 40 13 68 79 18 84 86 83 90 32 23 73 36 4
29 61 0 11 57 51 31 19 22 4 70 17 98 27 96 8 98 14 20 52 50 36 83 43 78 75 97 83 67 39
39 10 37 10 81 87 78 98 26 41 25 19 76 30 49 17 44 70 26 81 5 47 87 56 38 1 64 23 95 51
97 10 12 5 51 60 50 64 74 58 19 27 79 3 27 51 42 79 62 14 53 40 99 93 38 43 80 63 74 76
17 63 36 62 24 89 62 51 59 28 21 17 41 9 20 25 81 69 96 47 33 43 49 26 53 19 49 16 25 40

29 77 93 91 41 49 74 23 18 80 38 76 36 78 76 13 85 84 89 64 59 39 18 76 29 67 4 14 14 89
77 91 84 58 97 35 49 91 94 24 32 27 84 29 30 42 62 78 98 98 78 98 17 15 74 14 44 76 22 19
28 23 96 30 61 93 67 94 96 1 1 23 42 78 2 62 25 7 35 13 66 37 14 84 34 40 33 29 58 62
0 92 2 79 75 78 58 49 27 15 96 38 87 72 73 43 23 63 2 47 89 27 27 94 22 90 48 40 80 31
8 39 52 18 18 70 76 81 1 98 60 36 61 43 78 88 21 90 89 61 92 66 2 49 40 69 93 74 95 19
35 96 1 76 99 22 6 39 47 0 34 15 10 88 1 33 39 54 59 39 54 29 74 95 42 25 89 64 77 90
9 60 54 67 23 97 77 74 43 59 22 12 29 82 84 94 26 7 68 23 31 66 83 83 76 97 61 15 81 89
85 80 24 27 30 54 28 79 29 84 56 32 21 16 78 83 47 69 42 44 99 13 55 3 52 78 72 65 95 0
46 56 88 82 72 64 89 35 47 56 13 5 20 90 49 22 0 10 27 20 57 1 6 11 23 33 46 15 88 19
69 75 37 82 20 24 82 93 96 54 83 15 95 33 58 94 99 61 34 58 12 48 73 18 93 70 0 97 62 34
96 11 92 56 33 91 74 26 83 16 52 23 13 99 52 5 43 35 48 82 43 25 52 44 94 10 4 10 24 89
10 19 16 23 60 73 32 9 6 2 3 17 91 22 88 3 73 1 95 35 59 48 17 17 57 91 21 75 17 19
7 59 9 97 19 64 55 74 60 67 30 56 65 57 86 95 30 81 59 42 82 44 82 41 64 42 98 66 53 90
49 51 35 11 88 34 23 76 44 25 64 3 24 85 95 77 45 58 36 37 20 93 21 43 53 60 20 14 8 37
89 11 48 30 67 3 89 40 93 29 80 7 14 56 26 79 14 99 10 90 78 34 77 60 79 41 92 21 41 51
78 65 24 75 2 43 33 49 63 69 45 22 2 21 5 74 32 20 43 24 61 40 99 86 63 90 69 78 8 58
10 77 64 3 55 97 33 48 41 16 74 15 41 86 37 85 55 6 4 80 1 32 15 21 17 64 21 75 54 23
93 22 30 19 80 94 74 73 1 67 70 27 96 13 95 78 95 31 5 7 62 27 7 85 22 17 22 94 6 48
44 76 26 79 29 10 2 77 72 78 98 93 71 60 14 44 65 89 73 11 20 38 86 19 75 22 71 77 79 54
83 83 99 65 73 15 60 87 68 80 41 67 56 82 70 47 22 28 61 37 55 93 87 62 19 5 20 62 83 17
25 79 28 97 27 49 85 31 95 92 73 25 69 75 40 59 68 74 29 28 38 70 9 64 19 49 65 28 55 6
19 21 71 59 29 50 85 15 98 48 34 70 78 25 43 15 54 18 37 84 52 50 4 65 91 27 50 73 87 23
92 33 73 40 2 37 83 44 75 82 36 2 99 75 2 87 49 83 35 17 24 71 18 42 11 31 41 0 38 12
11 17 40 0 77 92 76 12 0 21 53 98 8 45 34 60 25 8 69 51 58 84 47 87 69 92 63 6 86 22
65 50 23 28 8 48 99 62 25 37 0 68 19 38 8 50 9 88 90 79 88 73 31 11 0 37 53 34 9 55
39 47 37 74 69 69 1 93 40 3 53 19 13 13 23 11 17 4 14 22 98 81 86 82 3 61 50 82 34 41
49 76 99 47 83 77 57 42 26 35 40 34 39 21 82 27 65 53 2 12 66 34 12 90 41 90 53 62 37 37
82 29 31 95 50 10 54 57 57 44 85 49 73 43 34 61 59 20 90 29 15 97 3 98 58 72 32 91 1 8
75 70 82 57 51 69 63 42 26 15 97 62 80 95 52 83 63 9 9 49 93 37 95 98 87 93 19 86 36 56
0 63 49 7 28 27 53 82 94 67 98 58 70 75 13 8 21 76 25 94 5 10 20 1 67 72 5 2 44 83
25 37 39 56 21 26 24 80 30 51 87 25 92 98 26 57 81 5 65 10 93 96 33 42 61 77 40 93 66 16
38 7 75 66 45 85 24 60 87 2 24 21 69 73 55 50 78 72 82 84 1 40 11 51 91 27 58 50 12 53
1 27 69 92 55 53 78 13 65 99 44 20 24 66 54 86 55 35 99 75 12 18 85 90 99 50 85 87 99 34
64 59 68 34 67 67 36 90 38 73 26 85 33 4 69 91 44 57 86 79 25 17 65 65 6 49 49 39 33 88
23 74 66 37 45 38 22 51 86 47 56 61 60 16 2 65 46 31 23 94 63 11 50 38 33 60 92 75 27 16
67 38 14 44 70 29 36 48 84 57 73 74 2 46 94 44 12 57 88 48 65 23 27 68 30 71 7 18 4 91
72 37 24 86 8 48 17 97 67 76 66 89 61 1 83 58 31 77 34 76 82 38 28 88 40 87 84 41 77 33
41 90 96 12 58 26 86 19 34 16 87 38 39 43 13 39 38 99 43 75 48 60 57 22 54 50 89 13 89 66
31 80 37 30 87 4 30 91 81 20 32 81 70 57 38 7 93 75 46 35 80 56 49 91 95 54 76 87 84 96
84 56 55 14 63 37 3 32 13 58 72 45 9 4 13 58 58 64 60 79 20 2 61 91 39 89 24 17 7 93
58 88 69 12 34 67 25 5 77 70 91 45 88 15 49 13 36 72 53 84 74 1 8 1 83 5 32 21 22 23
51 82 68 48 7 29 50 54 64 92 16 46 60 14 4 82 21 53 81 34 40 35 92 67 95 0 12 79 55 93
15 13 95 81 95 39 17 93 86 67 58 28 99 43 25 67 45 30 83 89 17 86 98 72 69 87 4 36 91 48
44 54 77 61 13 39 41 28 84 82 22 81 22 7 81 98 3 50 86 68 74 0 34 72 63 46 61 47 89 13
35 2 47 96 30 66 63 18 35 89 51 68 36 46 6 89 88 3 22 50 47 39 24 84 45 41 36 99 20 16
46 0 32 86 20 52 46 61 93 0 26 96 23 12 5 96 95 6 19 6 21 97 0 14 45 55 88 48 76 64
96 40 1 35 45 99 34 98 44 6 33 83 89 33 65 70 4 42 11 52 49 7 49 62 63 92 37 44 23 52
6 67 40 47 20 23 7 94 70 52 92 91 1 83 21 86 5 88 8 76 12 91 25 64 67 60 3 5 85 2
35 17 6 27 0 42 4 37 29 81 17 73 6 37 1 31 43 46 30 8 88 70 92 54 66 87 47 46 36 12
61 94 32 11 20 54 21 12 90 14 92 23 78 65 51 93 21 78 99 8 88 59 15 73 79 38 68 43 70 20
26 3 22 3 43 8 53 51 50 23 48 62 52 37 66 71 41 40 37 90 58 74 89 66 59 18 40 9 97 50
32 21 84 97 12 30 25 84 68 13 29 20 90 55 39 97 5 79 38 85 10 52 9 47 3 45 87 15 76 99
94 85 35 33 74 44 59 93 54 23 92 27 0 29 58 32 54 29 29 16 50 69 88 65 69 38 62 4 65 53
24 7 74 76 96 80 3 22 78 26 32 11 12 71 3 54 33 3 74 17 86 55 38 59 3 47 75 62 57 43
56 2 58 99 24 9 40 29 29 40 72 82 84 40 75 18 78 80 31 41 47 96 30 9 7 54 75 35 88 37
43 54 26 12 86 9 6 23 5 91 59 35 26 30 58 8 90 31 60 72 5 89 98 58 30 32 14 82 8 80
94 88 33 23 33 11 55 39 53 11 38 15 47 76 13 56 26 14 26 66 86 73 42 58 22 50 65 22 63 1
93 54 1 42 2 27 39 10 46 56 74 22 0 97 96 60 94 65 83 66 15 71 90 7 68 23 88 71 24 20
5 98 7 43 41 34 87 33 2 96 74 96 50 58 59 72 59 14 11 76 47 73 48 86 3 77 41 29 41 78
8 6 41 89 14 52 68 1 84 5 78 37 94 61 36 79 98 17 35 96 97 28 60 51 77 43 58 66 58 86

3995 697 5177 5351 3701 4164 4267 4675 3920 4809 4032 4544 5013 3104 2355 3903 1699 1249 1298 1309 3127 2119 4320 1838 4784 3201 3484 1304 5283 2196

6204 1676 4248 6260 5817 3260 3806 5419 3441 4148 1670 5114 4860 2486 2069 1488 5318 1552 2256 4931 2139 5260 3876 5306 3634 3048 2713 6243 3523 3102

19 14 19 25 22 19 18 10 12 21 23 10 11 20 29 19 21 25 25 21 14 25 24 15 16 13 15 24 10 15 27 19 25 12 14 13 10 19 10 12 26 22 18 18 15 11 13 17 29 21 18 19 14 17 18 28 13 27 17 26

131 95 100 43 97 29 160 75 76 160 69 104 175 141 149 133 142 51 125 30 69 139 172 136 129 64 61 101 75 138
