60
30

46 45 71 97 12 37 37 73 38 24 85 14 56 11 10 6 89 62 57 25 95 34 22 85 20 14 60 99 39 41
94 37 19 19 26 63 42 42 0 66 77 99 56 40 77 26 94 64 56 21 21 92 54 37 43 48 7 30 60 95
83 14 37 15 34 53 72 24 89 4 4 11 93 69 98 63 52 42 20 27 44 47 98 26 13 1 4 6 44 58
26 5 5 8 12 69 80 48 93 33 41 33 28 69 47 88 26 63 36 40 39 53 76 86 23 71 80 18 18 47
99 71 97 75 52 65 83 60 58 45 20 73 75 56 69 8 62 4 53 99 20 73 75 54 82 28 77 0 50 99
21 66 99 39 12 29 9 93 87 2 81 29 37 58 54 18 52 98 22 54 93 12 32 56 26 94 6 1 91 17
2 73 73 62 33 20 7 71 95 68 31 63 72 25 72 31 24 80 23 17 71 69 55 20 35 74 63 97 1 79
44 54 3 84 58 39 52 66 16 85 68 33 0 67 65 4 3 64 21 21 52 44 15 73 48 22 28 80 31 38
31 76 63 74 3 94 83 4 66 22 73 35 18 99 50 92 5 75 57 59 63 37 33 66 21 81 80 96 46 91
48 46 73 50 24 68 42 84 77 70 48 23 10 63 74 43 10 71 48 92 9 48 56 40 82 72 15 99 56 0
60 94 6 8 12 0 51 58 41 48 95 56 31 99 55 93 1 9 85 91 60 50 82 92 93 61 41 58 87 28
81 71 77 43 69 63 46 66 17 96 13 3 14 83 8 69 39 26 97 10 50 95 20 86 49 84 51 46 73 24
86 59 58 28 40 57 77 6 82 33 42 62 51 77 34 79 33 48 87 47 99 25 56 80 17 81 29 43 92 62
65 73 21 76 87 68 27 24 41 86 42 26 97 68 37 20 79 74 24 38 26 15 79 0 27 97 49 55 91 21
68 90 28 15 64 55 69 66 54 0 46 7 53 13 99 53 39 97 96 6 56 39 79 74 43 47 59 52 29 74
53 98 13 27 96 63 48 65 2 81 71 6 52 28 59 5 15 89 10 90 58 16 67 39 68 43 37 49 24 7
76 42 80 83 49 92 27 36 64 66 81 47 64 31 89 61 9 53 60 75 90 0 57 49 56 19 13 25 39 52
65 77 24 9 86 17 82 16 2 57 68 10 1 81 57 31 65 76 69 52 96 40 4 43 11 56 81 55 36 1
65 72 99 32 17 64 33 68 7 51 25 53 74 44 57 78 7 31 58 94 11 38 36 43 63 53 63 91 64 11
51 29 66 90 17 98 8 42 33 37 3 64 24 58 57 2 40 13 9 21 21 93 20 91 39 75 64 81 76 15
86 45 77 51 30 57 84 54 63 16 45 51 33 41 51 8 56 16 40 42 93 59 79 5 93 32 15 52 90 96
39 92 89 9 26 86 80 88 37 35 58 4 77 69 51 82 80 45 67 6 45 99 27 70 33 17 35 23 19 24
11 85 62 91 76 44 13 34 75 68 87 29 80 65 84 80 92 8 10 16 49 85 44 99 11 47 54 71 65 70
59 68 81 48 82 87 11 85 48 74 11 47 19 81 28 1 72 0 79 55 62 71 22 61 21 34 84 48 90 61
11 21 87 92 41 8 56 57 20 60 41 64 19 43 91 89 10 55 94 78 22 77 82 67 66 30 60 80 21 1
59 40 13 65 6 34 19 0 66 85 88 87 0 44 65 42 34 6 47 14 51 91 15 44 38 65 23 83 44 88
31 0 55 13 21 35 67 60 26 79 18 59 63 77 32 31 53 96 53 41 70 4 93 45 39 45 21 29 95 2
53 94 60 5 45 40 97 5 68 67 62 18 40 71 52 34 42 23 22 25 27 54 20 98 19 77 61 84 48 30
46 62 68 8 91 46 69 35 12 90 58 81 10 4 85 19 24 54 33 98 46 16 7 65 50 6 76 54 33 84
56 41 0 29 65 23 40 16 40 69 51 50 33 60 43 44 27 5 9 24 8 13 37 22 19 44 24 83 58 71
94 85 10 44 42 63 21 13 62 79 44 66 7 86 37 87 16 61 66 35 98 25 67 5 41 66 60 18 16 28
10 54 68 44 93 20 19 14 10 28 47 65 44 4 86 39 63 80 72 95 24 21 42 28 8 91 41 35 3 69
13 77 23 58 66 34 16 60 37 26 6 99 20 71 71 17 3 96 52 82 39 4 48 79 53 98 29 67 56 84
94 32 11 13 39 68 84 46 11 57 64 34 79 39 43 61 33 94 87 83 95 70 32 63 6 30 7 92 26 9
40 38 52 99 17 59 47 99 4 89 34 8 30 66 1 37 13 67 12 78 74 70 29 46 51 63 92 98 36 58
92 72 83 85 68 14 50 81 83 96 95 89 64 17 24 43 38 65 65 86 61 65 13 69 42 47 81 14 21 15
36 38 21 93 13 83 9 78 40 86 34 32 12 88 5 91 98 75 59 73 66 85 7 9 65 33 68 35 96 41
33 15 64 64 3 86 91 57 14 45 25 24 34 11 93 46 83 42 63 67 27 90 23 96 52 17 1 58 91 4
53 89 91 37 37 62 27 46 16 97 96 25 59 87 66 66 65 40 47 87 92 15 8 27 78 20 70 51 1 84
44 77 97 18 83 25 33 49 82 47 22 63 40 81 2 11 62 61 40 65 71 47 18 9 62 72 6 25 8 26
59 89 5 8 56 7 16 30 92 35 54 43 79 80 7 34 29 70 0 89 17 31 51 49 36 29 51 95 22 44
89 14 78 98 5 78 48 49 26 3 12 22 27 70 93 42 28 55 23 84 9 71 78 68 8 24 2 47 33 43
74 79 7 41 73 74 21 1 74 57 69 3 56 4 86 39 8 8 12 73 79 14 66 61 94 21 85 6 32 30
66 46 48 99 29 87 70 24 79 19 22 62 25 94 45 68 10 44 99 7 37 72 3 63 96 40 20 53 49 37
4 34 6 12 64 41 98 88 4 98 52 2 66 8 98 42 62 91 82 58 82 33 57 88 12 75 71 19 99 45
91 62 56 10 6 28 79 7 29 34 23 87 63 53 64 61 15 21 52 44 78 33 7 48 98 14 34 40 14 40
57 94 24 29 87 98 20 62 87 68 10 68 85 24 84 3 64 1 26 6 18 91 76 3 59 80 62 97 7 85
96 74 9 15 85 94 58 32 0 61 16 62 2 90 60 86 33 12 96 26 6 80 27 86 52 78 59 27 21 38
82 83 34 21 53 39 36 15 90 40 93 51 31 93 42 55 28 90 80 71 77 51 52 30 5 76 78 50 67 51
22 94 18 48 96 12 76 15 61 56 64 38 49 39 33 34 38 70 80 96 40 99 12 10 85 46 39 1 29 91
74 83 86 76 89 37 98 7 48 10 66 86 24 38 14 12 57 23 72 0 17 7 78 48 89 52 50 23 79 93
73 52 12 22 8 49 75 47 4 95 27 7 84 77 74 43 33 34 77 67 1 62 53 67 8 96 84 44 13 63
34 74 80 64 45 31 53 33 70 18 25 95 57 6 68 8 79 46 49 53 1 40 52 28 12 62 90 52 59 70
66 71 74 62 18 36 74 43 64 4 80 35 24 58 66 25 98 60 65 36 4 92 74 82 29 27 29 22 36 56
59 31 24 55 30 64 53 59 38 58 54 91 18 22 10 61 69 98 73 22 18 91 38 57 76 1 7 40 49 17
4 76 19 47 26 32 95 80 50 3 10 41 11 80 12 45 40 13 68 79 18 84 86 83 90 32 23 73 36 4
29 61 0 11 57 51 31 19 22 4 70 17 98 27 96 8 98 14 20 52 50 36 83 43 78 75 97 83 67 39
39 10 37 10 81 87 78 98 26 41 25 19 76 30 49 17 44 70 26 81 5 47 87 56 38 1 64 23 95 51
97 10 12 5 51 60 50 64 74 58 19 27 79 3 27 51 42 79 62 14 53 40 99 93 38 43 80 63 74 76
17 63 36 62 24 89 62 51 59 28 21 17 41 9 20 25 81 69 96 47 33 43 49 26 53 19 49 16 25 40

45 33 68 57 41 76 51 21 13 56 80 74 86 86 70 29 4 8 37 11 93 77 44 17 96 50 27 19 78 87
52 11 31 42 51 69 20 3 35 60 50 10 87 17 47 47 76 85 76 0 47 83 57 31 83 47 30 89 33 55
93 82 65 31 7 67 80 4 53 34 99 46 77 93 1 26 51 90 92 55 50 12 17 99 17 52 42 7 66 49
88 54 40 21 78 6 38 63 31 73 60 63 14 83 44 76 42 3 0 46 80 97 49 70 96 85 39 46 54 50
82 49 59 6 38 22 89 23 52 77 78 69 0 55 29 26 11 74 76 78 77 65 23 76 54 91 32 49 23 85
30 86 70 50 63 33 91 16 20 72 36 49 93 62 66 41 65 85 49 42 19 10 54 12 30 60 7 86 71 75
6 8 52 77 33 52 65 83 86 53 13 49 39 9 46 4 87 18 14 28 42 80 35 89 90 72 31 22 14 59
59 31 61 20 74 41 82 1 77 37 0 1 38 56 70 83 7 25 30 50 45 73 83 28 38 35 26 43 80 40
40 3 38 61 95 97 26 52 43 83 62 3 94 42 85 96 99 85 44 36 95 71 97 97 76 67 87 96 93 45
56 95 9 6 51 91 54 77 11 36 50 27 30 20 15 79 68 80 58 24 21 27 21 80 86 28 36 25 92 52
4 13 60 77 8 46 38 25 17 71 4 76 48 5 40 58 96 30 27 22 39 0 5 67 79 42 99 52 89 67
10 11 63 97 17 75 87 97 37 49 2 52 55 9 95 29 98 13 56 30 22 41 95 6 57 6 81 92 98 7
74 2 49 11 54 68 74 87 52 20 86 27 59 62 87 25 57 55 59 15 1 34 38 61 40 26 39 74 70 32
16 86 38 83 63 20 52 11 5 14 75 73 19 2 78 12 97 71 15 80 28 21 20 9 85 12 50 38 11 78
28 27 61 40 39 3 54 35 15 31 3 61 84 2 72 98 83 79 52 49 56 45 58 18 91 45 93 25 61 10
30 8 72 16 16 70 49 98 75 84 88 49 88 41 73 48 76 19 33 5 98 12 83 30 48 23 77 45 17 39
69 4 55 32 55 98 35 35 48 46 25 23 2 2 0 66 93 44 62 48 24 2 50 72 5 61 48 83 26 30
38 97 32 73 38 97 66 45 47 47 27 67 53 39 73 46 7 59 57 13 60 47 89 49 99 93 46 4 56 75
72 41 56 46 69 63 35 31 30 93 52 73 91 24 55 48 4 52 96 42 41 73 97 59 96 90 8 96 38 67
18 4 38 32 97 37 61 12 97 42 8 47 27 36 52 21 78 96 84 12 80 46 78 33 0 6 47 39 14 53
27 0 28 6 29 77 11 28 47 49 75 16 96 77 19 11 35 6 14 59 86 30 94 5 66 94 92 90 83 75
27 95 66 98 29 47 37 66 69 80 29 97 16 20 27 21 52 31 76 66 6 42 73 32 99 57 62 48 98 92
80 45 31 4 23 94 13 21 41 7 68 59 70 70 69 1 71 86 20 80 21 33 45 80 89 59 75 46 83 82
38 73 49 64 83 20 74 67 19 55 6 24 27 35 94 75 80 84 30 44 92 1 28 82 69 38 68 69 30 20
8 74 33 75 38 12 14 35 8 36 36 1 81 60 88 85 84 10 91 75 47 36 11 87 65 26 66 10 26 36
93 31 78 92 0 17 29 39 28 96 22 61 1 45 3 74 19 88 87 68 47 59 97 68 93 90 13 25 73 20
70 55 17 37 93 99 57 0 44 60 3 7 28 48 98 1 94 41 8 29 9 29 87 2 92 14 26 13 60 77
72 22 89 35 78 0 16 50 19 4 36 58 89 24 45 42 61 11 62 56 69 97 16 71 52 48 82 17 74 17
8 26 98 0 58 3 75 88 68 90 99 89 97 83 11 59 6 32 73 50 1 29 37 87 37 60 78 22 50 84
73 15 70 55 31 66 40 4 33 71 34 59 9 94 55 53 67 78 53 47 63 19 91 87 74 97 62 57 4 27
17 93 31 77 69 90 1 63 83 98 98 25 58 87 61 37 73 52 27 3 40 61 10 53 98 77 63 32 40 13
62 49 38 86 33 25 38 2 86 64 20 64 40 33 46 97 63 18 49 31 38 9 31 88 43 12 74 60 9 99
82 71 87 49 6 73 35 38 23 0 13 71 72 99 52 78 64 4 22 15 19 10 16 28 2 86 36 90 57 16
45 11 61 70 11 72 49 31 66 48 80 37 56 16 45 15 52 52 40 16 45 85 54 75 54 43 39 52 14 8
70 41 22 86 9 36 62 41 31 6 29 44 75 9 40 60 29 43 80 49 61 33 35 68 61 79 16 95 40 30
49 17 23 49 19 46 20 91 70 57 51 10 3 67 86 53 36 95 3 30 99 70 78 45 96 79 82 43 41 79
12 1 63 99 11 71 36 19 48 47 61 3 46 20 35 15 3 49 63 41 29 40 97 18 1 37 28 16 96 53
41 44 76 93 25 63 17 55 97 35 11 9 62 42 87 85 52 38 24 19 92 50 59 56 85 2 0 85 31 57
19 65 1 93 61 72 54 52 7 67 49 32 83 76 95 14 82 16 48 44 61 26 39 1 26 75 98 37 8 57
3 57 0 1 80 86 8 49 14 34 35 90 63 49 3 35 84 41 74 95 96 93 35 77 70 5 53 16 91 40
18 14 41 52 27 50 10 36 69 77 22 10 41 22 34 34 70 69 48 24 44 69 38 1 78 20 99 1 47 9
47 34 84 9 39 59 21 69 97 10 8 49 40 8 49 81 80 36 42 51 7 44 6 54 93 38 34 46 88 58
0 8 71 49 21 86 91 73 42 81 20 31 98 3 81 90 71 1 41 11 40 47 78 61 13 31 50 29 58 88
48 76 93 78 89 15 4 82 89 69 84 76 31 78 25 16 4 42 3 33 82 18 46 16 78 16 50 50 75 54
14 20 39 84 90 5 53 69 71 27 23 2 77 13 57 81 83 12 18 85 30 46 92 22 2 8 20 27 43 27
5 48 79 59 69 39 42 91 39 55 19 41 81 7 87 17 96 28 80 51 80 66 20 26 81 92 10 65 19 95
50 46 50 99 40 66 93 30 86 55 44 18 8 40 50 98 18 80 22 60 33 40 95 63 28 74 86 2 36 22
84 98 66 59 97 51 96 41 16 75 46 34 90 10 55 28 17 69 6 62 81 73 71 27 18 83 96 13 63 30
4 6 27 96 23 82 1 3 54 27 92 22 30 82 23 86 43 3 65 94 26 90 93 18 34 1 50 65 48 78
95 60 0 35 54 27 87 3 96 8 36 12 22 46 33 68 9 8 12 56 76 26 88 56 50 0 71 95 43 75
0 23 88 80 71 22 73 8 61 72 86 74 73 23 56 56 36 82 43 39 66 69 32 97 38 23 20 80 45 81
96 10 49 22 69 81 26 70 88 39 85 9 49 63 5 30 92 88 5 28 39 51 66 16 12 22 58 19 43 73
27 78 56 96 79 62 92 63 32 74 4 96 34 2 37 92 86 46 77 8 93 29 35 18 39 64 93 92 65 38
31 48 2 43 19 89 63 50 31 25 20 23 22 38 18 5 75 34 81 26 7 12 39 25 95 19 68 73 51 79
15 45 71 29 62 76 30 76 55 8 86 76 80 95 43 0 83 38 62 15 62 65 26 26 67 72 4 38 1 93
62 36 95 67 25 96 14 22 82 71 99 77 79 27 65 64 65 99 13 90 70 16 17 4 25 4 87 44 70 65
43 67 97 93 33 4 26 81 74 64 16 20 23 15 56 93 86 93 85 32 27 17 44 74 41 22 45 33 96 32
28 91 64 32 29 62 89 18 81 74 68 31 22 98 41 96 86 95 17 40 0 75 79 42 3 78 42 45 75 26
77 44 32 17 92 14 28 33 62 41 71 17 34 91 39 8 54 13 62 60 93 53 3 84 58 54 40 75 39 37
53 29 97 7 63 43 18 34 62 78 84 72 49 8 22 57 52 86 48 74 1 16 8 74 87 93 93 10 20 64

3995 697 5177 5351 3701 4164 4267 4675 3920 4809 4032 4544 5013 3104 2355 3903 1699 1249 1298 1309 3127 2119 4320 1838 4784 3201 3484 1304 5283 2196

3564 2537 2143 1839 3036 5081 2069 712 1233 2074 3651 5542 2667 2347 4627 652 2460 2531 5872 3477 3889 1565 5597 3735 3256 5205 4112 2773 4158 4077

19 14 19 25 22 19 18 10 12 21 23 10 11 20 29 19 21 25 25 21 14 25 24 15 16 13 15 24 10 15 27 19 25 12 14 13 10 19 10 12 26 22 18 18 15 11 13 17 29 21 18 19 14 17 18 28 13 27 17 26

131 95 100 43 97 29 160 75 76 160 69 104 175 141 149 133 142 51 125 30 69 139 172 136 129 64 61 101 75 138
