60
30

46 45 71 97 12 37 37 73 38 24 85 14 56 11 10 6 89 62 57 25 95 34 22 85 20 14 60 99 39 41
94 37 19 19 26 63 42 42 0 66 77 99 56 40 77 26 94 64 56 21 21 92 54 37 43 48 7 30 60 95
83 14 37 15 34 53 72 24 89 4 4 11 93 69 98 63 52 42 20 27 44 47 98 26 13 1 4 6 44 58
26 5 5 8 12 69 80 48 93 33 41 33 28 69 47 88 26 63 36 40 39 53 76 86 23 71 80 18 18 47
99 71 97 75 52 65 83 60 58 45 20 73 75 56 69 8 62 4 53 99 20 73 75 54 82 28 77 0 50 99
21 66 99 39 12 29 9 93 87 2 81 29 37 58 54 18 52 98 22 54 93 12 32 56 26 94 6 1 91 17
2 73 73 62 33 20 7 71 95 68 31 63 72 25 72 31 24 80 23 17 71 69 55 20 35 74 63 97 1 79
44 54 3 84 58 39 52 66 16 85 68 33 0 67 65 4 3 64 21 21 52 44 15 73 48 22 28 80 31 38
31 76 63 74 3 94 83 4 66 22 73 35 18 99 50 92 5 75 57 59 63 37 33 66 21 81 80 96 46 91
48 46 73 50 24 68 42 84 77 70 48 23 10 63 74 43 10 71 48 92 9 48 56 40 82 72 15 99 56 0
60 94 6 8 12 0 51 58 41 48 95 56 31 99 55 93 1 9 85 91 60 50 82 92 93 61 41 58 87 28
81 71 77 43 69 63 46 66 17 96 13 3 14 83 8 69 39 26 97 10 50 95 20 86 49 84 51 46 73 24
86 59 58 28 40 57 77 6 82 33 42 62 51 77 34 79 33 48 87 47 99 25 56 80 17 81 29 43 92 62
65 73 21 76 87 68 27 24 41 86 42 26 97 68 37 20 79 74 24 38 26 15 79 0 27 97 49 55 91 21
68 90 28 15 64 55 69 66 54 0 46 7 53 13 99 53 39 97 96 6 56 39 79 74 43 47 59 52 29 74
53 98 13 27 96 63 48 65 2 81 71 6 52 28 59 5 15 89 10 90 58 16 67 39 68 43 37 49 24 7
76 42 80 83 49 92 27 36 64 66 81 47 64 31 89 61 9 53 60 75 90 0 57 49 56 19 13 25 39 52
65 77 24 9 86 17 82 16 2 57 68 10 1 81 57 31 65 76 69 52 96 40 4 43 11 56 81 55 36 1
65 72 99 32 17 64 33 68 7 51 25 53 74 44 57 78 7 31 58 94 11 38 36 43 63 53 63 91 64 11
51 29 66 90 17 98 8 42 33 37 3 64 24 58 57 2 40 13 9 21 21 93 20 91 39 75 64 81 76 15
86 45 77 51 30 57 84 54 63 16 45 51 33 41 51 8 56 16 40 42 93 59 79 5 93 32 15 52 90 96
39 92 89 9 26 86 80 88 37 35 58 4 77 69 51 82 80 45 67 6 45 99 27 70 33 17 35 23 19 24
11 85 62 91 76 44 13 34 75 68 87 29 80 65 84 80 92 8 10 16 49 85 44 99 11 47 54 71 65 70
59 68 81 48 82 87 11 85 48 74 11 47 19 81 28 1 72 0 79 55 62 71 22 61 21 34 84 48 90 61
11 21 87 92 41 8 56 57 20 60 41 64 19 43 91 89 10 55 94 78 22 77 82 67 66 30 60 80 21 1
59 40 13 65 6 34 19 0 66 85 88 87 0 44 65 42 34 6 47 14 51 91 15 44 38 65 23 83 44 88
31 0 55 13 21 35 67 60 26 79 18 59 63 77 32 31 53 96 53 41 70 4 93 45 39 45 21 29 95 2
53 94 60 5 45 40 97 5 68 67 62 18 40 71 52 34 42 23 22 25 27 54 20 98 19 77 61 84 48 30
46 62 68 8 91 46 69 35 12 90 58 81 10 4 85 19 24 54 33 98 46 16 7 65 50 6 76 54 33 84
56 41 0 29 65 23 40 16 40 69 51 50 33 60 43 44 27 5 9 24 8 13 37 22 19 44 24 83 58 71
94 85 10 44 42 63 21 13 62 79 44 66 7 86 37 87 16 61 66 35 98 25 67 5 41 66 60 18 16 28
10 54 68 44 93 20 19 14 10 28 47 65 44 4 86 39 63 80 72 95 24 21 42 28 8 91 41 35 3 69
13 77 23 58 66 34 16 60 37 26 6 99 20 71 71 17 3 96 52 82 39 4 48 79 53 98 29 67 56 84
94 32 11 13 39 68 84 46 11 57 64 34 79 39 43 61 33 94 87 83 95 70 32 63 6 30 7 92 26 9
40 38 52 99 17 59 47 99 4 89 34 8 30 66 1 37 13 67 12 78 74 70 29 46 51 63 92 98 36 58
92 72 83 85 68 14 50 81 83 96 95 89 64 17 24 43 38 65 65 86 61 65 13 69 42 47 81 14 21 15
36 38 21 93 13 83 9 78 40 86 34 32 12 88 5 91 98 75 59 73 66 85 7 9 65 33 68 35 96 41
33 15 64 64 3 86 91 57 14 45 25 24 34 11 93 46 83 42 63 67 27 90 23 96 52 17 1 58 91 4
53 89 91 37 37 62 27 46 16 97 96 25 59 87 66 66 65 40 47 87 92 15 8 27 78 20 70 51 1 84
44 77 97 18 83 25 33 49 82 47 22 63 40 81 2 11 62 61 40 65 71 47 18 9 62 72 6 25 8 26
59 89 5 8 56 7 16 30 92 35 54 43 79 80 7 34 29 70 0 89 17 31 51 49 36 29 51 95 22 44
89 14 78 98 5 78 48 49 26 3 12 22 27 70 93 42 28 55 23 84 9 71 78 68 8 24 2 47 33 43
74 79 7 41 73 74 21 1 74 57 69 3 56 4 86 39 8 8 12 73 79 14 66 61 94 21 85 6 32 30
66 46 48 99 29 87 70 24 79 19 22 62 25 94 45 68 10 44 99 7 37 72 3 63 96 40 20 53 49 37
4 34 6 12 64 41 98 88 4 98 52 2 66 8 98 42 62 91 82 58 82 33 57 88 12 75 71 19 99 45
91 62 56 10 6 28 79 7 29 34 23 87 63 53 64 61 15 21 52 44 78 33 7 48 98 14 34 40 14 40
57 94 24 29 87 98 20 62 87 68 10 68 85 24 84 3 64 1 26 6 18 91 76 3 59 80 62 97 7 85
96 74 9 15 85 94 58 32 0 61 16 62 2 90 60 86 33 12 96 26 6 80 27 86 52 78 59 27 21 38
82 83 34 21 53 39 36 15 90 40 93 51 31 93 42 55 28 90 80 71 77 51 52 30 5 76 78 50 67 51
22 94 18 48 96 12 76 15 61 56 64 38 49 39 33 34 38 70 80 96 40 99 12 10 85 46 39 1 29 91
74 83 86 76 89 37 98 7 48 10 66 86 24 38 14 12 57 23 72 0 17 7 78 48 89 52 50 23 79 93
73 52 12 22 8 49 75 47 4 95 27 7 84 77 74 43 33 34 77 67 1 62 53 67 8 96 84 44 13 63
34 74 80 64 45 31 53 33 70 18 25 95 57 6 68 8 79 46 49 53 1 40 52 28 12 62 90 52 59 70
66 71 74 62 18 36 74 43 64 4 80 35 24 58 66 25 98 60 65 36 4 92 74 82 29 27 29 22 36 56
59 31 24 55 30 64 53 59 38 58 54 91 18 22 10 61 69 98 73 22 18 91 38 57 76 1 7 40 49 17
4 76 19 47 26 32 95 80 50 3 10 41 11 80 12 45 40 13 68 79 18 84 86 83 90 32 23 73 36 4
29 61 0 11 57 51 31 19 22 4 70 17 98 27 96 8 98 14 20 52 50 36 83 43 78 75 97 83 67 39
39 10 37 10 81 87 78 98 26 41 25 19 76 30 49 17 44 70 26 81 5 47 87 56 38 1 64 23 95 51
97 10 12 5 51 60 50 64 74 58 19 27 79 3 27 51 42 79 62 14 53 40 99 93 38 43 80 63 74 76
17 63 36 62 24 89 62 51 59 28 21 17 41 9 20 25 81 69 96 47 33 43 49 26 53 19 49 16 25 40

86 55 50 76 0 98 41 85 70 83 1 15 52 12 17 44 26 50 91 72 13 31 0 86 72 88 66 13 99 89
26 98 60 7 43 52 18 47 86 64 40 22 67 65 3 47 27 94 15 90 2 88 40 93 99 25 87 73 82 68
91 41 42 89 9 15 90 93 8 14 17 47 12 42 90 90 41 31 87 96 46 73 99 88 45 64 32 44 98 61
6 48 73 1 19 50 11 43 33 71 68 36 1 39 2 13 35 65 46 77 78 79 61 15 53 87 75 71 84 32
54 50 6 49 48 46 32 70 19 8 23 97 45 80 91 64 48 11 25 56 95 77 19 39 72 86 49 44 27 68
26 94 33 42 12 59 18 34 92 1 58 81 26 26 35 42 26 61 13 14 47 21 64 2 63 37 66 8 80 60
44 41 13 55 33 43 15 59 84 1 46 65 25 89 15 56 81 47 29 86 82 6 47 13 29 5 0 5 3 63
52 78 20 7 88 54 77 64 66 19 44 64 76 51 94 13 76 24 75 51 12 14 64 77 30 74 61 18 56 38
18 82 80 83 96 11 80 49 10 23 77 5 95 19 1 14 10 90 6 12 59 38 70 35 93 19 66 40 34 51
93 2 18 55 92 2 62 26 3 14 2 38 23 74 34 43 76 76 92 10 13 44 21 24 86 59 24 30 84 39
15 95 7 27 82 24 26 4 57 58 57 42 45 37 38 73 54 91 91 29 31 18 14 86 98 52 28 9 37 14
73 90 75 21 32 12 66 87 30 2 67 42 29 42 56 48 17 44 48 98 73 28 95 15 40 44 77 97 51 31
34 78 84 5 79 78 38 23 97 96 65 49 27 40 91 40 75 8 17 21 7 80 83 99 21 55 30 69 92 62
94 82 43 33 30 89 94 98 31 92 76 59 1 40 20 46 0 80 64 54 54 27 20 31 21 33 24 47 36 53
25 81 84 40 12 97 82 38 81 90 51 20 77 38 20 16 79 84 1 21 9 32 8 82 76 25 20 88 88 56
19 30 9 18 32 0 15 92 75 41 5 42 75 75 48 48 15 54 85 7 24 43 22 91 17 94 60 18 51 91
74 1 54 77 22 64 37 73 49 43 3 79 24 24 17 90 10 61 89 80 66 98 84 40 35 83 81 66 58 42
20 35 14 54 24 12 92 42 82 88 34 82 21 24 99 85 27 68 58 2 57 56 99 68 85 24 5 67 61 91
52 12 69 79 16 45 24 97 97 5 37 90 13 43 47 42 86 52 88 77 60 53 44 90 10 59 12 25 13 7
80 56 24 20 76 52 58 55 60 34 62 34 58 42 53 68 57 90 41 35 22 53 59 48 86 32 74 44 40 90
62 69 19 40 55 39 55 48 94 23 49 68 59 41 87 25 45 1 91 17 20 20 86 0 68 78 32 72 13 24
30 81 78 25 24 12 22 23 56 29 51 40 19 88 10 67 51 36 2 92 46 66 73 75 73 87 76 86 39 45
97 30 25 81 14 54 99 37 3 2 64 24 29 55 8 23 86 83 64 90 63 95 84 70 54 47 12 54 45 72
76 25 48 23 58 88 43 37 9 68 73 89 2 29 2 67 67 44 6 90 25 18 87 69 26 56 10 63 66 4
11 90 24 31 32 92 47 16 61 59 81 53 6 77 27 8 16 34 55 65 37 18 19 70 58 78 54 41 90 30
38 10 82 49 74 22 67 59 94 98 91 13 3 31 74 35 33 90 93 66 45 43 94 27 19 11 86 90 10 36
42 33 63 10 41 12 28 2 16 74 89 85 76 93 23 35 48 15 49 75 25 30 19 77 42 7 82 25 99 79
99 44 8 39 15 11 43 97 99 15 93 14 7 42 85 0 51 87 96 48 41 27 82 45 71 6 92 77 50 13
54 22 86 60 34 92 1 87 17 77 10 47 60 91 10 55 8 40 57 4 88 44 10 78 2 86 4 13 6 86
53 92 27 2 97 70 60 19 66 79 66 78 97 26 27 43 45 24 60 22 72 93 87 94 94 28 1 84 34 24
94 13 5 96 20 5 18 55 28 25 90 94 65 84 5 25 52 38 44 68 79 61 89 56 60 66 66 42 67 22
88 5 12 66 9 79 58 24 98 85 75 92 90 7 65 30 91 57 43 75 28 22 27 75 61 85 69 11 35 56
59 40 2 66 68 84 51 9 90 55 44 24 38 87 18 61 87 9 24 76 56 81 0 40 88 89 2 64 74 58
47 69 14 32 25 58 16 34 4 73 86 0 26 28 54 53 62 66 29 66 80 80 93 15 51 92 71 31 87 70
37 15 82 50 39 46 15 75 58 14 27 75 43 63 76 44 56 14 46 97 60 3 50 10 7 63 60 64 8 34
52 73 14 71 58 33 15 85 44 53 48 51 64 35 78 57 85 14 77 73 31 0 23 74 35 46 99 43 87 62
55 37 95 33 64 94 28 23 97 6 91 70 83 1 47 91 33 95 4 69 47 13 11 84 35 90 46 14 19 1
83 6 88 82 73 4 40 32 81 88 14 24 48 46 14 52 92 99 74 99 47 33 95 96 20 29 85 16 4 80
63 14 81 36 12 16 4 32 96 13 41 64 67 4 19 44 37 19 2 30 90 92 90 25 51 66 25 79 37 72
44 52 79 88 2 8 52 92 69 55 85 43 69 57 31 69 18 68 97 50 65 76 93 5 66 52 38 45 30 48
29 31 10 80 59 59 53 94 55 65 8 2 56 10 63 37 56 95 68 65 87 18 56 42 19 70 72 15 83 33
74 15 70 22 56 59 49 92 27 86 96 98 24 96 59 81 55 43 62 14 5 24 51 30 35 52 26 27 65 9
9 13 33 27 44 30 50 22 38 82 1 90 70 56 78 51 40 2 13 81 47 11 77 76 79 20 48 47 99 20
64 18 36 46 19 98 9 93 67 47 66 54 40 32 95 10 94 74 46 98 42 22 77 27 40 95 9 53 29 86
42 95 47 20 84 73 80 11 95 3 96 54 23 63 95 53 16 36 56 63 20 76 83 8 97 58 63 96 29 24
94 45 84 7 54 85 73 14 98 12 6 8 37 4 44 93 1 13 97 13 11 10 5 20 12 45 22 54 26 37
76 57 49 15 80 12 86 75 18 69 94 19 19 11 97 2 15 57 80 87 30 27 64 97 43 97 41 7 40 19
18 18 33 5 84 8 6 72 4 44 35 19 22 13 87 68 0 92 70 0 42 70 26 67 82 1 72 50 19 37
16 13 42 81 33 52 74 49 60 55 33 39 38 23 74 46 32 92 75 64 90 95 79 72 22 27 95 87 30 5
30 43 84 49 8 10 58 10 81 84 67 32 54 98 39 20 77 34 53 49 67 48 5 44 72 21 79 6 90 17
54 65 95 0 54 97 41 32 37 24 54 74 72 80 14 53 48 29 95 63 22 60 27 16 95 80 87 61 80 7
18 43 78 14 68 53 10 81 74 16 49 64 27 97 47 78 17 25 74 49 26 82 82 1 22 83 88 66 75 56
30 39 90 7 36 15 43 11 7 77 53 71 19 34 18 49 85 13 29 31 25 59 5 13 52 2 27 6 58 94
74 84 62 15 78 46 59 13 48 51 76 20 32 53 23 66 35 43 2 75 79 77 6 15 4 40 24 48 27 85
30 85 9 43 28 52 16 90 78 29 46 19 20 96 81 55 85 20 68 10 40 58 55 63 23 57 30 17 63 80
20 60 77 91 88 46 6 73 96 58 20 66 38 26 16 48 75 15 75 88 95 97 61 64 6 82 76 1 24 64
7 92 15 16 20 92 7 23 96 4 73 63 14 7 58 51 14 73 4 13 16 91 80 68 53 95 42 16 69 45
67 70 67 34 31 77 28 1 49 24 22 78 64 11 83 14 80 41 37 22 67 70 74 80 72 6 28 61 35 42
99 66 72 88 30 8 98 12 19 56 79 14 31 30 44 98 52 27 10 8 83 2 75 51 68 35 7 8 18 75
16 28 66 19 91 41 55 74 57 31 60 28 52 74 95 3 52 14 44 70 92 35 22 73 51 62 62 66 7 92

3995 697 5177 5351 3701 4164 4267 4675 3920 4809 4032 4544 5013 3104 2355 3903 1699 1249 1298 1309 3127 2119 4320 1838 4784 3201 3484 1304 5283 2196

23124 12194 3202 18698 2329 8221 4785 18137 26796 17253 4135 26622 4849 25083 5550 27228 3082 19202 19263 23387 11663 16876 7697 5489 15034 23631 26610 14393 10587 17712

19 14 19 25 22 19 18 10 12 21 23 10 11 20 29 19 21 25 25 21 14 25 24 15 16 13 15 24 10 15 27 19 25 12 14 13 10 19 10 12 26 22 18 18 15 11 13 17 29 21 18 19 14 17 18 28 13 27 17 26

131 95 100 43 97 29 160 75 76 160 69 104 175 141 149 133 142 51 125 30 69 139 172 136 129 64 61 101 75 138
