60
30

46 45 71 97 12 37 37 73 38 24 85 14 56 11 10 6 89 62 57 25 95 34 22 85 20 14 60 99 39 41
94 37 19 19 26 63 42 42 0 66 77 99 56 40 77 26 94 64 56 21 21 92 54 37 43 48 7 30 60 95
83 14 37 15 34 53 72 24 89 4 4 11 93 69 98 63 52 42 20 27 44 47 98 26 13 1 4 6 44 58
26 5 5 8 12 69 80 48 93 33 41 33 28 69 47 88 26 63 36 40 39 53 76 86 23 71 80 18 18 47
99 71 97 75 52 65 83 60 58 45 20 73 75 56 69 8 62 4 53 99 20 73 75 54 82 28 77 0 50 99
21 66 99 39 12 29 9 93 87 2 81 29 37 58 54 18 52 98 22 54 93 12 32 56 26 94 6 1 91 17
2 73 73 62 33 20 7 71 95 68 31 63 72 25 72 31 24 80 23 17 71 69 55 20 35 74 63 97 1 79
44 54 3 84 58 39 52 66 16 85 68 33 0 67 65 4 3 64 21 21 52 44 15 73 48 22 28 80 31 38
31 76 63 74 3 94 83 4 66 22 73 35 18 99 50 92 5 75 57 59 63 37 33 66 21 81 80 96 46 91
48 46 73 50 24 68 42 84 77 70 48 23 10 63 74 43 10 71 48 92 9 48 56 40 82 72 15 99 56 0
60 94 6 8 12 0 51 58 41 48 95 56 31 99 55 93 1 9 85 91 60 50 82 92 93 61 41 58 87 28
81 71 77 43 69 63 46 66 17 96 13 3 14 83 8 69 39 26 97 10 50 95 20 86 49 84 51 46 73 24
86 59 58 28 40 57 77 6 82 33 42 62 51 77 34 79 33 48 87 47 99 25 56 80 17 81 29 43 92 62
65 73 21 76 87 68 27 24 41 86 42 26 97 68 37 20 79 74 24 38 26 15 79 0 27 97 49 55 91 21
68 90 28 15 64 55 69 66 54 0 46 7 53 13 99 53 39 97 96 6 56 39 79 74 43 47 59 52 29 74
53 98 13 27 96 63 48 65 2 81 71 6 52 28 59 5 15 89 10 90 58 16 67 39 68 43 37 49 24 7
76 42 80 83 49 92 27 36 64 66 81 47 64 31 89 61 9 53 60 75 90 0 57 49 56 19 13 25 39 52
65 77 24 9 86 17 82 16 2 57 68 10 1 81 57 31 65 76 69 52 96 40 4 43 11 56 81 55 36 1
65 72 99 32 17 64 33 68 7 51 25 53 74 44 57 78 7 31 58 94 11 38 36 43 63 53 63 91 64 11
51 29 66 90 17 98 8 42 33 37 3 64 24 58 57 2 40 13 9 21 21 93 20 91 39 75 64 81 76 15
86 45 77 51 30 57 84 54 63 16 45 51 33 41 51 8 56 16 40 42 93 59 79 5 93 32 15 52 90 96
39 92 89 9 26 86 80 88 37 35 58 4 77 69 51 82 80 45 67 6 45 99 27 70 33 17 35 23 19 24
11 85 62 91 76 44 13 34 75 68 87 29 80 65 84 80 92 8 10 16 49 85 44 99 11 47 54 71 65 70
59 68 81 48 82 87 11 85 48 74 11 47 19 81 28 1 72 0 79 55 62 71 22 61 21 34 84 48 90 61
11 21 87 92 41 8 56 57 20 60 41 64 19 43 91 89 10 55 94 78 22 77 82 67 66 30 60 80 21 1
59 40 13 65 6 34 19 0 66 85 88 87 0 44 65 42 34 6 47 14 51 91 15 44 38 65 23 83 44 88
31 0 55 13 21 35 67 60 26 79 18 59 63 77 32 31 53 96 53 41 70 4 93 45 39 45 21 29 95 2
53 94 60 5 45 40 97 5 68 67 62 18 40 71 52 34 42 23 22 25 27 54 20 98 19 77 61 84 48 30
46 62 68 8 91 46 69 35 12 90 58 81 10 4 85 19 24 54 33 98 46 16 7 65 50 6 76 54 33 84
56 41 0 29 65 23 40 16 40 69 51 50 33 60 43 44 27 5 9 24 8 13 37 22 19 44 24 83 58 71
94 85 10 44 42 63 21 13 62 79 44 66 7 86 37 87 16 61 66 35 98 25 67 5 41 66 60 18 16 28
10 54 68 44 93 20 19 14 10 28 47 65 44 4 86 39 63 80 72 95 24 21 42 28 8 91 41 35 3 69
13 77 23 58 66 34 16 60 37 26 6 99 20 71 71 17 3 96 52 82 39 4 48 79 53 98 29 67 56 84
94 32 11 13 39 68 84 46 11 57 64 34 79 39 43 61 33 94 87 83 95 70 32 63 6 30 7 92 26 9
40 38 52 99 17 59 47 99 4 89 34 8 30 66 1 37 13 67 12 78 74 70 29 46 51 63 92 98 36 58
92 72 83 85 68 14 50 81 83 96 95 89 64 17 24 43 38 65 65 86 61 65 13 69 42 47 81 14 21 15
36 38 21 93 13 83 9 78 40 86 34 32 12 88 5 91 98 75 59 73 66 85 7 9 65 33 68 35 96 41
33 15 64 64 3 86 91 57 14 45 25 24 34 11 93 46 83 42 63 67 27 90 23 96 52 17 1 58 91 4
53 89 91 37 37 62 27 46 16 97 96 25 59 87 66 66 65 40 47 87 92 15 8 27 78 20 70 51 1 84
44 77 97 18 83 25 33 49 82 47 22 63 40 81 2 11 62 61 40 65 71 47 18 9 62 72 6 25 8 26
59 89 5 8 56 7 16 30 92 35 54 43 79 80 7 34 29 70 0 89 17 31 51 49 36 29 51 95 22 44
89 14 78 98 5 78 48 49 26 3 12 22 27 70 93 42 28 55 23 84 9 71 78 68 8 24 2 47 33 43
74 79 7 41 73 74 21 1 74 57 69 3 56 4 86 39 8 8 12 73 79 14 66 61 94 21 85 6 32 30
66 46 48 99 29 87 70 24 79 19 22 62 25 94 45 68 10 44 99 7 37 72 3 63 96 40 20 53 49 37
4 34 6 12 64 41 98 88 4 98 52 2 66 8 98 42 62 91 82 58 82 33 57 88 12 75 71 19 99 45
91 62 56 10 6 28 79 7 29 34 23 87 63 53 64 61 15 21 52 44 78 33 7 48 98 14 34 40 14 40
57 94 24 29 87 98 20 62 87 68 10 68 85 24 84 3 64 1 26 6 18 91 76 3 59 80 62 97 7 85
96 74 9 15 85 94 58 32 0 61 16 62 2 90 60 86 33 12 96 26 6 80 27 86 52 78 59 27 21 38
82 83 34 21 53 39 36 15 90 40 93 51 31 93 42 55 28 90 80 71 77 51 52 30 5 76 78 50 67 51
22 94 18 48 96 12 76 15 61 56 64 38 49 39 33 34 38 70 80 96 40 99 12 10 85 46 39 1 29 91
74 83 86 76 89 37 98 7 48 10 66 86 24 38 14 12 57 23 72 0 17 7 78 48 89 52 50 23 79 93
73 52 12 22 8 49 75 47 4 95 27 7 84 77 74 43 33 34 77 67 1 62 53 67 8 96 84 44 13 63
34 74 80 64 45 31 53 33 70 18 25 95 57 6 68 8 79 46 49 53 1 40 52 28 12 62 90 52 59 70
66 71 74 62 18 36 74 43 64 4 80 35 24 58 66 25 98 60 65 36 4 92 74 82 29 27 29 22 36 56
59 31 24 55 30 64 53 59 38 58 54 91 18 22 10 61 69 98 73 22 18 91 38 57 76 1 7 40 49 17
4 76 19 47 26 32 95 80 50 3 10 41 11 80 12 45 40 13 68 79 18 84 86 83 90 32 23 73 36 4
29 61 0 11 57 51 31 19 22 4 70 17 98 27 96 8 98 14 20 52 50 36 83 43 78 75 97 83 67 39
39 10 37 10 81 87 78 98 26 41 25 19 76 30 49 17 44 70 26 81 5 47 87 56 38 1 64 23 95 51
97 10 12 5 51 60 50 64 74 58 19 27 79 3 27 51 42 79 62 14 53 40 99 93 38 43 80 63 74 76
17 63 36 62 24 89 62 51 59 28 21 17 41 9 20 25 81 69 96 47 33 43 49 26 53 19 49 16 25 40

21 32 13 4 10 55 14 99 39 48 58 1 11 2 94 5 26 74 7 54 33 37 96 1 31 60 0 18 32 66
28 66 38 39 64 77 72 65 40 55 62 31 11 53 95 23 67 16 46 77 71 81 90 8 8 75 42 84 72 58
52 46 52 93 98 88 63 55 29 25 53 89 33 47 81 2 76 11 37 33 0 35 61 40 91 86 67 7 53 74
93 42 51 9 36 36 3 67 18 1 39 85 21 89 63 64 71 90 67 67 64 41 0 37 64 89 90 62 10 15
64 78 21 83 16 68 82 87 23 17 47 19 7 22 98 56 88 57 45 51 80 69 41 90 31 25 79 31 94 52
61 37 95 46 76 86 32 19 27 5 6 35 78 59 87 43 28 11 66 5 28 12 25 77 2 99 50 99 14 7
54 5 28 25 93 35 38 51 85 34 47 17 72 70 50 10 82 87 35 91 78 90 8 93 9 28 12 52 88 12
89 5 74 97 6 51 24 4 49 66 56 67 52 16 13 28 15 3 42 20 33 51 30 1 29 4 40 42 75 3
51 72 36 52 2 35 77 3 82 20 11 15 26 51 86 64 96 70 33 13 66 38 20 61 51 30 1 50 22 15
29 71 17 41 96 20 37 56 5 85 82 52 88 72 74 99 32 89 61 11 77 56 2 69 81 12 93 75 91 25
59 26 50 43 38 36 23 19 26 26 45 21 63 75 3 4 78 3 9 87 21 20 30 91 46 68 88 8 30 37
31 18 53 32 49 73 38 30 79 5 64 41 35 50 86 68 43 69 15 35 69 20 64 21 86 18 42 21 95 74
64 23 10 9 4 69 71 82 17 49 40 75 95 27 99 28 38 15 53 18 58 47 3 18 50 93 51 80 84 43
47 49 15 44 81 69 11 55 1 59 46 74 91 67 12 38 48 30 27 6 40 96 82 71 36 78 12 70 41 63
14 81 70 91 29 17 55 64 71 86 56 58 72 41 29 63 54 61 78 47 87 32 73 37 56 18 29 63 59 41
82 94 19 8 80 75 77 62 7 49 81 37 91 4 12 41 62 86 11 9 71 87 74 93 80 70 52 78 82 7
69 48 13 42 40 29 77 93 50 5 70 74 33 65 96 85 60 19 7 2 21 27 96 75 66 92 52 13 37 23
25 6 98 88 83 18 63 78 47 53 66 76 41 80 21 4 99 60 80 76 94 18 68 89 7 55 68 34 39 80
79 2 31 28 74 15 50 77 23 19 61 83 63 10 75 99 36 70 61 52 13 66 63 85 89 99 44 86 4 34
53 74 42 45 2 4 96 35 88 15 2 47 80 25 4 45 90 57 67 58 81 53 71 98 67 94 65 90 32 45
26 7 66 91 91 62 82 35 39 11 76 70 35 83 45 40 77 27 64 72 2 42 93 22 41 36 66 81 27 25
85 27 6 75 13 21 87 42 47 89 52 58 8 22 0 81 88 7 91 4 36 53 27 77 67 85 81 0 34 20
56 98 0 42 40 65 89 44 90 55 10 99 56 47 86 95 28 24 23 20 79 30 7 2 27 95 9 34 24 62
56 32 79 30 60 21 50 7 48 33 61 48 20 68 44 5 27 51 94 24 54 91 99 62 36 13 86 11 62 30
78 52 25 76 73 74 36 8 78 37 7 53 56 50 63 64 86 12 55 0 25 23 68 50 31 65 47 73 84 18
4 1 22 51 49 57 63 12 84 67 92 95 43 62 31 70 60 24 23 4 7 89 96 93 38 44 77 5 22 59
2 88 47 40 9 98 43 18 23 55 45 77 81 26 96 10 40 95 66 50 70 69 29 11 28 35 24 36 66 55
5 43 19 74 43 11 66 84 36 49 74 44 46 37 61 79 64 37 37 92 76 13 16 53 81 98 93 81 72 8
49 91 1 88 11 9 78 42 94 56 67 77 86 51 2 60 67 10 7 78 72 8 18 52 22 55 31 27 11 90
13 56 98 97 75 47 54 5 72 30 65 17 85 76 79 76 11 79 61 77 47 59 94 71 57 69 23 29 60 15
48 54 65 98 11 56 55 70 22 53 83 37 27 22 51 59 19 50 60 42 28 43 66 98 53 87 93 39 30 83
59 22 23 92 32 65 10 62 27 94 86 23 6 94 1 82 36 82 22 31 19 16 73 78 6 6 94 41 64 99
22 82 29 51 99 55 1 8 39 10 40 52 18 69 70 99 80 63 23 44 53 11 46 84 30 53 73 86 62 1
40 56 58 42 85 47 90 22 50 92 65 99 4 67 86 19 40 18 32 86 6 85 23 8 84 47 52 48 30 32
1 11 32 85 64 36 49 95 58 3 38 3 80 35 89 56 59 85 18 81 97 24 88 89 93 72 62 21 16 45
3 31 52 96 84 24 45 92 56 25 12 35 13 41 98 29 26 26 2 57 41 90 90 9 86 79 74 81 96 43
25 30 81 62 56 62 75 83 75 93 53 8 11 88 9 25 57 94 8 78 80 4 83 9 99 25 24 23 22 44
87 64 3 95 9 98 51 93 22 37 5 74 96 56 63 61 44 91 19 50 88 4 55 76 52 73 84 10 41 30
44 98 21 54 99 37 97 1 75 53 78 28 57 27 53 26 22 80 24 91 69 20 80 89 89 1 94 83 80 58
85 53 95 12 71 98 84 58 15 28 63 87 30 65 28 98 2 15 94 4 38 96 15 33 59 10 42 90 91 7
95 18 15 84 78 84 97 1 52 63 92 26 48 18 3 25 87 89 33 63 29 20 64 93 90 22 61 36 71 29
58 80 11 94 0 59 44 39 43 84 24 62 22 36 64 49 57 52 77 54 46 51 28 45 66 86 47 26 84 28
34 89 50 5 83 42 22 57 93 36 40 84 40 71 55 89 41 64 87 58 15 4 53 4 42 25 90 98 67 86
84 40 86 15 55 51 38 75 73 97 74 60 4 56 67 10 5 11 8 25 26 19 91 3 76 88 68 38 73 65
50 51 81 17 79 37 98 56 79 62 55 43 83 28 38 74 92 4 47 19 94 74 41 83 68 72 48 13 51 89
35 46 23 71 55 97 66 60 40 22 80 22 82 99 66 87 32 26 28 81 16 20 24 35 37 61 84 84 14 27
86 14 81 12 35 5 46 11 98 73 77 22 91 34 79 11 17 10 58 20 12 77 8 17 22 7 53 33 48 69
29 25 16 79 6 55 59 13 56 79 23 42 43 94 33 28 81 69 78 5 79 79 2 29 80 2 13 74 64 46
45 10 59 41 33 78 86 82 89 60 47 18 88 12 6 43 2 91 35 4 39 5 39 45 80 81 50 61 17 96
83 15 31 45 80 54 76 36 88 17 45 19 44 33 39 11 71 42 66 62 99 89 40 76 72 76 54 81 97 72
55 14 56 21 38 68 82 81 34 9 60 2 71 64 30 23 21 44 77 32 69 39 41 40 67 12 95 47 51 82
62 4 44 48 68 12 69 25 62 85 44 80 38 98 32 76 52 79 75 96 2 19 26 69 41 14 58 37 13 51
26 41 44 21 2 99 37 4 2 20 31 70 89 63 46 79 18 39 14 84 43 32 58 78 26 59 88 12 95 5
16 98 54 21 7 74 43 47 20 81 88 10 9 82 5 1 92 39 41 43 85 14 65 97 93 50 32 67 84 75
13 98 80 15 36 88 71 13 82 52 7 91 51 6 29 8 73 69 68 90 40 81 93 36 77 16 92 44 80 8
41 88 92 31 67 47 94 13 22 74 30 52 25 54 89 75 32 80 23 68 56 59 73 54 26 10 17 93 74 36
79 50 82 78 62 46 25 54 76 74 4 89 99 66 39 52 74 37 73 70 35 32 21 90 24 64 36 87 19 11
96 70 13 18 42 13 1 16 88 16 51 51 23 80 96 94 46 38 49 70 16 93 36 24 15 47 99 19 32 12
16 33 50 54 38 88 65 3 35 42 76 29 13 29 44 63 29 13 82 31 34 2 36 6 1 34 75 9 30 33
88 21 41 5 65 67 84 94 7 3 40 57 93 4 78 99 95 46 5 82 18 16 20 20 21 7 55 84 27 72

3995 697 5177 5351 3701 4164 4267 4675 3920 4809 4032 4544 5013 3104 2355 3903 1699 1249 1298 1309 3127 2119 4320 1838 4784 3201 3484 1304 5283 2196

2163 2086 3236 5657 6447 4360 5603 3160 5786 6587 1855 2938 6662 6111 1382 6377 6567 3486 1902 2240 5892 5898 3842 4734 5671 1204 1414 3213 6788 2822

19 14 19 25 22 19 18 10 12 21 23 10 11 20 29 19 21 25 25 21 14 25 24 15 16 13 15 24 10 15 27 19 25 12 14 13 10 19 10 12 26 22 18 18 15 11 13 17 29 21 18 19 14 17 18 28 13 27 17 26

131 95 100 43 97 29 160 75 76 160 69 104 175 141 149 133 142 51 125 30 69 139 172 136 129 64 61 101 75 138
