60
30

46 45 71 97 12 37 37 73 38 24 85 14 56 11 10 6 89 62 57 25 95 34 22 85 20 14 60 99 39 41
94 37 19 19 26 63 42 42 0 66 77 99 56 40 77 26 94 64 56 21 21 92 54 37 43 48 7 30 60 95
83 14 37 15 34 53 72 24 89 4 4 11 93 69 98 63 52 42 20 27 44 47 98 26 13 1 4 6 44 58
26 5 5 8 12 69 80 48 93 33 41 33 28 69 47 88 26 63 36 40 39 53 76 86 23 71 80 18 18 47
99 71 97 75 52 65 83 60 58 45 20 73 75 56 69 8 62 4 53 99 20 73 75 54 82 28 77 0 50 99
21 66 99 39 12 29 9 93 87 2 81 29 37 58 54 18 52 98 22 54 93 12 32 56 26 94 6 1 91 17
2 73 73 62 33 20 7 71 95 68 31 63 72 25 72 31 24 80 23 17 71 69 55 20 35 74 63 97 1 79
44 54 3 84 58 39 52 66 16 85 68 33 0 67 65 4 3 64 21 21 52 44 15 73 48 22 28 80 31 38
31 76 63 74 3 94 83 4 66 22 73 35 18 99 50 92 5 75 57 59 63 37 33 66 21 81 80 96 46 91
48 46 73 50 24 68 42 84 77 70 48 23 10 63 74 43 10 71 48 92 9 48 56 40 82 72 15 99 56 0
60 94 6 8 12 0 51 58 41 48 95 56 31 99 55 93 1 9 85 91 60 50 82 92 93 61 41 58 87 28
81 71 77 43 69 63 46 66 17 96 13 3 14 83 8 69 39 26 97 10 50 95 20 86 49 84 51 46 73 24
86 59 58 28 40 57 77 6 82 33 42 62 51 77 34 79 33 48 87 47 99 25 56 80 17 81 29 43 92 62
65 73 21 76 87 68 27 24 41 86 42 26 97 68 37 20 79 74 24 38 26 15 79 0 27 97 49 55 91 21
68 90 28 15 64 55 69 66 54 0 46 7 53 13 99 53 39 97 96 6 56 39 79 74 43 47 59 52 29 74
53 98 13 27 96 63 48 65 2 81 71 6 52 28 59 5 15 89 10 90 58 16 67 39 68 43 37 49 24 7
76 42 80 83 49 92 27 36 64 66 81 47 64 31 89 61 9 53 60 75 90 0 57 49 56 19 13 25 39 52
65 77 24 9 86 17 82 16 2 57 68 10 1 81 57 31 65 76 69 52 96 40 4 43 11 56 81 55 36 1
65 72 99 32 17 64 33 68 7 51 25 53 74 44 57 78 7 31 58 94 11 38 36 43 63 53 63 91 64 11
51 29 66 90 17 98 8 42 33 37 3 64 24 58 57 2 40 13 9 21 21 93 20 91 39 75 64 81 76 15
86 45 77 51 30 57 84 54 63 16 45 51 33 41 51 8 56 16 40 42 93 59 79 5 93 32 15 52 90 96
39 92 89 9 26 86 80 88 37 35 58 4 77 69 51 82 80 45 67 6 45 99 27 70 33 17 35 23 19 24
11 85 62 91 76 44 13 34 75 68 87 29 80 65 84 80 92 8 10 16 49 85 44 99 11 47 54 71 65 70
59 68 81 48 82 87 11 85 48 74 11 47 19 81 28 1 72 0 79 55 62 71 22 61 21 34 84 48 90 61
11 21 87 92 41 8 56 57 20 60 41 64 19 43 91 89 10 55 94 78 22 77 82 67 66 30 60 80 21 1
59 40 13 65 6 34 19 0 66 85 88 87 0 44 65 42 34 6 47 14 51 91 15 44 38 65 23 83 44 88
31 0 55 13 21 35 67 60 26 79 18 59 63 77 32 31 53 96 53 41 70 4 93 45 39 45 21 29 95 2
53 94 60 5 45 40 97 5 68 67 62 18 40 71 52 34 42 23 22 25 27 54 20 98 19 77 61 84 48 30
46 62 68 8 91 46 69 35 12 90 58 81 10 4 85 19 24 54 33 98 46 16 7 65 50 6 76 54 33 84
56 41 0 29 65 23 40 16 40 69 51 50 33 60 43 44 27 5 9 24 8 13 37 22 19 44 24 83 58 71
94 85 10 44 42 63 21 13 62 79 44 66 7 86 37 87 16 61 66 35 98 25 67 5 41 66 60 18 16 28
10 54 68 44 93 20 19 14 10 28 47 65 44 4 86 39 63 80 72 95 24 21 42 28 8 91 41 35 3 69
13 77 23 58 66 34 16 60 37 26 6 99 20 71 71 17 3 96 52 82 39 4 48 79 53 98 29 67 56 84
94 32 11 13 39 68 84 46 11 57 64 34 79 39 43 61 33 94 87 83 95 70 32 63 6 30 7 92 26 9
40 38 52 99 17 59 47 99 4 89 34 8 30 66 1 37 13 67 12 78 74 70 29 46 51 63 92 98 36 58
92 72 83 85 68 14 50 81 83 96 95 89 64 17 24 43 38 65 65 86 61 65 13 69 42 47 81 14 21 15
36 38 21 93 13 83 9 78 40 86 34 32 12 88 5 91 98 75 59 73 66 85 7 9 65 33 68 35 96 41
33 15 64 64 3 86 91 57 14 45 25 24 34 11 93 46 83 42 63 67 27 90 23 96 52 17 1 58 91 4
53 89 91 37 37 62 27 46 16 97 96 25 59 87 66 66 65 40 47 87 92 15 8 27 78 20 70 51 1 84
44 77 97 18 83 25 33 49 82 47 22 63 40 81 2 11 62 61 40 65 71 47 18 9 62 72 6 25 8 26
59 89 5 8 56 7 16 30 92 35 54 43 79 80 7 34 29 70 0 89 17 31 51 49 36 29 51 95 22 44
89 14 78 98 5 78 48 49 26 3 12 22 27 70 93 42 28 55 23 84 9 71 78 68 8 24 2 47 33 43
74 79 7 41 73 74 21 1 74 57 69 3 56 4 86 39 8 8 12 73 79 14 66 61 94 21 85 6 32 30
66 46 48 99 29 87 70 24 79 19 22 62 25 94 45 68 10 44 99 7 37 72 3 63 96 40 20 53 49 37
4 34 6 12 64 41 98 88 4 98 52 2 66 8 98 42 62 91 82 58 82 33 57 88 12 75 71 19 99 45
91 62 56 10 6 28 79 7 29 34 23 87 63 53 64 61 15 21 52 44 78 33 7 48 98 14 34 40 14 40
57 94 24 29 87 98 20 62 87 68 10 68 85 24 84 3 64 1 26 6 18 91 76 3 59 80 62 97 7 85
96 74 9 15 85 94 58 32 0 61 16 62 2 90 60 86 33 12 96 26 6 80 27 86 52 78 59 27 21 38
82 83 34 21 53 39 36 15 90 40 93 51 31 93 42 55 28 90 80 71 77 51 52 30 5 76 78 50 67 51
22 94 18 48 96 12 76 15 61 56 64 38 49 39 33 34 38 70 80 96 40 99 12 10 85 46 39 1 29 91
74 83 86 76 89 37 98 7 48 10 66 86 24 38 14 12 57 23 72 0 17 7 78 48 89 52 50 23 79 93
73 52 12 22 8 49 75 47 4 95 27 7 84 77 74 43 33 34 77 67 1 62 53 67 8 96 84 44 13 63
34 74 80 64 45 31 53 33 70 18 25 95 57 6 68 8 79 46 49 53 1 40 52 28 12 62 90 52 59 70
66 71 74 62 18 36 74 43 64 4 80 35 24 58 66 25 98 60 65 36 4 92 74 82 29 27 29 22 36 56
59 31 24 55 30 64 53 59 38 58 54 91 18 22 10 61 69 98 73 22 18 91 38 57 76 1 7 40 49 17
4 76 19 47 26 32 95 80 50 3 10 41 11 80 12 45 40 13 68 79 18 84 86 83 90 32 23 73 36 4
29 61 0 11 57 51 31 19 22 4 70 17 98 27 96 8 98 14 20 52 50 36 83 43 78 75 97 83 67 39
39 10 37 10 81 87 78 98 26 41 25 19 76 30 49 17 44 70 26 81 5 47 87 56 38 1 64 23 95 51
97 10 12 5 51 60 50 64 74 58 19 27 79 3 27 51 42 79 62 14 53 40 99 93 38 43 80 63 74 76
17 63 36 62 24 89 62 51 59 28 21 17 41 9 20 25 81 69 96 47 33 43 49 26 53 19 49 16 25 40

59 99 73 20 21 62 2 11 63 53 14 82 29 18 32 46 46 69 86 4 71 56 70 69 81 99 19 2 5 70
47 81 59 40 15 67 13 40 32 29 7 92 12 66 98 17 36 12 1 25 87 19 62 32 67 66 70 75 5 30
90 18 22 10 96 53 10 2 15 60 30 65 11 71 62 13 90 52 30 40 81 93 14 58 42 83 0 90 87 99
39 69 30 36 25 33 2 70 94 96 84 9 16 53 57 93 33 56 56 48 61 51 5 84 58 62 43 12 29 83
77 25 21 3 25 42 19 56 32 29 64 9 78 55 42 96 98 17 6 76 95 64 58 82 13 13 71 63 96 4
51 58 55 64 62 54 24 81 52 0 64 73 77 94 50 47 96 63 63 54 74 91 58 86 38 89 73 0 67 85
30 19 97 93 12 81 84 89 26 30 58 4 1 50 53 98 55 12 4 91 55 71 38 65 39 30 4 45 72 70
21 46 72 1 35 32 10 95 22 18 76 96 59 24 68 11 71 59 45 58 26 85 48 91 13 1 85 42 44 38
23 51 67 54 50 72 69 89 88 81 19 90 69 13 60 32 15 12 72 5 69 70 60 16 91 91 24 48 89 98
33 75 61 79 1 10 87 34 39 43 55 68 31 98 48 49 55 21 13 16 58 60 78 17 38 21 6 1 6 93
93 2 31 81 47 91 81 9 6 67 20 42 95 39 23 78 4 97 22 96 59 89 90 38 17 44 28 7 89 8
5 68 88 91 86 97 62 32 26 34 30 34 24 99 65 32 72 7 77 83 25 82 72 0 94 46 33 77 35 46
8 51 80 46 14 28 28 81 12 48 13 64 78 76 98 96 97 41 67 5 55 61 14 23 95 26 52 82 70 22
1 79 5 28 98 43 57 8 76 8 27 94 82 69 68 11 27 82 93 13 6 32 75 15 26 76 94 46 12 37
70 64 0 12 98 87 39 17 54 56 35 72 60 26 36 10 17 42 28 72 32 50 0 93 22 59 82 18 58 46
78 94 75 69 46 20 74 33 94 68 88 24 95 81 87 7 34 43 40 48 59 49 64 10 69 34 30 38 92 42
1 15 18 29 24 81 87 45 96 26 63 37 93 96 31 64 8 3 1 12 51 88 9 63 14 5 45 43 81 23
48 60 59 47 61 9 54 25 6 94 1 79 59 9 50 86 5 64 46 86 20 58 63 2 6 33 80 1 70 51
5 18 31 99 93 41 95 94 2 4 26 45 99 62 4 11 89 36 67 44 48 32 35 11 85 8 14 41 33 18
98 29 80 57 7 4 84 0 70 36 4 3 0 40 72 99 34 11 87 19 48 81 85 22 52 93 27 6 32 41
17 33 93 94 36 0 28 38 41 33 99 78 91 85 23 89 76 66 93 20 71 36 70 71 48 42 38 21 95 74
94 50 52 77 32 1 46 40 31 79 94 53 52 58 95 93 20 71 42 98 36 91 17 21 38 28 56 82 20 1
97 69 72 55 28 34 0 51 36 0 40 25 96 77 62 3 48 51 58 28 72 81 32 20 47 33 44 82 50 36
85 32 35 30 72 9 10 44 96 84 78 29 65 89 24 28 24 35 76 60 34 75 44 58 57 43 34 65 65 80
91 6 85 8 14 74 37 33 38 3 26 83 93 10 1 2 80 32 92 65 8 4 86 88 8 26 0 41 98 38
65 86 69 93 28 10 33 98 47 14 22 59 10 76 50 53 30 13 86 21 82 0 68 43 85 16 87 36 62 35
7 2 93 83 94 9 87 17 93 79 15 6 48 15 80 28 68 98 19 86 91 32 70 36 81 20 39 70 79 95
52 90 78 37 85 69 0 66 92 95 92 73 93 33 76 32 74 52 14 16 22 5 65 6 94 63 68 56 91 33
53 63 93 11 79 53 62 61 44 84 38 6 26 17 67 84 37 22 47 98 0 7 79 69 3 88 53 61 50 52
21 50 55 57 16 47 21 91 32 92 8 84 78 2 90 26 60 13 36 52 60 62 92 99 13 95 22 29 6 6
47 89 45 39 0 46 65 88 69 19 87 12 96 95 27 28 77 96 30 46 54 47 87 79 1 53 37 17 64 84
73 63 76 26 13 80 81 56 95 67 32 37 8 89 36 49 61 21 79 2 72 73 41 83 14 30 87 58 48 86
93 13 36 90 53 5 13 23 61 66 71 60 70 73 58 9 79 84 16 10 87 99 15 52 26 92 37 34 58 31
29 71 97 80 37 37 92 45 70 84 78 11 70 83 92 86 90 72 1 41 92 16 89 22 27 8 6 61 61 56
72 21 49 58 89 54 79 47 6 45 41 48 43 80 77 95 52 64 40 99 99 67 45 54 72 85 9 33 55 31
5 0 33 6 62 50 2 10 27 55 7 85 22 65 40 17 92 98 56 24 30 26 95 13 96 30 21 81 0 87
19 99 96 14 97 94 11 66 95 25 5 88 4 22 44 54 28 19 24 36 58 14 71 6 34 35 26 40 22 86
74 97 17 16 76 88 65 22 21 44 50 84 99 64 6 97 75 99 38 42 92 95 58 12 56 11 85 93 75 75
55 51 41 56 43 86 94 54 87 57 5 38 73 74 58 95 19 27 17 53 76 91 28 2 6 24 67 28 39 53
47 18 2 10 46 26 64 70 11 86 64 95 62 20 91 87 87 84 49 9 9 35 18 30 73 29 2 87 70 62
13 84 5 43 42 76 72 34 19 84 1 0 43 64 77 78 58 21 57 28 98 22 27 34 17 76 81 86 91 66
18 37 44 62 72 18 54 41 37 77 22 96 45 56 19 20 21 19 48 78 96 13 68 23 80 2 99 0 14 30
69 59 50 91 96 65 35 99 12 77 94 16 60 30 39 53 38 47 49 66 61 65 97 20 61 49 16 61 61 30
48 56 80 90 89 81 54 79 39 40 92 37 33 82 93 67 88 34 93 62 5 60 19 92 9 21 75 16 18 99
76 47 69 5 16 15 46 82 27 90 91 83 67 51 80 72 55 39 8 85 24 9 16 57 68 77 47 80 7 20
3 72 90 87 72 56 18 20 18 85 47 94 60 64 8 30 96 49 53 34 25 33 22 64 98 32 77 39 83 55
52 38 28 2 20 39 66 34 75 17 87 97 72 87 75 10 85 67 79 46 67 96 78 47 24 31 50 78 40 5
52 93 6 26 81 81 61 51 69 3 23 53 22 44 79 73 25 41 66 30 63 61 53 23 16 40 19 44 58 3
72 3 49 36 60 18 90 64 77 21 9 73 50 0 76 70 73 59 62 70 18 71 16 59 37 66 98 64 40 68
95 34 12 70 31 17 5 30 18 76 7 5 29 92 89 64 89 33 80 57 96 0 7 19 45 74 20 33 95 16
71 95 20 15 25 45 14 61 32 57 61 9 65 12 78 52 24 76 88 11 49 84 2 28 97 84 90 6 77 86
90 35 45 49 74 5 96 71 78 86 27 73 55 22 36 5 19 89 85 1 84 99 53 62 12 43 48 55 29 21
56 41 74 0 41 83 90 84 36 98 61 1 78 32 70 40 81 5 25 78 52 31 76 8 90 17 21 25 22 1
74 55 78 69 52 34 89 80 83 45 78 79 64 9 68 68 12 56 31 83 81 39 53 88 48 66 78 80 85 47
78 71 76 9 37 96 37 2 66 52 54 2 78 72 46 2 81 95 23 31 94 69 81 32 65 26 69 19 63 85
20 75 72 93 19 53 2 2 56 10 98 41 91 83 17 41 32 69 0 5 81 92 50 45 31 60 13 25 95 30
11 75 4 65 62 75 24 21 14 23 44 9 59 18 69 35 99 53 2 87 3 72 0 34 51 49 48 68 71 97
67 80 12 93 75 69 1 5 48 18 89 49 50 90 71 86 46 23 51 80 1 26 69 48 30 19 24 73 59 44
59 84 14 66 80 89 32 26 42 51 83 14 14 23 30 85 6 75 69 26 23 99 35 50 75 66 57 76 70 64
5 18 49 56 48 2 53 17 36 71 36 59 60 46 52 47 56 71 84 46 68 44 89 92 67 14 98 37 2 0

3995 697 5177 5351 3701 4164 4267 4675 3920 4809 4032 4544 5013 3104 2355 3903 1699 1249 1298 1309 3127 2119 4320 1838 4784 3201 3484 1304 5283 2196

2485 8894 8200 3083 6913 5180 7629 2241 2487 7205 8253 6519 6789 4929 3503 3423 8441 7265 4647 4452 8799 3574 6020 7494 9290 5673 3637 2263 3658 6815

19 14 19 25 22 19 18 10 12 21 23 10 11 20 29 19 21 25 25 21 14 25 24 15 16 13 15 24 10 15 27 19 25 12 14 13 10 19 10 12 26 22 18 18 15 11 13 17 29 21 18 19 14 17 18 28 13 27 17 26

131 95 100 43 97 29 160 75 76 160 69 104 175 141 149 133 142 51 125 30 69 139 172 136 129 64 61 101 75 138
