60
30

45 33 68 57 41 76 51 21 13 56 80 74 86 86 70 29 4 8 37 11 93 77 44 17 96 50 27 19 78 87
52 11 31 42 51 69 20 3 35 60 50 10 87 17 47 47 76 85 76 0 47 83 57 31 83 47 30 89 33 55
93 82 65 31 7 67 80 4 53 34 99 46 77 93 1 26 51 90 92 55 50 12 17 99 17 52 42 7 66 49
88 54 40 21 78 6 38 63 31 73 60 63 14 83 44 76 42 3 0 46 80 97 49 70 96 85 39 46 54 50
82 49 59 6 38 22 89 23 52 77 78 69 0 55 29 26 11 74 76 78 77 65 23 76 54 91 32 49 23 85
30 86 70 50 63 33 91 16 20 72 36 49 93 62 66 41 65 85 49 42 19 10 54 12 30 60 7 86 71 75
6 8 52 77 33 52 65 83 86 53 13 49 39 9 46 4 87 18 14 28 42 80 35 89 90 72 31 22 14 59
59 31 61 20 74 41 82 1 77 37 0 1 38 56 70 83 7 25 30 50 45 73 83 28 38 35 26 43 80 40
40 3 38 61 95 97 26 52 43 83 62 3 94 42 85 96 99 85 44 36 95 71 97 97 76 67 87 96 93 45
56 95 9 6 51 91 54 77 11 36 50 27 30 20 15 79 68 80 58 24 21 27 21 80 86 28 36 25 92 52
4 13 60 77 8 46 38 25 17 71 4 76 48 5 40 58 96 30 27 22 39 0 5 67 79 42 99 52 89 67
10 11 63 97 17 75 87 97 37 49 2 52 55 9 95 29 98 13 56 30 22 41 95 6 57 6 81 92 98 7
74 2 49 11 54 68 74 87 52 20 86 27 59 62 87 25 57 55 59 15 1 34 38 61 40 26 39 74 70 32
16 86 38 83 63 20 52 11 5 14 75 73 19 2 78 12 97 71 15 80 28 21 20 9 85 12 50 38 11 78
28 27 61 40 39 3 54 35 15 31 3 61 84 2 72 98 83 79 52 49 56 45 58 18 91 45 93 25 61 10
30 8 72 16 16 70 49 98 75 84 88 49 88 41 73 48 76 19 33 5 98 12 83 30 48 23 77 45 17 39
69 4 55 32 55 98 35 35 48 46 25 23 2 2 0 66 93 44 62 48 24 2 50 72 5 61 48 83 26 30
38 97 32 73 38 97 66 45 47 47 27 67 53 39 73 46 7 59 57 13 60 47 89 49 99 93 46 4 56 75
72 41 56 46 69 63 35 31 30 93 52 73 91 24 55 48 4 52 96 42 41 73 97 59 96 90 8 96 38 67
18 4 38 32 97 37 61 12 97 42 8 47 27 36 52 21 78 96 84 12 80 46 78 33 0 6 47 39 14 53
27 0 28 6 29 77 11 28 47 49 75 16 96 77 19 11 35 6 14 59 86 30 94 5 66 94 92 90 83 75
27 95 66 98 29 47 37 66 69 80 29 97 16 20 27 21 52 31 76 66 6 42 73 32 99 57 62 48 98 92
80 45 31 4 23 94 13 21 41 7 68 59 70 70 69 1 71 86 20 80 21 33 45 80 89 59 75 46 83 82
38 73 49 64 83 20 74 67 19 55 6 24 27 35 94 75 80 84 30 44 92 1 28 82 69 38 68 69 30 20
8 74 33 75 38 12 14 35 8 36 36 1 81 60 88 85 84 10 91 75 47 36 11 87 65 26 66 10 26 36
93 31 78 92 0 17 29 39 28 96 22 61 1 45 3 74 19 88 87 68 47 59 97 68 93 90 13 25 73 20
70 55 17 37 93 99 57 0 44 60 3 7 28 48 98 1 94 41 8 29 9 29 87 2 92 14 26 13 60 77
72 22 89 35 78 0 16 50 19 4 36 58 89 24 45 42 61 11 62 56 69 97 16 71 52 48 82 17 74 17
8 26 98 0 58 3 75 88 68 90 99 89 97 83 11 59 6 32 73 50 1 29 37 87 37 60 78 22 50 84
73 15 70 55 31 66 40 4 33 71 34 59 9 94 55 53 67 78 53 47 63 19 91 87 74 97 62 57 4 27
17 93 31 77 69 90 1 63 83 98 98 25 58 87 61 37 73 52 27 3 40 61 10 53 98 77 63 32 40 13
62 49 38 86 33 25 38 2 86 64 20 64 40 33 46 97 63 18 49 31 38 9 31 88 43 12 74 60 9 99
82 71 87 49 6 73 35 38 23 0 13 71 72 99 52 78 64 4 22 15 19 10 16 28 2 86 36 90 57 16
45 11 61 70 11 72 49 31 66 48 80 37 56 16 45 15 52 52 40 16 45 85 54 75 54 43 39 52 14 8
70 41 22 86 9 36 62 41 31 6 29 44 75 9 40 60 29 43 80 49 61 33 35 68 61 79 16 95 40 30
49 17 23 49 19 46 20 91 70 57 51 10 3 67 86 53 36 95 3 30 99 70 78 45 96 79 82 43 41 79
12 1 63 99 11 71 36 19 48 47 61 3 46 20 35 15 3 49 63 41 29 40 97 18 1 37 28 16 96 53
41 44 76 93 25 63 17 55 97 35 11 9 62 42 87 85 52 38 24 19 92 50 59 56 85 2 0 85 31 57
19 65 1 93 61 72 54 52 7 67 49 32 83 76 95 14 82 16 48 44 61 26 39 1 26 75 98 37 8 57
3 57 0 1 80 86 8 49 14 34 35 90 63 49 3 35 84 41 74 95 96 93 35 77 70 5 53 16 91 40
18 14 41 52 27 50 10 36 69 77 22 10 41 22 34 34 70 69 48 24 44 69 38 1 78 20 99 1 47 9
47 34 84 9 39 59 21 69 97 10 8 49 40 8 49 81 80 36 42 51 7 44 6 54 93 38 34 46 88 58
0 8 71 49 21 86 91 73 42 81 20 31 98 3 81 90 71 1 41 11 40 47 78 61 13 31 50 29 58 88
48 76 93 78 89 15 4 82 89 69 84 76 31 78 25 16 4 42 3 33 82 18 46 16 78 16 50 50 75 54
14 20 39 84 90 5 53 69 71 27 23 2 77 13 57 81 83 12 18 85 30 46 92 22 2 8 20 27 43 27
5 48 79 59 69 39 42 91 39 55 19 41 81 7 87 17 96 28 80 51 80 66 20 26 81 92 10 65 19 95
50 46 50 99 40 66 93 30 86 55 44 18 8 40 50 98 18 80 22 60 33 40 95 63 28 74 86 2 36 22
84 98 66 59 97 51 96 41 16 75 46 34 90 10 55 28 17 69 6 62 81 73 71 27 18 83 96 13 63 30
4 6 27 96 23 82 1 3 54 27 92 22 30 82 23 86 43 3 65 94 26 90 93 18 34 1 50 65 48 78
95 60 0 35 54 27 87 3 96 8 36 12 22 46 33 68 9 8 12 56 76 26 88 56 50 0 71 95 43 75
0 23 88 80 71 22 73 8 61 72 86 74 73 23 56 56 36 82 43 39 66 69 32 97 38 23 20 80 45 81
96 10 49 22 69 81 26 70 88 39 85 9 49 63 5 30 92 88 5 28 39 51 66 16 12 22 58 19 43 73
27 78 56 96 79 62 92 63 32 74 4 96 34 2 37 92 86 46 77 8 93 29 35 18 39 64 93 92 65 38
31 48 2 43 19 89 63 50 31 25 20 23 22 38 18 5 75 34 81 26 7 12 39 25 95 19 68 73 51 79
15 45 71 29 62 76 30 76 55 8 86 76 80 95 43 0 83 38 62 15 62 65 26 26 67 72 4 38 1 93
62 36 95 67 25 96 14 22 82 71 99 77 79 27 65 64 65 99 13 90 70 16 17 4 25 4 87 44 70 65
43 67 97 93 33 4 26 81 74 64 16 20 23 15 56 93 86 93 85 32 27 17 44 74 41 22 45 33 96 32
28 91 64 32 29 62 89 18 81 74 68 31 22 98 41 96 86 95 17 40 0 75 79 42 3 78 42 45 75 26
77 44 32 17 92 14 28 33 62 41 71 17 34 91 39 8 54 13 62 60 93 53 3 84 58 54 40 75 39 37
53 29 97 7 63 43 18 34 62 78 84 72 49 8 22 57 52 86 48 74 1 16 8 74 87 93 93 10 20 64

21 32 13 4 10 55 14 99 39 48 58 1 11 2 94 5 26 74 7 54 33 37 96 1 31 60 0 18 32 66
28 66 38 39 64 77 72 65 40 55 62 31 11 53 95 23 67 16 46 77 71 81 90 8 8 75 42 84 72 58
52 46 52 93 98 88 63 55 29 25 53 89 33 47 81 2 76 11 37 33 0 35 61 40 91 86 67 7 53 74
93 42 51 9 36 36 3 67 18 1 39 85 21 89 63 64 71 90 67 67 64 41 0 37 64 89 90 62 10 15
64 78 21 83 16 68 82 87 23 17 47 19 7 22 98 56 88 57 45 51 80 69 41 90 31 25 79 31 94 52
61 37 95 46 76 86 32 19 27 5 6 35 78 59 87 43 28 11 66 5 28 12 25 77 2 99 50 99 14 7
54 5 28 25 93 35 38 51 85 34 47 17 72 70 50 10 82 87 35 91 78 90 8 93 9 28 12 52 88 12
89 5 74 97 6 51 24 4 49 66 56 67 52 16 13 28 15 3 42 20 33 51 30 1 29 4 40 42 75 3
51 72 36 52 2 35 77 3 82 20 11 15 26 51 86 64 96 70 33 13 66 38 20 61 51 30 1 50 22 15
29 71 17 41 96 20 37 56 5 85 82 52 88 72 74 99 32 89 61 11 77 56 2 69 81 12 93 75 91 25
59 26 50 43 38 36 23 19 26 26 45 21 63 75 3 4 78 3 9 87 21 20 30 91 46 68 88 8 30 37
31 18 53 32 49 73 38 30 79 5 64 41 35 50 86 68 43 69 15 35 69 20 64 21 86 18 42 21 95 74
64 23 10 9 4 69 71 82 17 49 40 75 95 27 99 28 38 15 53 18 58 47 3 18 50 93 51 80 84 43
47 49 15 44 81 69 11 55 1 59 46 74 91 67 12 38 48 30 27 6 40 96 82 71 36 78 12 70 41 63
14 81 70 91 29 17 55 64 71 86 56 58 72 41 29 63 54 61 78 47 87 32 73 37 56 18 29 63 59 41
82 94 19 8 80 75 77 62 7 49 81 37 91 4 12 41 62 86 11 9 71 87 74 93 80 70 52 78 82 7
69 48 13 42 40 29 77 93 50 5 70 74 33 65 96 85 60 19 7 2 21 27 96 75 66 92 52 13 37 23
25 6 98 88 83 18 63 78 47 53 66 76 41 80 21 4 99 60 80 76 94 18 68 89 7 55 68 34 39 80
79 2 31 28 74 15 50 77 23 19 61 83 63 10 75 99 36 70 61 52 13 66 63 85 89 99 44 86 4 34
53 74 42 45 2 4 96 35 88 15 2 47 80 25 4 45 90 57 67 58 81 53 71 98 67 94 65 90 32 45
26 7 66 91 91 62 82 35 39 11 76 70 35 83 45 40 77 27 64 72 2 42 93 22 41 36 66 81 27 25
85 27 6 75 13 21 87 42 47 89 52 58 8 22 0 81 88 7 91 4 36 53 27 77 67 85 81 0 34 20
56 98 0 42 40 65 89 44 90 55 10 99 56 47 86 95 28 24 23 20 79 30 7 2 27 95 9 34 24 62
56 32 79 30 60 21 50 7 48 33 61 48 20 68 44 5 27 51 94 24 54 91 99 62 36 13 86 11 62 30
78 52 25 76 73 74 36 8 78 37 7 53 56 50 63 64 86 12 55 0 25 23 68 50 31 65 47 73 84 18
4 1 22 51 49 57 63 12 84 67 92 95 43 62 31 70 60 24 23 4 7 89 96 93 38 44 77 5 22 59
2 88 47 40 9 98 43 18 23 55 45 77 81 26 96 10 40 95 66 50 70 69 29 11 28 35 24 36 66 55
5 43 19 74 43 11 66 84 36 49 74 44 46 37 61 79 64 37 37 92 76 13 16 53 81 98 93 81 72 8
49 91 1 88 11 9 78 42 94 56 67 77 86 51 2 60 67 10 7 78 72 8 18 52 22 55 31 27 11 90
13 56 98 97 75 47 54 5 72 30 65 17 85 76 79 76 11 79 61 77 47 59 94 71 57 69 23 29 60 15
48 54 65 98 11 56 55 70 22 53 83 37 27 22 51 59 19 50 60 42 28 43 66 98 53 87 93 39 30 83
59 22 23 92 32 65 10 62 27 94 86 23 6 94 1 82 36 82 22 31 19 16 73 78 6 6 94 41 64 99
22 82 29 51 99 55 1 8 39 10 40 52 18 69 70 99 80 63 23 44 53 11 46 84 30 53 73 86 62 1
40 56 58 42 85 47 90 22 50 92 65 99 4 67 86 19 40 18 32 86 6 85 23 8 84 47 52 48 30 32
1 11 32 85 64 36 49 95 58 3 38 3 80 35 89 56 59 85 18 81 97 24 88 89 93 72 62 21 16 45
3 31 52 96 84 24 45 92 56 25 12 35 13 41 98 29 26 26 2 57 41 90 90 9 86 79 74 81 96 43
25 30 81 62 56 62 75 83 75 93 53 8 11 88 9 25 57 94 8 78 80 4 83 9 99 25 24 23 22 44
87 64 3 95 9 98 51 93 22 37 5 74 96 56 63 61 44 91 19 50 88 4 55 76 52 73 84 10 41 30
44 98 21 54 99 37 97 1 75 53 78 28 57 27 53 26 22 80 24 91 69 20 80 89 89 1 94 83 80 58
85 53 95 12 71 98 84 58 15 28 63 87 30 65 28 98 2 15 94 4 38 96 15 33 59 10 42 90 91 7
95 18 15 84 78 84 97 1 52 63 92 26 48 18 3 25 87 89 33 63 29 20 64 93 90 22 61 36 71 29
58 80 11 94 0 59 44 39 43 84 24 62 22 36 64 49 57 52 77 54 46 51 28 45 66 86 47 26 84 28
34 89 50 5 83 42 22 57 93 36 40 84 40 71 55 89 41 64 87 58 15 4 53 4 42 25 90 98 67 86
84 40 86 15 55 51 38 75 73 97 74 60 4 56 67 10 5 11 8 25 26 19 91 3 76 88 68 38 73 65
50 51 81 17 79 37 98 56 79 62 55 43 83 28 38 74 92 4 47 19 94 74 41 83 68 72 48 13 51 89
35 46 23 71 55 97 66 60 40 22 80 22 82 99 66 87 32 26 28 81 16 20 24 35 37 61 84 84 14 27
86 14 81 12 35 5 46 11 98 73 77 22 91 34 79 11 17 10 58 20 12 77 8 17 22 7 53 33 48 69
29 25 16 79 6 55 59 13 56 79 23 42 43 94 33 28 81 69 78 5 79 79 2 29 80 2 13 74 64 46
45 10 59 41 33 78 86 82 89 60 47 18 88 12 6 43 2 91 35 4 39 5 39 45 80 81 50 61 17 96
83 15 31 45 80 54 76 36 88 17 45 19 44 33 39 11 71 42 66 62 99 89 40 76 72 76 54 81 97 72
55 14 56 21 38 68 82 81 34 9 60 2 71 64 30 23 21 44 77 32 69 39 41 40 67 12 95 47 51 82
62 4 44 48 68 12 69 25 62 85 44 80 38 98 32 76 52 79 75 96 2 19 26 69 41 14 58 37 13 51
26 41 44 21 2 99 37 4 2 20 31 70 89 63 46 79 18 39 14 84 43 32 58 78 26 59 88 12 95 5
16 98 54 21 7 74 43 47 20 81 88 10 9 82 5 1 92 39 41 43 85 14 65 97 93 50 32 67 84 75
13 98 80 15 36 88 71 13 82 52 7 91 51 6 29 8 73 69 68 90 40 81 93 36 77 16 92 44 80 8
41 88 92 31 67 47 94 13 22 74 30 52 25 54 89 75 32 80 23 68 56 59 73 54 26 10 17 93 74 36
79 50 82 78 62 46 25 54 76 74 4 89 99 66 39 52 74 37 73 70 35 32 21 90 24 64 36 87 19 11
96 70 13 18 42 13 1 16 88 16 51 51 23 80 96 94 46 38 49 70 16 93 36 24 15 47 99 19 32 12
16 33 50 54 38 88 65 3 35 42 76 29 13 29 44 63 29 13 82 31 34 2 36 6 1 34 75 9 30 33
88 21 41 5 65 67 84 94 7 3 40 57 93 4 78 99 95 46 5 82 18 16 20 20 21 7 55 84 27 72

3564 2537 2143 1839 3036 5081 2069 712 1233 2074 3651 5542 2667 2347 4627 652 2460 2531 5872 3477 3889 1565 5597 3735 3256 5205 4112 2773 4158 4077

2163 2086 3236 5657 6447 4360 5603 3160 5786 6587 1855 2938 6662 6111 1382 6377 6567 3486 1902 2240 5892 5898 3842 4734 5671 1204 1414 3213 6788 2822

20 23 20 29 10 15 22 15 21 17 18 12 24 28 17 15 19 16 14 17 12 21 25 14 27 16 14 16 18 21 17 29 11 26 19 27 22 16 22 14 11 23 18 27 25 26 27 27 22 14 19 16 19 26 29 27 27 10 16 20

80 166 183 118 135 125 123 82 73 141 137 101 179 86 176 180 159 180 104 27 134 160 73 63 35 126 120 47 99 156
