60
30

45 33 68 57 41 76 51 21 13 56 80 74 86 86 70 29 4 8 37 11 93 77 44 17 96 50 27 19 78 87
52 11 31 42 51 69 20 3 35 60 50 10 87 17 47 47 76 85 76 0 47 83 57 31 83 47 30 89 33 55
93 82 65 31 7 67 80 4 53 34 99 46 77 93 1 26 51 90 92 55 50 12 17 99 17 52 42 7 66 49
88 54 40 21 78 6 38 63 31 73 60 63 14 83 44 76 42 3 0 46 80 97 49 70 96 85 39 46 54 50
82 49 59 6 38 22 89 23 52 77 78 69 0 55 29 26 11 74 76 78 77 65 23 76 54 91 32 49 23 85
30 86 70 50 63 33 91 16 20 72 36 49 93 62 66 41 65 85 49 42 19 10 54 12 30 60 7 86 71 75
6 8 52 77 33 52 65 83 86 53 13 49 39 9 46 4 87 18 14 28 42 80 35 89 90 72 31 22 14 59
59 31 61 20 74 41 82 1 77 37 0 1 38 56 70 83 7 25 30 50 45 73 83 28 38 35 26 43 80 40
40 3 38 61 95 97 26 52 43 83 62 3 94 42 85 96 99 85 44 36 95 71 97 97 76 67 87 96 93 45
56 95 9 6 51 91 54 77 11 36 50 27 30 20 15 79 68 80 58 24 21 27 21 80 86 28 36 25 92 52
4 13 60 77 8 46 38 25 17 71 4 76 48 5 40 58 96 30 27 22 39 0 5 67 79 42 99 52 89 67
10 11 63 97 17 75 87 97 37 49 2 52 55 9 95 29 98 13 56 30 22 41 95 6 57 6 81 92 98 7
74 2 49 11 54 68 74 87 52 20 86 27 59 62 87 25 57 55 59 15 1 34 38 61 40 26 39 74 70 32
16 86 38 83 63 20 52 11 5 14 75 73 19 2 78 12 97 71 15 80 28 21 20 9 85 12 50 38 11 78
28 27 61 40 39 3 54 35 15 31 3 61 84 2 72 98 83 79 52 49 56 45 58 18 91 45 93 25 61 10
30 8 72 16 16 70 49 98 75 84 88 49 88 41 73 48 76 19 33 5 98 12 83 30 48 23 77 45 17 39
69 4 55 32 55 98 35 35 48 46 25 23 2 2 0 66 93 44 62 48 24 2 50 72 5 61 48 83 26 30
38 97 32 73 38 97 66 45 47 47 27 67 53 39 73 46 7 59 57 13 60 47 89 49 99 93 46 4 56 75
72 41 56 46 69 63 35 31 30 93 52 73 91 24 55 48 4 52 96 42 41 73 97 59 96 90 8 96 38 67
18 4 38 32 97 37 61 12 97 42 8 47 27 36 52 21 78 96 84 12 80 46 78 33 0 6 47 39 14 53
27 0 28 6 29 77 11 28 47 49 75 16 96 77 19 11 35 6 14 59 86 30 94 5 66 94 92 90 83 75
27 95 66 98 29 47 37 66 69 80 29 97 16 20 27 21 52 31 76 66 6 42 73 32 99 57 62 48 98 92
80 45 31 4 23 94 13 21 41 7 68 59 70 70 69 1 71 86 20 80 21 33 45 80 89 59 75 46 83 82
38 73 49 64 83 20 74 67 19 55 6 24 27 35 94 75 80 84 30 44 92 1 28 82 69 38 68 69 30 20
8 74 33 75 38 12 14 35 8 36 36 1 81 60 88 85 84 10 91 75 47 36 11 87 65 26 66 10 26 36
93 31 78 92 0 17 29 39 28 96 22 61 1 45 3 74 19 88 87 68 47 59 97 68 93 90 13 25 73 20
70 55 17 37 93 99 57 0 44 60 3 7 28 48 98 1 94 41 8 29 9 29 87 2 92 14 26 13 60 77
72 22 89 35 78 0 16 50 19 4 36 58 89 24 45 42 61 11 62 56 69 97 16 71 52 48 82 17 74 17
8 26 98 0 58 3 75 88 68 90 99 89 97 83 11 59 6 32 73 50 1 29 37 87 37 60 78 22 50 84
73 15 70 55 31 66 40 4 33 71 34 59 9 94 55 53 67 78 53 47 63 19 91 87 74 97 62 57 4 27
17 93 31 77 69 90 1 63 83 98 98 25 58 87 61 37 73 52 27 3 40 61 10 53 98 77 63 32 40 13
62 49 38 86 33 25 38 2 86 64 20 64 40 33 46 97 63 18 49 31 38 9 31 88 43 12 74 60 9 99
82 71 87 49 6 73 35 38 23 0 13 71 72 99 52 78 64 4 22 15 19 10 16 28 2 86 36 90 57 16
45 11 61 70 11 72 49 31 66 48 80 37 56 16 45 15 52 52 40 16 45 85 54 75 54 43 39 52 14 8
70 41 22 86 9 36 62 41 31 6 29 44 75 9 40 60 29 43 80 49 61 33 35 68 61 79 16 95 40 30
49 17 23 49 19 46 20 91 70 57 51 10 3 67 86 53 36 95 3 30 99 70 78 45 96 79 82 43 41 79
12 1 63 99 11 71 36 19 48 47 61 3 46 20 35 15 3 49 63 41 29 40 97 18 1 37 28 16 96 53
41 44 76 93 25 63 17 55 97 35 11 9 62 42 87 85 52 38 24 19 92 50 59 56 85 2 0 85 31 57
19 65 1 93 61 72 54 52 7 67 49 32 83 76 95 14 82 16 48 44 61 26 39 1 26 75 98 37 8 57
3 57 0 1 80 86 8 49 14 34 35 90 63 49 3 35 84 41 74 95 96 93 35 77 70 5 53 16 91 40
18 14 41 52 27 50 10 36 69 77 22 10 41 22 34 34 70 69 48 24 44 69 38 1 78 20 99 1 47 9
47 34 84 9 39 59 21 69 97 10 8 49 40 8 49 81 80 36 42 51 7 44 6 54 93 38 34 46 88 58
0 8 71 49 21 86 91 73 42 81 20 31 98 3 81 90 71 1 41 11 40 47 78 61 13 31 50 29 58 88
48 76 93 78 89 15 4 82 89 69 84 76 31 78 25 16 4 42 3 33 82 18 46 16 78 16 50 50 75 54
14 20 39 84 90 5 53 69 71 27 23 2 77 13 57 81 83 12 18 85 30 46 92 22 2 8 20 27 43 27
5 48 79 59 69 39 42 91 39 55 19 41 81 7 87 17 96 28 80 51 80 66 20 26 81 92 10 65 19 95
50 46 50 99 40 66 93 30 86 55 44 18 8 40 50 98 18 80 22 60 33 40 95 63 28 74 86 2 36 22
84 98 66 59 97 51 96 41 16 75 46 34 90 10 55 28 17 69 6 62 81 73 71 27 18 83 96 13 63 30
4 6 27 96 23 82 1 3 54 27 92 22 30 82 23 86 43 3 65 94 26 90 93 18 34 1 50 65 48 78
95 60 0 35 54 27 87 3 96 8 36 12 22 46 33 68 9 8 12 56 76 26 88 56 50 0 71 95 43 75
0 23 88 80 71 22 73 8 61 72 86 74 73 23 56 56 36 82 43 39 66 69 32 97 38 23 20 80 45 81
96 10 49 22 69 81 26 70 88 39 85 9 49 63 5 30 92 88 5 28 39 51 66 16 12 22 58 19 43 73
27 78 56 96 79 62 92 63 32 74 4 96 34 2 37 92 86 46 77 8 93 29 35 18 39 64 93 92 65 38
31 48 2 43 19 89 63 50 31 25 20 23 22 38 18 5 75 34 81 26 7 12 39 25 95 19 68 73 51 79
15 45 71 29 62 76 30 76 55 8 86 76 80 95 43 0 83 38 62 15 62 65 26 26 67 72 4 38 1 93
62 36 95 67 25 96 14 22 82 71 99 77 79 27 65 64 65 99 13 90 70 16 17 4 25 4 87 44 70 65
43 67 97 93 33 4 26 81 74 64 16 20 23 15 56 93 86 93 85 32 27 17 44 74 41 22 45 33 96 32
28 91 64 32 29 62 89 18 81 74 68 31 22 98 41 96 86 95 17 40 0 75 79 42 3 78 42 45 75 26
77 44 32 17 92 14 28 33 62 41 71 17 34 91 39 8 54 13 62 60 93 53 3 84 58 54 40 75 39 37
53 29 97 7 63 43 18 34 62 78 84 72 49 8 22 57 52 86 48 74 1 16 8 74 87 93 93 10 20 64

29 77 93 91 41 49 74 23 18 80 38 76 36 78 76 13 85 84 89 64 59 39 18 76 29 67 4 14 14 89
77 91 84 58 97 35 49 91 94 24 32 27 84 29 30 42 62 78 98 98 78 98 17 15 74 14 44 76 22 19
28 23 96 30 61 93 67 94 96 1 1 23 42 78 2 62 25 7 35 13 66 37 14 84 34 40 33 29 58 62
0 92 2 79 75 78 58 49 27 15 96 38 87 72 73 43 23 63 2 47 89 27 27 94 22 90 48 40 80 31
8 39 52 18 18 70 76 81 1 98 60 36 61 43 78 88 21 90 89 61 92 66 2 49 40 69 93 74 95 19
35 96 1 76 99 22 6 39 47 0 34 15 10 88 1 33 39 54 59 39 54 29 74 95 42 25 89 64 77 90
9 60 54 67 23 97 77 74 43 59 22 12 29 82 84 94 26 7 68 23 31 66 83 83 76 97 61 15 81 89
85 80 24 27 30 54 28 79 29 84 56 32 21 16 78 83 47 69 42 44 99 13 55 3 52 78 72 65 95 0
46 56 88 82 72 64 89 35 47 56 13 5 20 90 49 22 0 10 27 20 57 1 6 11 23 33 46 15 88 19
69 75 37 82 20 24 82 93 96 54 83 15 95 33 58 94 99 61 34 58 12 48 73 18 93 70 0 97 62 34
96 11 92 56 33 91 74 26 83 16 52 23 13 99 52 5 43 35 48 82 43 25 52 44 94 10 4 10 24 89
10 19 16 23 60 73 32 9 6 2 3 17 91 22 88 3 73 1 95 35 59 48 17 17 57 91 21 75 17 19
7 59 9 97 19 64 55 74 60 67 30 56 65 57 86 95 30 81 59 42 82 44 82 41 64 42 98 66 53 90
49 51 35 11 88 34 23 76 44 25 64 3 24 85 95 77 45 58 36 37 20 93 21 43 53 60 20 14 8 37
89 11 48 30 67 3 89 40 93 29 80 7 14 56 26 79 14 99 10 90 78 34 77 60 79 41 92 21 41 51
78 65 24 75 2 43 33 49 63 69 45 22 2 21 5 74 32 20 43 24 61 40 99 86 63 90 69 78 8 58
10 77 64 3 55 97 33 48 41 16 74 15 41 86 37 85 55 6 4 80 1 32 15 21 17 64 21 75 54 23
93 22 30 19 80 94 74 73 1 67 70 27 96 13 95 78 95 31 5 7 62 27 7 85 22 17 22 94 6 48
44 76 26 79 29 10 2 77 72 78 98 93 71 60 14 44 65 89 73 11 20 38 86 19 75 22 71 77 79 54
83 83 99 65 73 15 60 87 68 80 41 67 56 82 70 47 22 28 61 37 55 93 87 62 19 5 20 62 83 17
25 79 28 97 27 49 85 31 95 92 73 25 69 75 40 59 68 74 29 28 38 70 9 64 19 49 65 28 55 6
19 21 71 59 29 50 85 15 98 48 34 70 78 25 43 15 54 18 37 84 52 50 4 65 91 27 50 73 87 23
92 33 73 40 2 37 83 44 75 82 36 2 99 75 2 87 49 83 35 17 24 71 18 42 11 31 41 0 38 12
11 17 40 0 77 92 76 12 0 21 53 98 8 45 34 60 25 8 69 51 58 84 47 87 69 92 63 6 86 22
65 50 23 28 8 48 99 62 25 37 0 68 19 38 8 50 9 88 90 79 88 73 31 11 0 37 53 34 9 55
39 47 37 74 69 69 1 93 40 3 53 19 13 13 23 11 17 4 14 22 98 81 86 82 3 61 50 82 34 41
49 76 99 47 83 77 57 42 26 35 40 34 39 21 82 27 65 53 2 12 66 34 12 90 41 90 53 62 37 37
82 29 31 95 50 10 54 57 57 44 85 49 73 43 34 61 59 20 90 29 15 97 3 98 58 72 32 91 1 8
75 70 82 57 51 69 63 42 26 15 97 62 80 95 52 83 63 9 9 49 93 37 95 98 87 93 19 86 36 56
0 63 49 7 28 27 53 82 94 67 98 58 70 75 13 8 21 76 25 94 5 10 20 1 67 72 5 2 44 83
25 37 39 56 21 26 24 80 30 51 87 25 92 98 26 57 81 5 65 10 93 96 33 42 61 77 40 93 66 16
38 7 75 66 45 85 24 60 87 2 24 21 69 73 55 50 78 72 82 84 1 40 11 51 91 27 58 50 12 53
1 27 69 92 55 53 78 13 65 99 44 20 24 66 54 86 55 35 99 75 12 18 85 90 99 50 85 87 99 34
64 59 68 34 67 67 36 90 38 73 26 85 33 4 69 91 44 57 86 79 25 17 65 65 6 49 49 39 33 88
23 74 66 37 45 38 22 51 86 47 56 61 60 16 2 65 46 31 23 94 63 11 50 38 33 60 92 75 27 16
67 38 14 44 70 29 36 48 84 57 73 74 2 46 94 44 12 57 88 48 65 23 27 68 30 71 7 18 4 91
72 37 24 86 8 48 17 97 67 76 66 89 61 1 83 58 31 77 34 76 82 38 28 88 40 87 84 41 77 33
41 90 96 12 58 26 86 19 34 16 87 38 39 43 13 39 38 99 43 75 48 60 57 22 54 50 89 13 89 66
31 80 37 30 87 4 30 91 81 20 32 81 70 57 38 7 93 75 46 35 80 56 49 91 95 54 76 87 84 96
84 56 55 14 63 37 3 32 13 58 72 45 9 4 13 58 58 64 60 79 20 2 61 91 39 89 24 17 7 93
58 88 69 12 34 67 25 5 77 70 91 45 88 15 49 13 36 72 53 84 74 1 8 1 83 5 32 21 22 23
51 82 68 48 7 29 50 54 64 92 16 46 60 14 4 82 21 53 81 34 40 35 92 67 95 0 12 79 55 93
15 13 95 81 95 39 17 93 86 67 58 28 99 43 25 67 45 30 83 89 17 86 98 72 69 87 4 36 91 48
44 54 77 61 13 39 41 28 84 82 22 81 22 7 81 98 3 50 86 68 74 0 34 72 63 46 61 47 89 13
35 2 47 96 30 66 63 18 35 89 51 68 36 46 6 89 88 3 22 50 47 39 24 84 45 41 36 99 20 16
46 0 32 86 20 52 46 61 93 0 26 96 23 12 5 96 95 6 19 6 21 97 0 14 45 55 88 48 76 64
96 40 1 35 45 99 34 98 44 6 33 83 89 33 65 70 4 42 11 52 49 7 49 62 63 92 37 44 23 52
6 67 40 47 20 23 7 94 70 52 92 91 1 83 21 86 5 88 8 76 12 91 25 64 67 60 3 5 85 2
35 17 6 27 0 42 4 37 29 81 17 73 6 37 1 31 43 46 30 8 88 70 92 54 66 87 47 46 36 12
61 94 32 11 20 54 21 12 90 14 92 23 78 65 51 93 21 78 99 8 88 59 15 73 79 38 68 43 70 20
26 3 22 3 43 8 53 51 50 23 48 62 52 37 66 71 41 40 37 90 58 74 89 66 59 18 40 9 97 50
32 21 84 97 12 30 25 84 68 13 29 20 90 55 39 97 5 79 38 85 10 52 9 47 3 45 87 15 76 99
94 85 35 33 74 44 59 93 54 23 92 27 0 29 58 32 54 29 29 16 50 69 88 65 69 38 62 4 65 53
24 7 74 76 96 80 3 22 78 26 32 11 12 71 3 54 33 3 74 17 86 55 38 59 3 47 75 62 57 43
56 2 58 99 24 9 40 29 29 40 72 82 84 40 75 18 78 80 31 41 47 96 30 9 7 54 75 35 88 37
43 54 26 12 86 9 6 23 5 91 59 35 26 30 58 8 90 31 60 72 5 89 98 58 30 32 14 82 8 80
94 88 33 23 33 11 55 39 53 11 38 15 47 76 13 56 26 14 26 66 86 73 42 58 22 50 65 22 63 1
93 54 1 42 2 27 39 10 46 56 74 22 0 97 96 60 94 65 83 66 15 71 90 7 68 23 88 71 24 20
5 98 7 43 41 34 87 33 2 96 74 96 50 58 59 72 59 14 11 76 47 73 48 86 3 77 41 29 41 78
8 6 41 89 14 52 68 1 84 5 78 37 94 61 36 79 98 17 35 96 97 28 60 51 77 43 58 66 58 86

3564 2537 2143 1839 3036 5081 2069 712 1233 2074 3651 5542 2667 2347 4627 652 2460 2531 5872 3477 3889 1565 5597 3735 3256 5205 4112 2773 4158 4077

6204 1676 4248 6260 5817 3260 3806 5419 3441 4148 1670 5114 4860 2486 2069 1488 5318 1552 2256 4931 2139 5260 3876 5306 3634 3048 2713 6243 3523 3102

20 23 20 29 10 15 22 15 21 17 18 12 24 28 17 15 19 16 14 17 12 21 25 14 27 16 14 16 18 21 17 29 11 26 19 27 22 16 22 14 11 23 18 27 25 26 27 27 22 14 19 16 19 26 29 27 27 10 16 20

80 166 183 118 135 125 123 82 73 141 137 101 179 86 176 180 159 180 104 27 134 160 73 63 35 126 120 47 99 156
