60
30

45 33 68 57 41 76 51 21 13 56 80 74 86 86 70 29 4 8 37 11 93 77 44 17 96 50 27 19 78 87
52 11 31 42 51 69 20 3 35 60 50 10 87 17 47 47 76 85 76 0 47 83 57 31 83 47 30 89 33 55
93 82 65 31 7 67 80 4 53 34 99 46 77 93 1 26 51 90 92 55 50 12 17 99 17 52 42 7 66 49
88 54 40 21 78 6 38 63 31 73 60 63 14 83 44 76 42 3 0 46 80 97 49 70 96 85 39 46 54 50
82 49 59 6 38 22 89 23 52 77 78 69 0 55 29 26 11 74 76 78 77 65 23 76 54 91 32 49 23 85
30 86 70 50 63 33 91 16 20 72 36 49 93 62 66 41 65 85 49 42 19 10 54 12 30 60 7 86 71 75
6 8 52 77 33 52 65 83 86 53 13 49 39 9 46 4 87 18 14 28 42 80 35 89 90 72 31 22 14 59
59 31 61 20 74 41 82 1 77 37 0 1 38 56 70 83 7 25 30 50 45 73 83 28 38 35 26 43 80 40
40 3 38 61 95 97 26 52 43 83 62 3 94 42 85 96 99 85 44 36 95 71 97 97 76 67 87 96 93 45
56 95 9 6 51 91 54 77 11 36 50 27 30 20 15 79 68 80 58 24 21 27 21 80 86 28 36 25 92 52
4 13 60 77 8 46 38 25 17 71 4 76 48 5 40 58 96 30 27 22 39 0 5 67 79 42 99 52 89 67
10 11 63 97 17 75 87 97 37 49 2 52 55 9 95 29 98 13 56 30 22 41 95 6 57 6 81 92 98 7
74 2 49 11 54 68 74 87 52 20 86 27 59 62 87 25 57 55 59 15 1 34 38 61 40 26 39 74 70 32
16 86 38 83 63 20 52 11 5 14 75 73 19 2 78 12 97 71 15 80 28 21 20 9 85 12 50 38 11 78
28 27 61 40 39 3 54 35 15 31 3 61 84 2 72 98 83 79 52 49 56 45 58 18 91 45 93 25 61 10
30 8 72 16 16 70 49 98 75 84 88 49 88 41 73 48 76 19 33 5 98 12 83 30 48 23 77 45 17 39
69 4 55 32 55 98 35 35 48 46 25 23 2 2 0 66 93 44 62 48 24 2 50 72 5 61 48 83 26 30
38 97 32 73 38 97 66 45 47 47 27 67 53 39 73 46 7 59 57 13 60 47 89 49 99 93 46 4 56 75
72 41 56 46 69 63 35 31 30 93 52 73 91 24 55 48 4 52 96 42 41 73 97 59 96 90 8 96 38 67
18 4 38 32 97 37 61 12 97 42 8 47 27 36 52 21 78 96 84 12 80 46 78 33 0 6 47 39 14 53
27 0 28 6 29 77 11 28 47 49 75 16 96 77 19 11 35 6 14 59 86 30 94 5 66 94 92 90 83 75
27 95 66 98 29 47 37 66 69 80 29 97 16 20 27 21 52 31 76 66 6 42 73 32 99 57 62 48 98 92
80 45 31 4 23 94 13 21 41 7 68 59 70 70 69 1 71 86 20 80 21 33 45 80 89 59 75 46 83 82
38 73 49 64 83 20 74 67 19 55 6 24 27 35 94 75 80 84 30 44 92 1 28 82 69 38 68 69 30 20
8 74 33 75 38 12 14 35 8 36 36 1 81 60 88 85 84 10 91 75 47 36 11 87 65 26 66 10 26 36
93 31 78 92 0 17 29 39 28 96 22 61 1 45 3 74 19 88 87 68 47 59 97 68 93 90 13 25 73 20
70 55 17 37 93 99 57 0 44 60 3 7 28 48 98 1 94 41 8 29 9 29 87 2 92 14 26 13 60 77
72 22 89 35 78 0 16 50 19 4 36 58 89 24 45 42 61 11 62 56 69 97 16 71 52 48 82 17 74 17
8 26 98 0 58 3 75 88 68 90 99 89 97 83 11 59 6 32 73 50 1 29 37 87 37 60 78 22 50 84
73 15 70 55 31 66 40 4 33 71 34 59 9 94 55 53 67 78 53 47 63 19 91 87 74 97 62 57 4 27
17 93 31 77 69 90 1 63 83 98 98 25 58 87 61 37 73 52 27 3 40 61 10 53 98 77 63 32 40 13
62 49 38 86 33 25 38 2 86 64 20 64 40 33 46 97 63 18 49 31 38 9 31 88 43 12 74 60 9 99
82 71 87 49 6 73 35 38 23 0 13 71 72 99 52 78 64 4 22 15 19 10 16 28 2 86 36 90 57 16
45 11 61 70 11 72 49 31 66 48 80 37 56 16 45 15 52 52 40 16 45 85 54 75 54 43 39 52 14 8
70 41 22 86 9 36 62 41 31 6 29 44 75 9 40 60 29 43 80 49 61 33 35 68 61 79 16 95 40 30
49 17 23 49 19 46 20 91 70 57 51 10 3 67 86 53 36 95 3 30 99 70 78 45 96 79 82 43 41 79
12 1 63 99 11 71 36 19 48 47 61 3 46 20 35 15 3 49 63 41 29 40 97 18 1 37 28 16 96 53
41 44 76 93 25 63 17 55 97 35 11 9 62 42 87 85 52 38 24 19 92 50 59 56 85 2 0 85 31 57
19 65 1 93 61 72 54 52 7 67 49 32 83 76 95 14 82 16 48 44 61 26 39 1 26 75 98 37 8 57
3 57 0 1 80 86 8 49 14 34 35 90 63 49 3 35 84 41 74 95 96 93 35 77 70 5 53 16 91 40
18 14 41 52 27 50 10 36 69 77 22 10 41 22 34 34 70 69 48 24 44 69 38 1 78 20 99 1 47 9
47 34 84 9 39 59 21 69 97 10 8 49 40 8 49 81 80 36 42 51 7 44 6 54 93 38 34 46 88 58
0 8 71 49 21 86 91 73 42 81 20 31 98 3 81 90 71 1 41 11 40 47 78 61 13 31 50 29 58 88
48 76 93 78 89 15 4 82 89 69 84 76 31 78 25 16 4 42 3 33 82 18 46 16 78 16 50 50 75 54
14 20 39 84 90 5 53 69 71 27 23 2 77 13 57 81 83 12 18 85 30 46 92 22 2 8 20 27 43 27
5 48 79 59 69 39 42 91 39 55 19 41 81 7 87 17 96 28 80 51 80 66 20 26 81 92 10 65 19 95
50 46 50 99 40 66 93 30 86 55 44 18 8 40 50 98 18 80 22 60 33 40 95 63 28 74 86 2 36 22
84 98 66 59 97 51 96 41 16 75 46 34 90 10 55 28 17 69 6 62 81 73 71 27 18 83 96 13 63 30
4 6 27 96 23 82 1 3 54 27 92 22 30 82 23 86 43 3 65 94 26 90 93 18 34 1 50 65 48 78
95 60 0 35 54 27 87 3 96 8 36 12 22 46 33 68 9 8 12 56 76 26 88 56 50 0 71 95 43 75
0 23 88 80 71 22 73 8 61 72 86 74 73 23 56 56 36 82 43 39 66 69 32 97 38 23 20 80 45 81
96 10 49 22 69 81 26 70 88 39 85 9 49 63 5 30 92 88 5 28 39 51 66 16 12 22 58 19 43 73
27 78 56 96 79 62 92 63 32 74 4 96 34 2 37 92 86 46 77 8 93 29 35 18 39 64 93 92 65 38
31 48 2 43 19 89 63 50 31 25 20 23 22 38 18 5 75 34 81 26 7 12 39 25 95 19 68 73 51 79
15 45 71 29 62 76 30 76 55 8 86 76 80 95 43 0 83 38 62 15 62 65 26 26 67 72 4 38 1 93
62 36 95 67 25 96 14 22 82 71 99 77 79 27 65 64 65 99 13 90 70 16 17 4 25 4 87 44 70 65
43 67 97 93 33 4 26 81 74 64 16 20 23 15 56 93 86 93 85 32 27 17 44 74 41 22 45 33 96 32
28 91 64 32 29 62 89 18 81 74 68 31 22 98 41 96 86 95 17 40 0 75 79 42 3 78 42 45 75 26
77 44 32 17 92 14 28 33 62 41 71 17 34 91 39 8 54 13 62 60 93 53 3 84 58 54 40 75 39 37
53 29 97 7 63 43 18 34 62 78 84 72 49 8 22 57 52 86 48 74 1 16 8 74 87 93 93 10 20 64

59 99 73 20 21 62 2 11 63 53 14 82 29 18 32 46 46 69 86 4 71 56 70 69 81 99 19 2 5 70
47 81 59 40 15 67 13 40 32 29 7 92 12 66 98 17 36 12 1 25 87 19 62 32 67 66 70 75 5 30
90 18 22 10 96 53 10 2 15 60 30 65 11 71 62 13 90 52 30 40 81 93 14 58 42 83 0 90 87 99
39 69 30 36 25 33 2 70 94 96 84 9 16 53 57 93 33 56 56 48 61 51 5 84 58 62 43 12 29 83
77 25 21 3 25 42 19 56 32 29 64 9 78 55 42 96 98 17 6 76 95 64 58 82 13 13 71 63 96 4
51 58 55 64 62 54 24 81 52 0 64 73 77 94 50 47 96 63 63 54 74 91 58 86 38 89 73 0 67 85
30 19 97 93 12 81 84 89 26 30 58 4 1 50 53 98 55 12 4 91 55 71 38 65 39 30 4 45 72 70
21 46 72 1 35 32 10 95 22 18 76 96 59 24 68 11 71 59 45 58 26 85 48 91 13 1 85 42 44 38
23 51 67 54 50 72 69 89 88 81 19 90 69 13 60 32 15 12 72 5 69 70 60 16 91 91 24 48 89 98
33 75 61 79 1 10 87 34 39 43 55 68 31 98 48 49 55 21 13 16 58 60 78 17 38 21 6 1 6 93
93 2 31 81 47 91 81 9 6 67 20 42 95 39 23 78 4 97 22 96 59 89 90 38 17 44 28 7 89 8
5 68 88 91 86 97 62 32 26 34 30 34 24 99 65 32 72 7 77 83 25 82 72 0 94 46 33 77 35 46
8 51 80 46 14 28 28 81 12 48 13 64 78 76 98 96 97 41 67 5 55 61 14 23 95 26 52 82 70 22
1 79 5 28 98 43 57 8 76 8 27 94 82 69 68 11 27 82 93 13 6 32 75 15 26 76 94 46 12 37
70 64 0 12 98 87 39 17 54 56 35 72 60 26 36 10 17 42 28 72 32 50 0 93 22 59 82 18 58 46
78 94 75 69 46 20 74 33 94 68 88 24 95 81 87 7 34 43 40 48 59 49 64 10 69 34 30 38 92 42
1 15 18 29 24 81 87 45 96 26 63 37 93 96 31 64 8 3 1 12 51 88 9 63 14 5 45 43 81 23
48 60 59 47 61 9 54 25 6 94 1 79 59 9 50 86 5 64 46 86 20 58 63 2 6 33 80 1 70 51
5 18 31 99 93 41 95 94 2 4 26 45 99 62 4 11 89 36 67 44 48 32 35 11 85 8 14 41 33 18
98 29 80 57 7 4 84 0 70 36 4 3 0 40 72 99 34 11 87 19 48 81 85 22 52 93 27 6 32 41
17 33 93 94 36 0 28 38 41 33 99 78 91 85 23 89 76 66 93 20 71 36 70 71 48 42 38 21 95 74
94 50 52 77 32 1 46 40 31 79 94 53 52 58 95 93 20 71 42 98 36 91 17 21 38 28 56 82 20 1
97 69 72 55 28 34 0 51 36 0 40 25 96 77 62 3 48 51 58 28 72 81 32 20 47 33 44 82 50 36
85 32 35 30 72 9 10 44 96 84 78 29 65 89 24 28 24 35 76 60 34 75 44 58 57 43 34 65 65 80
91 6 85 8 14 74 37 33 38 3 26 83 93 10 1 2 80 32 92 65 8 4 86 88 8 26 0 41 98 38
65 86 69 93 28 10 33 98 47 14 22 59 10 76 50 53 30 13 86 21 82 0 68 43 85 16 87 36 62 35
7 2 93 83 94 9 87 17 93 79 15 6 48 15 80 28 68 98 19 86 91 32 70 36 81 20 39 70 79 95
52 90 78 37 85 69 0 66 92 95 92 73 93 33 76 32 74 52 14 16 22 5 65 6 94 63 68 56 91 33
53 63 93 11 79 53 62 61 44 84 38 6 26 17 67 84 37 22 47 98 0 7 79 69 3 88 53 61 50 52
21 50 55 57 16 47 21 91 32 92 8 84 78 2 90 26 60 13 36 52 60 62 92 99 13 95 22 29 6 6
47 89 45 39 0 46 65 88 69 19 87 12 96 95 27 28 77 96 30 46 54 47 87 79 1 53 37 17 64 84
73 63 76 26 13 80 81 56 95 67 32 37 8 89 36 49 61 21 79 2 72 73 41 83 14 30 87 58 48 86
93 13 36 90 53 5 13 23 61 66 71 60 70 73 58 9 79 84 16 10 87 99 15 52 26 92 37 34 58 31
29 71 97 80 37 37 92 45 70 84 78 11 70 83 92 86 90 72 1 41 92 16 89 22 27 8 6 61 61 56
72 21 49 58 89 54 79 47 6 45 41 48 43 80 77 95 52 64 40 99 99 67 45 54 72 85 9 33 55 31
5 0 33 6 62 50 2 10 27 55 7 85 22 65 40 17 92 98 56 24 30 26 95 13 96 30 21 81 0 87
19 99 96 14 97 94 11 66 95 25 5 88 4 22 44 54 28 19 24 36 58 14 71 6 34 35 26 40 22 86
74 97 17 16 76 88 65 22 21 44 50 84 99 64 6 97 75 99 38 42 92 95 58 12 56 11 85 93 75 75
55 51 41 56 43 86 94 54 87 57 5 38 73 74 58 95 19 27 17 53 76 91 28 2 6 24 67 28 39 53
47 18 2 10 46 26 64 70 11 86 64 95 62 20 91 87 87 84 49 9 9 35 18 30 73 29 2 87 70 62
13 84 5 43 42 76 72 34 19 84 1 0 43 64 77 78 58 21 57 28 98 22 27 34 17 76 81 86 91 66
18 37 44 62 72 18 54 41 37 77 22 96 45 56 19 20 21 19 48 78 96 13 68 23 80 2 99 0 14 30
69 59 50 91 96 65 35 99 12 77 94 16 60 30 39 53 38 47 49 66 61 65 97 20 61 49 16 61 61 30
48 56 80 90 89 81 54 79 39 40 92 37 33 82 93 67 88 34 93 62 5 60 19 92 9 21 75 16 18 99
76 47 69 5 16 15 46 82 27 90 91 83 67 51 80 72 55 39 8 85 24 9 16 57 68 77 47 80 7 20
3 72 90 87 72 56 18 20 18 85 47 94 60 64 8 30 96 49 53 34 25 33 22 64 98 32 77 39 83 55
52 38 28 2 20 39 66 34 75 17 87 97 72 87 75 10 85 67 79 46 67 96 78 47 24 31 50 78 40 5
52 93 6 26 81 81 61 51 69 3 23 53 22 44 79 73 25 41 66 30 63 61 53 23 16 40 19 44 58 3
72 3 49 36 60 18 90 64 77 21 9 73 50 0 76 70 73 59 62 70 18 71 16 59 37 66 98 64 40 68
95 34 12 70 31 17 5 30 18 76 7 5 29 92 89 64 89 33 80 57 96 0 7 19 45 74 20 33 95 16
71 95 20 15 25 45 14 61 32 57 61 9 65 12 78 52 24 76 88 11 49 84 2 28 97 84 90 6 77 86
90 35 45 49 74 5 96 71 78 86 27 73 55 22 36 5 19 89 85 1 84 99 53 62 12 43 48 55 29 21
56 41 74 0 41 83 90 84 36 98 61 1 78 32 70 40 81 5 25 78 52 31 76 8 90 17 21 25 22 1
74 55 78 69 52 34 89 80 83 45 78 79 64 9 68 68 12 56 31 83 81 39 53 88 48 66 78 80 85 47
78 71 76 9 37 96 37 2 66 52 54 2 78 72 46 2 81 95 23 31 94 69 81 32 65 26 69 19 63 85
20 75 72 93 19 53 2 2 56 10 98 41 91 83 17 41 32 69 0 5 81 92 50 45 31 60 13 25 95 30
11 75 4 65 62 75 24 21 14 23 44 9 59 18 69 35 99 53 2 87 3 72 0 34 51 49 48 68 71 97
67 80 12 93 75 69 1 5 48 18 89 49 50 90 71 86 46 23 51 80 1 26 69 48 30 19 24 73 59 44
59 84 14 66 80 89 32 26 42 51 83 14 14 23 30 85 6 75 69 26 23 99 35 50 75 66 57 76 70 64
5 18 49 56 48 2 53 17 36 71 36 59 60 46 52 47 56 71 84 46 68 44 89 92 67 14 98 37 2 0

3564 2537 2143 1839 3036 5081 2069 712 1233 2074 3651 5542 2667 2347 4627 652 2460 2531 5872 3477 3889 1565 5597 3735 3256 5205 4112 2773 4158 4077

2485 8894 8200 3083 6913 5180 7629 2241 2487 7205 8253 6519 6789 4929 3503 3423 8441 7265 4647 4452 8799 3574 6020 7494 9290 5673 3637 2263 3658 6815

20 23 20 29 10 15 22 15 21 17 18 12 24 28 17 15 19 16 14 17 12 21 25 14 27 16 14 16 18 21 17 29 11 26 19 27 22 16 22 14 11 23 18 27 25 26 27 27 22 14 19 16 19 26 29 27 27 10 16 20

80 166 183 118 135 125 123 82 73 141 137 101 179 86 176 180 159 180 104 27 134 160 73 63 35 126 120 47 99 156
