60
30

29 77 93 91 41 49 74 23 18 80 38 76 36 78 76 13 85 84 89 64 59 39 18 76 29 67 4 14 14 89
77 91 84 58 97 35 49 91 94 24 32 27 84 29 30 42 62 78 98 98 78 98 17 15 74 14 44 76 22 19
28 23 96 30 61 93 67 94 96 1 1 23 42 78 2 62 25 7 35 13 66 37 14 84 34 40 33 29 58 62
0 92 2 79 75 78 58 49 27 15 96 38 87 72 73 43 23 63 2 47 89 27 27 94 22 90 48 40 80 31
8 39 52 18 18 70 76 81 1 98 60 36 61 43 78 88 21 90 89 61 92 66 2 49 40 69 93 74 95 19
35 96 1 76 99 22 6 39 47 0 34 15 10 88 1 33 39 54 59 39 54 29 74 95 42 25 89 64 77 90
9 60 54 67 23 97 77 74 43 59 22 12 29 82 84 94 26 7 68 23 31 66 83 83 76 97 61 15 81 89
85 80 24 27 30 54 28 79 29 84 56 32 21 16 78 83 47 69 42 44 99 13 55 3 52 78 72 65 95 0
46 56 88 82 72 64 89 35 47 56 13 5 20 90 49 22 0 10 27 20 57 1 6 11 23 33 46 15 88 19
69 75 37 82 20 24 82 93 96 54 83 15 95 33 58 94 99 61 34 58 12 48 73 18 93 70 0 97 62 34
96 11 92 56 33 91 74 26 83 16 52 23 13 99 52 5 43 35 48 82 43 25 52 44 94 10 4 10 24 89
10 19 16 23 60 73 32 9 6 2 3 17 91 22 88 3 73 1 95 35 59 48 17 17 57 91 21 75 17 19
7 59 9 97 19 64 55 74 60 67 30 56 65 57 86 95 30 81 59 42 82 44 82 41 64 42 98 66 53 90
49 51 35 11 88 34 23 76 44 25 64 3 24 85 95 77 45 58 36 37 20 93 21 43 53 60 20 14 8 37
89 11 48 30 67 3 89 40 93 29 80 7 14 56 26 79 14 99 10 90 78 34 77 60 79 41 92 21 41 51
78 65 24 75 2 43 33 49 63 69 45 22 2 21 5 74 32 20 43 24 61 40 99 86 63 90 69 78 8 58
10 77 64 3 55 97 33 48 41 16 74 15 41 86 37 85 55 6 4 80 1 32 15 21 17 64 21 75 54 23
93 22 30 19 80 94 74 73 1 67 70 27 96 13 95 78 95 31 5 7 62 27 7 85 22 17 22 94 6 48
44 76 26 79 29 10 2 77 72 78 98 93 71 60 14 44 65 89 73 11 20 38 86 19 75 22 71 77 79 54
83 83 99 65 73 15 60 87 68 80 41 67 56 82 70 47 22 28 61 37 55 93 87 62 19 5 20 62 83 17
25 79 28 97 27 49 85 31 95 92 73 25 69 75 40 59 68 74 29 28 38 70 9 64 19 49 65 28 55 6
19 21 71 59 29 50 85 15 98 48 34 70 78 25 43 15 54 18 37 84 52 50 4 65 91 27 50 73 87 23
92 33 73 40 2 37 83 44 75 82 36 2 99 75 2 87 49 83 35 17 24 71 18 42 11 31 41 0 38 12
11 17 40 0 77 92 76 12 0 21 53 98 8 45 34 60 25 8 69 51 58 84 47 87 69 92 63 6 86 22
65 50 23 28 8 48 99 62 25 37 0 68 19 38 8 50 9 88 90 79 88 73 31 11 0 37 53 34 9 55
39 47 37 74 69 69 1 93 40 3 53 19 13 13 23 11 17 4 14 22 98 81 86 82 3 61 50 82 34 41
49 76 99 47 83 77 57 42 26 35 40 34 39 21 82 27 65 53 2 12 66 34 12 90 41 90 53 62 37 37
82 29 31 95 50 10 54 57 57 44 85 49 73 43 34 61 59 20 90 29 15 97 3 98 58 72 32 91 1 8
75 70 82 57 51 69 63 42 26 15 97 62 80 95 52 83 63 9 9 49 93 37 95 98 87 93 19 86 36 56
0 63 49 7 28 27 53 82 94 67 98 58 70 75 13 8 21 76 25 94 5 10 20 1 67 72 5 2 44 83
25 37 39 56 21 26 24 80 30 51 87 25 92 98 26 57 81 5 65 10 93 96 33 42 61 77 40 93 66 16
38 7 75 66 45 85 24 60 87 2 24 21 69 73 55 50 78 72 82 84 1 40 11 51 91 27 58 50 12 53
1 27 69 92 55 53 78 13 65 99 44 20 24 66 54 86 55 35 99 75 12 18 85 90 99 50 85 87 99 34
64 59 68 34 67 67 36 90 38 73 26 85 33 4 69 91 44 57 86 79 25 17 65 65 6 49 49 39 33 88
23 74 66 37 45 38 22 51 86 47 56 61 60 16 2 65 46 31 23 94 63 11 50 38 33 60 92 75 27 16
67 38 14 44 70 29 36 48 84 57 73 74 2 46 94 44 12 57 88 48 65 23 27 68 30 71 7 18 4 91
72 37 24 86 8 48 17 97 67 76 66 89 61 1 83 58 31 77 34 76 82 38 28 88 40 87 84 41 77 33
41 90 96 12 58 26 86 19 34 16 87 38 39 43 13 39 38 99 43 75 48 60 57 22 54 50 89 13 89 66
31 80 37 30 87 4 30 91 81 20 32 81 70 57 38 7 93 75 46 35 80 56 49 91 95 54 76 87 84 96
84 56 55 14 63 37 3 32 13 58 72 45 9 4 13 58 58 64 60 79 20 2 61 91 39 89 24 17 7 93
58 88 69 12 34 67 25 5 77 70 91 45 88 15 49 13 36 72 53 84 74 1 8 1 83 5 32 21 22 23
51 82 68 48 7 29 50 54 64 92 16 46 60 14 4 82 21 53 81 34 40 35 92 67 95 0 12 79 55 93
15 13 95 81 95 39 17 93 86 67 58 28 99 43 25 67 45 30 83 89 17 86 98 72 69 87 4 36 91 48
44 54 77 61 13 39 41 28 84 82 22 81 22 7 81 98 3 50 86 68 74 0 34 72 63 46 61 47 89 13
35 2 47 96 30 66 63 18 35 89 51 68 36 46 6 89 88 3 22 50 47 39 24 84 45 41 36 99 20 16
46 0 32 86 20 52 46 61 93 0 26 96 23 12 5 96 95 6 19 6 21 97 0 14 45 55 88 48 76 64
96 40 1 35 45 99 34 98 44 6 33 83 89 33 65 70 4 42 11 52 49 7 49 62 63 92 37 44 23 52
6 67 40 47 20 23 7 94 70 52 92 91 1 83 21 86 5 88 8 76 12 91 25 64 67 60 3 5 85 2
35 17 6 27 0 42 4 37 29 81 17 73 6 37 1 31 43 46 30 8 88 70 92 54 66 87 47 46 36 12
61 94 32 11 20 54 21 12 90 14 92 23 78 65 51 93 21 78 99 8 88 59 15 73 79 38 68 43 70 20
26 3 22 3 43 8 53 51 50 23 48 62 52 37 66 71 41 40 37 90 58 74 89 66 59 18 40 9 97 50
32 21 84 97 12 30 25 84 68 13 29 20 90 55 39 97 5 79 38 85 10 52 9 47 3 45 87 15 76 99
94 85 35 33 74 44 59 93 54 23 92 27 0 29 58 32 54 29 29 16 50 69 88 65 69 38 62 4 65 53
24 7 74 76 96 80 3 22 78 26 32 11 12 71 3 54 33 3 74 17 86 55 38 59 3 47 75 62 57 43
56 2 58 99 24 9 40 29 29 40 72 82 84 40 75 18 78 80 31 41 47 96 30 9 7 54 75 35 88 37
43 54 26 12 86 9 6 23 5 91 59 35 26 30 58 8 90 31 60 72 5 89 98 58 30 32 14 82 8 80
94 88 33 23 33 11 55 39 53 11 38 15 47 76 13 56 26 14 26 66 86 73 42 58 22 50 65 22 63 1
93 54 1 42 2 27 39 10 46 56 74 22 0 97 96 60 94 65 83 66 15 71 90 7 68 23 88 71 24 20
5 98 7 43 41 34 87 33 2 96 74 96 50 58 59 72 59 14 11 76 47 73 48 86 3 77 41 29 41 78
8 6 41 89 14 52 68 1 84 5 78 37 94 61 36 79 98 17 35 96 97 28 60 51 77 43 58 66 58 86

86 55 50 76 0 98 41 85 70 83 1 15 52 12 17 44 26 50 91 72 13 31 0 86 72 88 66 13 99 89
26 98 60 7 43 52 18 47 86 64 40 22 67 65 3 47 27 94 15 90 2 88 40 93 99 25 87 73 82 68
91 41 42 89 9 15 90 93 8 14 17 47 12 42 90 90 41 31 87 96 46 73 99 88 45 64 32 44 98 61
6 48 73 1 19 50 11 43 33 71 68 36 1 39 2 13 35 65 46 77 78 79 61 15 53 87 75 71 84 32
54 50 6 49 48 46 32 70 19 8 23 97 45 80 91 64 48 11 25 56 95 77 19 39 72 86 49 44 27 68
26 94 33 42 12 59 18 34 92 1 58 81 26 26 35 42 26 61 13 14 47 21 64 2 63 37 66 8 80 60
44 41 13 55 33 43 15 59 84 1 46 65 25 89 15 56 81 47 29 86 82 6 47 13 29 5 0 5 3 63
52 78 20 7 88 54 77 64 66 19 44 64 76 51 94 13 76 24 75 51 12 14 64 77 30 74 61 18 56 38
18 82 80 83 96 11 80 49 10 23 77 5 95 19 1 14 10 90 6 12 59 38 70 35 93 19 66 40 34 51
93 2 18 55 92 2 62 26 3 14 2 38 23 74 34 43 76 76 92 10 13 44 21 24 86 59 24 30 84 39
15 95 7 27 82 24 26 4 57 58 57 42 45 37 38 73 54 91 91 29 31 18 14 86 98 52 28 9 37 14
73 90 75 21 32 12 66 87 30 2 67 42 29 42 56 48 17 44 48 98 73 28 95 15 40 44 77 97 51 31
34 78 84 5 79 78 38 23 97 96 65 49 27 40 91 40 75 8 17 21 7 80 83 99 21 55 30 69 92 62
94 82 43 33 30 89 94 98 31 92 76 59 1 40 20 46 0 80 64 54 54 27 20 31 21 33 24 47 36 53
25 81 84 40 12 97 82 38 81 90 51 20 77 38 20 16 79 84 1 21 9 32 8 82 76 25 20 88 88 56
19 30 9 18 32 0 15 92 75 41 5 42 75 75 48 48 15 54 85 7 24 43 22 91 17 94 60 18 51 91
74 1 54 77 22 64 37 73 49 43 3 79 24 24 17 90 10 61 89 80 66 98 84 40 35 83 81 66 58 42
20 35 14 54 24 12 92 42 82 88 34 82 21 24 99 85 27 68 58 2 57 56 99 68 85 24 5 67 61 91
52 12 69 79 16 45 24 97 97 5 37 90 13 43 47 42 86 52 88 77 60 53 44 90 10 59 12 25 13 7
80 56 24 20 76 52 58 55 60 34 62 34 58 42 53 68 57 90 41 35 22 53 59 48 86 32 74 44 40 90
62 69 19 40 55 39 55 48 94 23 49 68 59 41 87 25 45 1 91 17 20 20 86 0 68 78 32 72 13 24
30 81 78 25 24 12 22 23 56 29 51 40 19 88 10 67 51 36 2 92 46 66 73 75 73 87 76 86 39 45
97 30 25 81 14 54 99 37 3 2 64 24 29 55 8 23 86 83 64 90 63 95 84 70 54 47 12 54 45 72
76 25 48 23 58 88 43 37 9 68 73 89 2 29 2 67 67 44 6 90 25 18 87 69 26 56 10 63 66 4
11 90 24 31 32 92 47 16 61 59 81 53 6 77 27 8 16 34 55 65 37 18 19 70 58 78 54 41 90 30
38 10 82 49 74 22 67 59 94 98 91 13 3 31 74 35 33 90 93 66 45 43 94 27 19 11 86 90 10 36
42 33 63 10 41 12 28 2 16 74 89 85 76 93 23 35 48 15 49 75 25 30 19 77 42 7 82 25 99 79
99 44 8 39 15 11 43 97 99 15 93 14 7 42 85 0 51 87 96 48 41 27 82 45 71 6 92 77 50 13
54 22 86 60 34 92 1 87 17 77 10 47 60 91 10 55 8 40 57 4 88 44 10 78 2 86 4 13 6 86
53 92 27 2 97 70 60 19 66 79 66 78 97 26 27 43 45 24 60 22 72 93 87 94 94 28 1 84 34 24
94 13 5 96 20 5 18 55 28 25 90 94 65 84 5 25 52 38 44 68 79 61 89 56 60 66 66 42 67 22
88 5 12 66 9 79 58 24 98 85 75 92 90 7 65 30 91 57 43 75 28 22 27 75 61 85 69 11 35 56
59 40 2 66 68 84 51 9 90 55 44 24 38 87 18 61 87 9 24 76 56 81 0 40 88 89 2 64 74 58
47 69 14 32 25 58 16 34 4 73 86 0 26 28 54 53 62 66 29 66 80 80 93 15 51 92 71 31 87 70
37 15 82 50 39 46 15 75 58 14 27 75 43 63 76 44 56 14 46 97 60 3 50 10 7 63 60 64 8 34
52 73 14 71 58 33 15 85 44 53 48 51 64 35 78 57 85 14 77 73 31 0 23 74 35 46 99 43 87 62
55 37 95 33 64 94 28 23 97 6 91 70 83 1 47 91 33 95 4 69 47 13 11 84 35 90 46 14 19 1
83 6 88 82 73 4 40 32 81 88 14 24 48 46 14 52 92 99 74 99 47 33 95 96 20 29 85 16 4 80
63 14 81 36 12 16 4 32 96 13 41 64 67 4 19 44 37 19 2 30 90 92 90 25 51 66 25 79 37 72
44 52 79 88 2 8 52 92 69 55 85 43 69 57 31 69 18 68 97 50 65 76 93 5 66 52 38 45 30 48
29 31 10 80 59 59 53 94 55 65 8 2 56 10 63 37 56 95 68 65 87 18 56 42 19 70 72 15 83 33
74 15 70 22 56 59 49 92 27 86 96 98 24 96 59 81 55 43 62 14 5 24 51 30 35 52 26 27 65 9
9 13 33 27 44 30 50 22 38 82 1 90 70 56 78 51 40 2 13 81 47 11 77 76 79 20 48 47 99 20
64 18 36 46 19 98 9 93 67 47 66 54 40 32 95 10 94 74 46 98 42 22 77 27 40 95 9 53 29 86
42 95 47 20 84 73 80 11 95 3 96 54 23 63 95 53 16 36 56 63 20 76 83 8 97 58 63 96 29 24
94 45 84 7 54 85 73 14 98 12 6 8 37 4 44 93 1 13 97 13 11 10 5 20 12 45 22 54 26 37
76 57 49 15 80 12 86 75 18 69 94 19 19 11 97 2 15 57 80 87 30 27 64 97 43 97 41 7 40 19
18 18 33 5 84 8 6 72 4 44 35 19 22 13 87 68 0 92 70 0 42 70 26 67 82 1 72 50 19 37
16 13 42 81 33 52 74 49 60 55 33 39 38 23 74 46 32 92 75 64 90 95 79 72 22 27 95 87 30 5
30 43 84 49 8 10 58 10 81 84 67 32 54 98 39 20 77 34 53 49 67 48 5 44 72 21 79 6 90 17
54 65 95 0 54 97 41 32 37 24 54 74 72 80 14 53 48 29 95 63 22 60 27 16 95 80 87 61 80 7
18 43 78 14 68 53 10 81 74 16 49 64 27 97 47 78 17 25 74 49 26 82 82 1 22 83 88 66 75 56
30 39 90 7 36 15 43 11 7 77 53 71 19 34 18 49 85 13 29 31 25 59 5 13 52 2 27 6 58 94
74 84 62 15 78 46 59 13 48 51 76 20 32 53 23 66 35 43 2 75 79 77 6 15 4 40 24 48 27 85
30 85 9 43 28 52 16 90 78 29 46 19 20 96 81 55 85 20 68 10 40 58 55 63 23 57 30 17 63 80
20 60 77 91 88 46 6 73 96 58 20 66 38 26 16 48 75 15 75 88 95 97 61 64 6 82 76 1 24 64
7 92 15 16 20 92 7 23 96 4 73 63 14 7 58 51 14 73 4 13 16 91 80 68 53 95 42 16 69 45
67 70 67 34 31 77 28 1 49 24 22 78 64 11 83 14 80 41 37 22 67 70 74 80 72 6 28 61 35 42
99 66 72 88 30 8 98 12 19 56 79 14 31 30 44 98 52 27 10 8 83 2 75 51 68 35 7 8 18 75
16 28 66 19 91 41 55 74 57 31 60 28 52 74 95 3 52 14 44 70 92 35 22 73 51 62 62 66 7 92

6204 1676 4248 6260 5817 3260 3806 5419 3441 4148 1670 5114 4860 2486 2069 1488 5318 1552 2256 4931 2139 5260 3876 5306 3634 3048 2713 6243 3523 3102

23124 12194 3202 18698 2329 8221 4785 18137 26796 17253 4135 26622 4849 25083 5550 27228 3082 19202 19263 23387 11663 16876 7697 5489 15034 23631 26610 14393 10587 17712

10 10 12 22 13 13 14 16 27 20 20 14 29 18 10 27 10 17 25 22 16 20 24 20 19 22 23 24 28 15 22 14 11 21 24 17 22 12 26 26 24 13 14 26 16 23 23 20 13 26 21 29 20 17 20 20 10 16 29 14

91 45 29 68 61 39 96 76 76 30 34 50 20 87 52 57 72 55 73 53 35 108 69 91 96 95 22 66 38 98
