60
30

29 77 93 91 41 49 74 23 18 80 38 76 36 78 76 13 85 84 89 64 59 39 18 76 29 67 4 14 14 89
77 91 84 58 97 35 49 91 94 24 32 27 84 29 30 42 62 78 98 98 78 98 17 15 74 14 44 76 22 19
28 23 96 30 61 93 67 94 96 1 1 23 42 78 2 62 25 7 35 13 66 37 14 84 34 40 33 29 58 62
0 92 2 79 75 78 58 49 27 15 96 38 87 72 73 43 23 63 2 47 89 27 27 94 22 90 48 40 80 31
8 39 52 18 18 70 76 81 1 98 60 36 61 43 78 88 21 90 89 61 92 66 2 49 40 69 93 74 95 19
35 96 1 76 99 22 6 39 47 0 34 15 10 88 1 33 39 54 59 39 54 29 74 95 42 25 89 64 77 90
9 60 54 67 23 97 77 74 43 59 22 12 29 82 84 94 26 7 68 23 31 66 83 83 76 97 61 15 81 89
85 80 24 27 30 54 28 79 29 84 56 32 21 16 78 83 47 69 42 44 99 13 55 3 52 78 72 65 95 0
46 56 88 82 72 64 89 35 47 56 13 5 20 90 49 22 0 10 27 20 57 1 6 11 23 33 46 15 88 19
69 75 37 82 20 24 82 93 96 54 83 15 95 33 58 94 99 61 34 58 12 48 73 18 93 70 0 97 62 34
96 11 92 56 33 91 74 26 83 16 52 23 13 99 52 5 43 35 48 82 43 25 52 44 94 10 4 10 24 89
10 19 16 23 60 73 32 9 6 2 3 17 91 22 88 3 73 1 95 35 59 48 17 17 57 91 21 75 17 19
7 59 9 97 19 64 55 74 60 67 30 56 65 57 86 95 30 81 59 42 82 44 82 41 64 42 98 66 53 90
49 51 35 11 88 34 23 76 44 25 64 3 24 85 95 77 45 58 36 37 20 93 21 43 53 60 20 14 8 37
89 11 48 30 67 3 89 40 93 29 80 7 14 56 26 79 14 99 10 90 78 34 77 60 79 41 92 21 41 51
78 65 24 75 2 43 33 49 63 69 45 22 2 21 5 74 32 20 43 24 61 40 99 86 63 90 69 78 8 58
10 77 64 3 55 97 33 48 41 16 74 15 41 86 37 85 55 6 4 80 1 32 15 21 17 64 21 75 54 23
93 22 30 19 80 94 74 73 1 67 70 27 96 13 95 78 95 31 5 7 62 27 7 85 22 17 22 94 6 48
44 76 26 79 29 10 2 77 72 78 98 93 71 60 14 44 65 89 73 11 20 38 86 19 75 22 71 77 79 54
83 83 99 65 73 15 60 87 68 80 41 67 56 82 70 47 22 28 61 37 55 93 87 62 19 5 20 62 83 17
25 79 28 97 27 49 85 31 95 92 73 25 69 75 40 59 68 74 29 28 38 70 9 64 19 49 65 28 55 6
19 21 71 59 29 50 85 15 98 48 34 70 78 25 43 15 54 18 37 84 52 50 4 65 91 27 50 73 87 23
92 33 73 40 2 37 83 44 75 82 36 2 99 75 2 87 49 83 35 17 24 71 18 42 11 31 41 0 38 12
11 17 40 0 77 92 76 12 0 21 53 98 8 45 34 60 25 8 69 51 58 84 47 87 69 92 63 6 86 22
65 50 23 28 8 48 99 62 25 37 0 68 19 38 8 50 9 88 90 79 88 73 31 11 0 37 53 34 9 55
39 47 37 74 69 69 1 93 40 3 53 19 13 13 23 11 17 4 14 22 98 81 86 82 3 61 50 82 34 41
49 76 99 47 83 77 57 42 26 35 40 34 39 21 82 27 65 53 2 12 66 34 12 90 41 90 53 62 37 37
82 29 31 95 50 10 54 57 57 44 85 49 73 43 34 61 59 20 90 29 15 97 3 98 58 72 32 91 1 8
75 70 82 57 51 69 63 42 26 15 97 62 80 95 52 83 63 9 9 49 93 37 95 98 87 93 19 86 36 56
0 63 49 7 28 27 53 82 94 67 98 58 70 75 13 8 21 76 25 94 5 10 20 1 67 72 5 2 44 83
25 37 39 56 21 26 24 80 30 51 87 25 92 98 26 57 81 5 65 10 93 96 33 42 61 77 40 93 66 16
38 7 75 66 45 85 24 60 87 2 24 21 69 73 55 50 78 72 82 84 1 40 11 51 91 27 58 50 12 53
1 27 69 92 55 53 78 13 65 99 44 20 24 66 54 86 55 35 99 75 12 18 85 90 99 50 85 87 99 34
64 59 68 34 67 67 36 90 38 73 26 85 33 4 69 91 44 57 86 79 25 17 65 65 6 49 49 39 33 88
23 74 66 37 45 38 22 51 86 47 56 61 60 16 2 65 46 31 23 94 63 11 50 38 33 60 92 75 27 16
67 38 14 44 70 29 36 48 84 57 73 74 2 46 94 44 12 57 88 48 65 23 27 68 30 71 7 18 4 91
72 37 24 86 8 48 17 97 67 76 66 89 61 1 83 58 31 77 34 76 82 38 28 88 40 87 84 41 77 33
41 90 96 12 58 26 86 19 34 16 87 38 39 43 13 39 38 99 43 75 48 60 57 22 54 50 89 13 89 66
31 80 37 30 87 4 30 91 81 20 32 81 70 57 38 7 93 75 46 35 80 56 49 91 95 54 76 87 84 96
84 56 55 14 63 37 3 32 13 58 72 45 9 4 13 58 58 64 60 79 20 2 61 91 39 89 24 17 7 93
58 88 69 12 34 67 25 5 77 70 91 45 88 15 49 13 36 72 53 84 74 1 8 1 83 5 32 21 22 23
51 82 68 48 7 29 50 54 64 92 16 46 60 14 4 82 21 53 81 34 40 35 92 67 95 0 12 79 55 93
15 13 95 81 95 39 17 93 86 67 58 28 99 43 25 67 45 30 83 89 17 86 98 72 69 87 4 36 91 48
44 54 77 61 13 39 41 28 84 82 22 81 22 7 81 98 3 50 86 68 74 0 34 72 63 46 61 47 89 13
35 2 47 96 30 66 63 18 35 89 51 68 36 46 6 89 88 3 22 50 47 39 24 84 45 41 36 99 20 16
46 0 32 86 20 52 46 61 93 0 26 96 23 12 5 96 95 6 19 6 21 97 0 14 45 55 88 48 76 64
96 40 1 35 45 99 34 98 44 6 33 83 89 33 65 70 4 42 11 52 49 7 49 62 63 92 37 44 23 52
6 67 40 47 20 23 7 94 70 52 92 91 1 83 21 86 5 88 8 76 12 91 25 64 67 60 3 5 85 2
35 17 6 27 0 42 4 37 29 81 17 73 6 37 1 31 43 46 30 8 88 70 92 54 66 87 47 46 36 12
61 94 32 11 20 54 21 12 90 14 92 23 78 65 51 93 21 78 99 8 88 59 15 73 79 38 68 43 70 20
26 3 22 3 43 8 53 51 50 23 48 62 52 37 66 71 41 40 37 90 58 74 89 66 59 18 40 9 97 50
32 21 84 97 12 30 25 84 68 13 29 20 90 55 39 97 5 79 38 85 10 52 9 47 3 45 87 15 76 99
94 85 35 33 74 44 59 93 54 23 92 27 0 29 58 32 54 29 29 16 50 69 88 65 69 38 62 4 65 53
24 7 74 76 96 80 3 22 78 26 32 11 12 71 3 54 33 3 74 17 86 55 38 59 3 47 75 62 57 43
56 2 58 99 24 9 40 29 29 40 72 82 84 40 75 18 78 80 31 41 47 96 30 9 7 54 75 35 88 37
43 54 26 12 86 9 6 23 5 91 59 35 26 30 58 8 90 31 60 72 5 89 98 58 30 32 14 82 8 80
94 88 33 23 33 11 55 39 53 11 38 15 47 76 13 56 26 14 26 66 86 73 42 58 22 50 65 22 63 1
93 54 1 42 2 27 39 10 46 56 74 22 0 97 96 60 94 65 83 66 15 71 90 7 68 23 88 71 24 20
5 98 7 43 41 34 87 33 2 96 74 96 50 58 59 72 59 14 11 76 47 73 48 86 3 77 41 29 41 78
8 6 41 89 14 52 68 1 84 5 78 37 94 61 36 79 98 17 35 96 97 28 60 51 77 43 58 66 58 86

59 99 73 20 21 62 2 11 63 53 14 82 29 18 32 46 46 69 86 4 71 56 70 69 81 99 19 2 5 70
47 81 59 40 15 67 13 40 32 29 7 92 12 66 98 17 36 12 1 25 87 19 62 32 67 66 70 75 5 30
90 18 22 10 96 53 10 2 15 60 30 65 11 71 62 13 90 52 30 40 81 93 14 58 42 83 0 90 87 99
39 69 30 36 25 33 2 70 94 96 84 9 16 53 57 93 33 56 56 48 61 51 5 84 58 62 43 12 29 83
77 25 21 3 25 42 19 56 32 29 64 9 78 55 42 96 98 17 6 76 95 64 58 82 13 13 71 63 96 4
51 58 55 64 62 54 24 81 52 0 64 73 77 94 50 47 96 63 63 54 74 91 58 86 38 89 73 0 67 85
30 19 97 93 12 81 84 89 26 30 58 4 1 50 53 98 55 12 4 91 55 71 38 65 39 30 4 45 72 70
21 46 72 1 35 32 10 95 22 18 76 96 59 24 68 11 71 59 45 58 26 85 48 91 13 1 85 42 44 38
23 51 67 54 50 72 69 89 88 81 19 90 69 13 60 32 15 12 72 5 69 70 60 16 91 91 24 48 89 98
33 75 61 79 1 10 87 34 39 43 55 68 31 98 48 49 55 21 13 16 58 60 78 17 38 21 6 1 6 93
93 2 31 81 47 91 81 9 6 67 20 42 95 39 23 78 4 97 22 96 59 89 90 38 17 44 28 7 89 8
5 68 88 91 86 97 62 32 26 34 30 34 24 99 65 32 72 7 77 83 25 82 72 0 94 46 33 77 35 46
8 51 80 46 14 28 28 81 12 48 13 64 78 76 98 96 97 41 67 5 55 61 14 23 95 26 52 82 70 22
1 79 5 28 98 43 57 8 76 8 27 94 82 69 68 11 27 82 93 13 6 32 75 15 26 76 94 46 12 37
70 64 0 12 98 87 39 17 54 56 35 72 60 26 36 10 17 42 28 72 32 50 0 93 22 59 82 18 58 46
78 94 75 69 46 20 74 33 94 68 88 24 95 81 87 7 34 43 40 48 59 49 64 10 69 34 30 38 92 42
1 15 18 29 24 81 87 45 96 26 63 37 93 96 31 64 8 3 1 12 51 88 9 63 14 5 45 43 81 23
48 60 59 47 61 9 54 25 6 94 1 79 59 9 50 86 5 64 46 86 20 58 63 2 6 33 80 1 70 51
5 18 31 99 93 41 95 94 2 4 26 45 99 62 4 11 89 36 67 44 48 32 35 11 85 8 14 41 33 18
98 29 80 57 7 4 84 0 70 36 4 3 0 40 72 99 34 11 87 19 48 81 85 22 52 93 27 6 32 41
17 33 93 94 36 0 28 38 41 33 99 78 91 85 23 89 76 66 93 20 71 36 70 71 48 42 38 21 95 74
94 50 52 77 32 1 46 40 31 79 94 53 52 58 95 93 20 71 42 98 36 91 17 21 38 28 56 82 20 1
97 69 72 55 28 34 0 51 36 0 40 25 96 77 62 3 48 51 58 28 72 81 32 20 47 33 44 82 50 36
85 32 35 30 72 9 10 44 96 84 78 29 65 89 24 28 24 35 76 60 34 75 44 58 57 43 34 65 65 80
91 6 85 8 14 74 37 33 38 3 26 83 93 10 1 2 80 32 92 65 8 4 86 88 8 26 0 41 98 38
65 86 69 93 28 10 33 98 47 14 22 59 10 76 50 53 30 13 86 21 82 0 68 43 85 16 87 36 62 35
7 2 93 83 94 9 87 17 93 79 15 6 48 15 80 28 68 98 19 86 91 32 70 36 81 20 39 70 79 95
52 90 78 37 85 69 0 66 92 95 92 73 93 33 76 32 74 52 14 16 22 5 65 6 94 63 68 56 91 33
53 63 93 11 79 53 62 61 44 84 38 6 26 17 67 84 37 22 47 98 0 7 79 69 3 88 53 61 50 52
21 50 55 57 16 47 21 91 32 92 8 84 78 2 90 26 60 13 36 52 60 62 92 99 13 95 22 29 6 6
47 89 45 39 0 46 65 88 69 19 87 12 96 95 27 28 77 96 30 46 54 47 87 79 1 53 37 17 64 84
73 63 76 26 13 80 81 56 95 67 32 37 8 89 36 49 61 21 79 2 72 73 41 83 14 30 87 58 48 86
93 13 36 90 53 5 13 23 61 66 71 60 70 73 58 9 79 84 16 10 87 99 15 52 26 92 37 34 58 31
29 71 97 80 37 37 92 45 70 84 78 11 70 83 92 86 90 72 1 41 92 16 89 22 27 8 6 61 61 56
72 21 49 58 89 54 79 47 6 45 41 48 43 80 77 95 52 64 40 99 99 67 45 54 72 85 9 33 55 31
5 0 33 6 62 50 2 10 27 55 7 85 22 65 40 17 92 98 56 24 30 26 95 13 96 30 21 81 0 87
19 99 96 14 97 94 11 66 95 25 5 88 4 22 44 54 28 19 24 36 58 14 71 6 34 35 26 40 22 86
74 97 17 16 76 88 65 22 21 44 50 84 99 64 6 97 75 99 38 42 92 95 58 12 56 11 85 93 75 75
55 51 41 56 43 86 94 54 87 57 5 38 73 74 58 95 19 27 17 53 76 91 28 2 6 24 67 28 39 53
47 18 2 10 46 26 64 70 11 86 64 95 62 20 91 87 87 84 49 9 9 35 18 30 73 29 2 87 70 62
13 84 5 43 42 76 72 34 19 84 1 0 43 64 77 78 58 21 57 28 98 22 27 34 17 76 81 86 91 66
18 37 44 62 72 18 54 41 37 77 22 96 45 56 19 20 21 19 48 78 96 13 68 23 80 2 99 0 14 30
69 59 50 91 96 65 35 99 12 77 94 16 60 30 39 53 38 47 49 66 61 65 97 20 61 49 16 61 61 30
48 56 80 90 89 81 54 79 39 40 92 37 33 82 93 67 88 34 93 62 5 60 19 92 9 21 75 16 18 99
76 47 69 5 16 15 46 82 27 90 91 83 67 51 80 72 55 39 8 85 24 9 16 57 68 77 47 80 7 20
3 72 90 87 72 56 18 20 18 85 47 94 60 64 8 30 96 49 53 34 25 33 22 64 98 32 77 39 83 55
52 38 28 2 20 39 66 34 75 17 87 97 72 87 75 10 85 67 79 46 67 96 78 47 24 31 50 78 40 5
52 93 6 26 81 81 61 51 69 3 23 53 22 44 79 73 25 41 66 30 63 61 53 23 16 40 19 44 58 3
72 3 49 36 60 18 90 64 77 21 9 73 50 0 76 70 73 59 62 70 18 71 16 59 37 66 98 64 40 68
95 34 12 70 31 17 5 30 18 76 7 5 29 92 89 64 89 33 80 57 96 0 7 19 45 74 20 33 95 16
71 95 20 15 25 45 14 61 32 57 61 9 65 12 78 52 24 76 88 11 49 84 2 28 97 84 90 6 77 86
90 35 45 49 74 5 96 71 78 86 27 73 55 22 36 5 19 89 85 1 84 99 53 62 12 43 48 55 29 21
56 41 74 0 41 83 90 84 36 98 61 1 78 32 70 40 81 5 25 78 52 31 76 8 90 17 21 25 22 1
74 55 78 69 52 34 89 80 83 45 78 79 64 9 68 68 12 56 31 83 81 39 53 88 48 66 78 80 85 47
78 71 76 9 37 96 37 2 66 52 54 2 78 72 46 2 81 95 23 31 94 69 81 32 65 26 69 19 63 85
20 75 72 93 19 53 2 2 56 10 98 41 91 83 17 41 32 69 0 5 81 92 50 45 31 60 13 25 95 30
11 75 4 65 62 75 24 21 14 23 44 9 59 18 69 35 99 53 2 87 3 72 0 34 51 49 48 68 71 97
67 80 12 93 75 69 1 5 48 18 89 49 50 90 71 86 46 23 51 80 1 26 69 48 30 19 24 73 59 44
59 84 14 66 80 89 32 26 42 51 83 14 14 23 30 85 6 75 69 26 23 99 35 50 75 66 57 76 70 64
5 18 49 56 48 2 53 17 36 71 36 59 60 46 52 47 56 71 84 46 68 44 89 92 67 14 98 37 2 0

6204 1676 4248 6260 5817 3260 3806 5419 3441 4148 1670 5114 4860 2486 2069 1488 5318 1552 2256 4931 2139 5260 3876 5306 3634 3048 2713 6243 3523 3102

2485 8894 8200 3083 6913 5180 7629 2241 2487 7205 8253 6519 6789 4929 3503 3423 8441 7265 4647 4452 8799 3574 6020 7494 9290 5673 3637 2263 3658 6815

10 10 12 22 13 13 14 16 27 20 20 14 29 18 10 27 10 17 25 22 16 20 24 20 19 22 23 24 28 15 22 14 11 21 24 17 22 12 26 26 24 13 14 26 16 23 23 20 13 26 21 29 20 17 20 20 10 16 29 14

91 45 29 68 61 39 96 76 76 30 34 50 20 87 52 57 72 55 73 53 35 108 69 91 96 95 22 66 38 98
