60
30

21 32 13 4 10 55 14 99 39 48 58 1 11 2 94 5 26 74 7 54 33 37 96 1 31 60 0 18 32 66
28 66 38 39 64 77 72 65 40 55 62 31 11 53 95 23 67 16 46 77 71 81 90 8 8 75 42 84 72 58
52 46 52 93 98 88 63 55 29 25 53 89 33 47 81 2 76 11 37 33 0 35 61 40 91 86 67 7 53 74
93 42 51 9 36 36 3 67 18 1 39 85 21 89 63 64 71 90 67 67 64 41 0 37 64 89 90 62 10 15
64 78 21 83 16 68 82 87 23 17 47 19 7 22 98 56 88 57 45 51 80 69 41 90 31 25 79 31 94 52
61 37 95 46 76 86 32 19 27 5 6 35 78 59 87 43 28 11 66 5 28 12 25 77 2 99 50 99 14 7
54 5 28 25 93 35 38 51 85 34 47 17 72 70 50 10 82 87 35 91 78 90 8 93 9 28 12 52 88 12
89 5 74 97 6 51 24 4 49 66 56 67 52 16 13 28 15 3 42 20 33 51 30 1 29 4 40 42 75 3
51 72 36 52 2 35 77 3 82 20 11 15 26 51 86 64 96 70 33 13 66 38 20 61 51 30 1 50 22 15
29 71 17 41 96 20 37 56 5 85 82 52 88 72 74 99 32 89 61 11 77 56 2 69 81 12 93 75 91 25
59 26 50 43 38 36 23 19 26 26 45 21 63 75 3 4 78 3 9 87 21 20 30 91 46 68 88 8 30 37
31 18 53 32 49 73 38 30 79 5 64 41 35 50 86 68 43 69 15 35 69 20 64 21 86 18 42 21 95 74
64 23 10 9 4 69 71 82 17 49 40 75 95 27 99 28 38 15 53 18 58 47 3 18 50 93 51 80 84 43
47 49 15 44 81 69 11 55 1 59 46 74 91 67 12 38 48 30 27 6 40 96 82 71 36 78 12 70 41 63
14 81 70 91 29 17 55 64 71 86 56 58 72 41 29 63 54 61 78 47 87 32 73 37 56 18 29 63 59 41
82 94 19 8 80 75 77 62 7 49 81 37 91 4 12 41 62 86 11 9 71 87 74 93 80 70 52 78 82 7
69 48 13 42 40 29 77 93 50 5 70 74 33 65 96 85 60 19 7 2 21 27 96 75 66 92 52 13 37 23
25 6 98 88 83 18 63 78 47 53 66 76 41 80 21 4 99 60 80 76 94 18 68 89 7 55 68 34 39 80
79 2 31 28 74 15 50 77 23 19 61 83 63 10 75 99 36 70 61 52 13 66 63 85 89 99 44 86 4 34
53 74 42 45 2 4 96 35 88 15 2 47 80 25 4 45 90 57 67 58 81 53 71 98 67 94 65 90 32 45
26 7 66 91 91 62 82 35 39 11 76 70 35 83 45 40 77 27 64 72 2 42 93 22 41 36 66 81 27 25
85 27 6 75 13 21 87 42 47 89 52 58 8 22 0 81 88 7 91 4 36 53 27 77 67 85 81 0 34 20
56 98 0 42 40 65 89 44 90 55 10 99 56 47 86 95 28 24 23 20 79 30 7 2 27 95 9 34 24 62
56 32 79 30 60 21 50 7 48 33 61 48 20 68 44 5 27 51 94 24 54 91 99 62 36 13 86 11 62 30
78 52 25 76 73 74 36 8 78 37 7 53 56 50 63 64 86 12 55 0 25 23 68 50 31 65 47 73 84 18
4 1 22 51 49 57 63 12 84 67 92 95 43 62 31 70 60 24 23 4 7 89 96 93 38 44 77 5 22 59
2 88 47 40 9 98 43 18 23 55 45 77 81 26 96 10 40 95 66 50 70 69 29 11 28 35 24 36 66 55
5 43 19 74 43 11 66 84 36 49 74 44 46 37 61 79 64 37 37 92 76 13 16 53 81 98 93 81 72 8
49 91 1 88 11 9 78 42 94 56 67 77 86 51 2 60 67 10 7 78 72 8 18 52 22 55 31 27 11 90
13 56 98 97 75 47 54 5 72 30 65 17 85 76 79 76 11 79 61 77 47 59 94 71 57 69 23 29 60 15
48 54 65 98 11 56 55 70 22 53 83 37 27 22 51 59 19 50 60 42 28 43 66 98 53 87 93 39 30 83
59 22 23 92 32 65 10 62 27 94 86 23 6 94 1 82 36 82 22 31 19 16 73 78 6 6 94 41 64 99
22 82 29 51 99 55 1 8 39 10 40 52 18 69 70 99 80 63 23 44 53 11 46 84 30 53 73 86 62 1
40 56 58 42 85 47 90 22 50 92 65 99 4 67 86 19 40 18 32 86 6 85 23 8 84 47 52 48 30 32
1 11 32 85 64 36 49 95 58 3 38 3 80 35 89 56 59 85 18 81 97 24 88 89 93 72 62 21 16 45
3 31 52 96 84 24 45 92 56 25 12 35 13 41 98 29 26 26 2 57 41 90 90 9 86 79 74 81 96 43
25 30 81 62 56 62 75 83 75 93 53 8 11 88 9 25 57 94 8 78 80 4 83 9 99 25 24 23 22 44
87 64 3 95 9 98 51 93 22 37 5 74 96 56 63 61 44 91 19 50 88 4 55 76 52 73 84 10 41 30
44 98 21 54 99 37 97 1 75 53 78 28 57 27 53 26 22 80 24 91 69 20 80 89 89 1 94 83 80 58
85 53 95 12 71 98 84 58 15 28 63 87 30 65 28 98 2 15 94 4 38 96 15 33 59 10 42 90 91 7
95 18 15 84 78 84 97 1 52 63 92 26 48 18 3 25 87 89 33 63 29 20 64 93 90 22 61 36 71 29
58 80 11 94 0 59 44 39 43 84 24 62 22 36 64 49 57 52 77 54 46 51 28 45 66 86 47 26 84 28
34 89 50 5 83 42 22 57 93 36 40 84 40 71 55 89 41 64 87 58 15 4 53 4 42 25 90 98 67 86
84 40 86 15 55 51 38 75 73 97 74 60 4 56 67 10 5 11 8 25 26 19 91 3 76 88 68 38 73 65
50 51 81 17 79 37 98 56 79 62 55 43 83 28 38 74 92 4 47 19 94 74 41 83 68 72 48 13 51 89
35 46 23 71 55 97 66 60 40 22 80 22 82 99 66 87 32 26 28 81 16 20 24 35 37 61 84 84 14 27
86 14 81 12 35 5 46 11 98 73 77 22 91 34 79 11 17 10 58 20 12 77 8 17 22 7 53 33 48 69
29 25 16 79 6 55 59 13 56 79 23 42 43 94 33 28 81 69 78 5 79 79 2 29 80 2 13 74 64 46
45 10 59 41 33 78 86 82 89 60 47 18 88 12 6 43 2 91 35 4 39 5 39 45 80 81 50 61 17 96
83 15 31 45 80 54 76 36 88 17 45 19 44 33 39 11 71 42 66 62 99 89 40 76 72 76 54 81 97 72
55 14 56 21 38 68 82 81 34 9 60 2 71 64 30 23 21 44 77 32 69 39 41 40 67 12 95 47 51 82
62 4 44 48 68 12 69 25 62 85 44 80 38 98 32 76 52 79 75 96 2 19 26 69 41 14 58 37 13 51
26 41 44 21 2 99 37 4 2 20 31 70 89 63 46 79 18 39 14 84 43 32 58 78 26 59 88 12 95 5
16 98 54 21 7 74 43 47 20 81 88 10 9 82 5 1 92 39 41 43 85 14 65 97 93 50 32 67 84 75
13 98 80 15 36 88 71 13 82 52 7 91 51 6 29 8 73 69 68 90 40 81 93 36 77 16 92 44 80 8
41 88 92 31 67 47 94 13 22 74 30 52 25 54 89 75 32 80 23 68 56 59 73 54 26 10 17 93 74 36
79 50 82 78 62 46 25 54 76 74 4 89 99 66 39 52 74 37 73 70 35 32 21 90 24 64 36 87 19 11
96 70 13 18 42 13 1 16 88 16 51 51 23 80 96 94 46 38 49 70 16 93 36 24 15 47 99 19 32 12
16 33 50 54 38 88 65 3 35 42 76 29 13 29 44 63 29 13 82 31 34 2 36 6 1 34 75 9 30 33
88 21 41 5 65 67 84 94 7 3 40 57 93 4 78 99 95 46 5 82 18 16 20 20 21 7 55 84 27 72

59 99 73 20 21 62 2 11 63 53 14 82 29 18 32 46 46 69 86 4 71 56 70 69 81 99 19 2 5 70
47 81 59 40 15 67 13 40 32 29 7 92 12 66 98 17 36 12 1 25 87 19 62 32 67 66 70 75 5 30
90 18 22 10 96 53 10 2 15 60 30 65 11 71 62 13 90 52 30 40 81 93 14 58 42 83 0 90 87 99
39 69 30 36 25 33 2 70 94 96 84 9 16 53 57 93 33 56 56 48 61 51 5 84 58 62 43 12 29 83
77 25 21 3 25 42 19 56 32 29 64 9 78 55 42 96 98 17 6 76 95 64 58 82 13 13 71 63 96 4
51 58 55 64 62 54 24 81 52 0 64 73 77 94 50 47 96 63 63 54 74 91 58 86 38 89 73 0 67 85
30 19 97 93 12 81 84 89 26 30 58 4 1 50 53 98 55 12 4 91 55 71 38 65 39 30 4 45 72 70
21 46 72 1 35 32 10 95 22 18 76 96 59 24 68 11 71 59 45 58 26 85 48 91 13 1 85 42 44 38
23 51 67 54 50 72 69 89 88 81 19 90 69 13 60 32 15 12 72 5 69 70 60 16 91 91 24 48 89 98
33 75 61 79 1 10 87 34 39 43 55 68 31 98 48 49 55 21 13 16 58 60 78 17 38 21 6 1 6 93
93 2 31 81 47 91 81 9 6 67 20 42 95 39 23 78 4 97 22 96 59 89 90 38 17 44 28 7 89 8
5 68 88 91 86 97 62 32 26 34 30 34 24 99 65 32 72 7 77 83 25 82 72 0 94 46 33 77 35 46
8 51 80 46 14 28 28 81 12 48 13 64 78 76 98 96 97 41 67 5 55 61 14 23 95 26 52 82 70 22
1 79 5 28 98 43 57 8 76 8 27 94 82 69 68 11 27 82 93 13 6 32 75 15 26 76 94 46 12 37
70 64 0 12 98 87 39 17 54 56 35 72 60 26 36 10 17 42 28 72 32 50 0 93 22 59 82 18 58 46
78 94 75 69 46 20 74 33 94 68 88 24 95 81 87 7 34 43 40 48 59 49 64 10 69 34 30 38 92 42
1 15 18 29 24 81 87 45 96 26 63 37 93 96 31 64 8 3 1 12 51 88 9 63 14 5 45 43 81 23
48 60 59 47 61 9 54 25 6 94 1 79 59 9 50 86 5 64 46 86 20 58 63 2 6 33 80 1 70 51
5 18 31 99 93 41 95 94 2 4 26 45 99 62 4 11 89 36 67 44 48 32 35 11 85 8 14 41 33 18
98 29 80 57 7 4 84 0 70 36 4 3 0 40 72 99 34 11 87 19 48 81 85 22 52 93 27 6 32 41
17 33 93 94 36 0 28 38 41 33 99 78 91 85 23 89 76 66 93 20 71 36 70 71 48 42 38 21 95 74
94 50 52 77 32 1 46 40 31 79 94 53 52 58 95 93 20 71 42 98 36 91 17 21 38 28 56 82 20 1
97 69 72 55 28 34 0 51 36 0 40 25 96 77 62 3 48 51 58 28 72 81 32 20 47 33 44 82 50 36
85 32 35 30 72 9 10 44 96 84 78 29 65 89 24 28 24 35 76 60 34 75 44 58 57 43 34 65 65 80
91 6 85 8 14 74 37 33 38 3 26 83 93 10 1 2 80 32 92 65 8 4 86 88 8 26 0 41 98 38
65 86 69 93 28 10 33 98 47 14 22 59 10 76 50 53 30 13 86 21 82 0 68 43 85 16 87 36 62 35
7 2 93 83 94 9 87 17 93 79 15 6 48 15 80 28 68 98 19 86 91 32 70 36 81 20 39 70 79 95
52 90 78 37 85 69 0 66 92 95 92 73 93 33 76 32 74 52 14 16 22 5 65 6 94 63 68 56 91 33
53 63 93 11 79 53 62 61 44 84 38 6 26 17 67 84 37 22 47 98 0 7 79 69 3 88 53 61 50 52
21 50 55 57 16 47 21 91 32 92 8 84 78 2 90 26 60 13 36 52 60 62 92 99 13 95 22 29 6 6
47 89 45 39 0 46 65 88 69 19 87 12 96 95 27 28 77 96 30 46 54 47 87 79 1 53 37 17 64 84
73 63 76 26 13 80 81 56 95 67 32 37 8 89 36 49 61 21 79 2 72 73 41 83 14 30 87 58 48 86
93 13 36 90 53 5 13 23 61 66 71 60 70 73 58 9 79 84 16 10 87 99 15 52 26 92 37 34 58 31
29 71 97 80 37 37 92 45 70 84 78 11 70 83 92 86 90 72 1 41 92 16 89 22 27 8 6 61 61 56
72 21 49 58 89 54 79 47 6 45 41 48 43 80 77 95 52 64 40 99 99 67 45 54 72 85 9 33 55 31
5 0 33 6 62 50 2 10 27 55 7 85 22 65 40 17 92 98 56 24 30 26 95 13 96 30 21 81 0 87
19 99 96 14 97 94 11 66 95 25 5 88 4 22 44 54 28 19 24 36 58 14 71 6 34 35 26 40 22 86
74 97 17 16 76 88 65 22 21 44 50 84 99 64 6 97 75 99 38 42 92 95 58 12 56 11 85 93 75 75
55 51 41 56 43 86 94 54 87 57 5 38 73 74 58 95 19 27 17 53 76 91 28 2 6 24 67 28 39 53
47 18 2 10 46 26 64 70 11 86 64 95 62 20 91 87 87 84 49 9 9 35 18 30 73 29 2 87 70 62
13 84 5 43 42 76 72 34 19 84 1 0 43 64 77 78 58 21 57 28 98 22 27 34 17 76 81 86 91 66
18 37 44 62 72 18 54 41 37 77 22 96 45 56 19 20 21 19 48 78 96 13 68 23 80 2 99 0 14 30
69 59 50 91 96 65 35 99 12 77 94 16 60 30 39 53 38 47 49 66 61 65 97 20 61 49 16 61 61 30
48 56 80 90 89 81 54 79 39 40 92 37 33 82 93 67 88 34 93 62 5 60 19 92 9 21 75 16 18 99
76 47 69 5 16 15 46 82 27 90 91 83 67 51 80 72 55 39 8 85 24 9 16 57 68 77 47 80 7 20
3 72 90 87 72 56 18 20 18 85 47 94 60 64 8 30 96 49 53 34 25 33 22 64 98 32 77 39 83 55
52 38 28 2 20 39 66 34 75 17 87 97 72 87 75 10 85 67 79 46 67 96 78 47 24 31 50 78 40 5
52 93 6 26 81 81 61 51 69 3 23 53 22 44 79 73 25 41 66 30 63 61 53 23 16 40 19 44 58 3
72 3 49 36 60 18 90 64 77 21 9 73 50 0 76 70 73 59 62 70 18 71 16 59 37 66 98 64 40 68
95 34 12 70 31 17 5 30 18 76 7 5 29 92 89 64 89 33 80 57 96 0 7 19 45 74 20 33 95 16
71 95 20 15 25 45 14 61 32 57 61 9 65 12 78 52 24 76 88 11 49 84 2 28 97 84 90 6 77 86
90 35 45 49 74 5 96 71 78 86 27 73 55 22 36 5 19 89 85 1 84 99 53 62 12 43 48 55 29 21
56 41 74 0 41 83 90 84 36 98 61 1 78 32 70 40 81 5 25 78 52 31 76 8 90 17 21 25 22 1
74 55 78 69 52 34 89 80 83 45 78 79 64 9 68 68 12 56 31 83 81 39 53 88 48 66 78 80 85 47
78 71 76 9 37 96 37 2 66 52 54 2 78 72 46 2 81 95 23 31 94 69 81 32 65 26 69 19 63 85
20 75 72 93 19 53 2 2 56 10 98 41 91 83 17 41 32 69 0 5 81 92 50 45 31 60 13 25 95 30
11 75 4 65 62 75 24 21 14 23 44 9 59 18 69 35 99 53 2 87 3 72 0 34 51 49 48 68 71 97
67 80 12 93 75 69 1 5 48 18 89 49 50 90 71 86 46 23 51 80 1 26 69 48 30 19 24 73 59 44
59 84 14 66 80 89 32 26 42 51 83 14 14 23 30 85 6 75 69 26 23 99 35 50 75 66 57 76 70 64
5 18 49 56 48 2 53 17 36 71 36 59 60 46 52 47 56 71 84 46 68 44 89 92 67 14 98 37 2 0

2163 2086 3236 5657 6447 4360 5603 3160 5786 6587 1855 2938 6662 6111 1382 6377 6567 3486 1902 2240 5892 5898 3842 4734 5671 1204 1414 3213 6788 2822

2485 8894 8200 3083 6913 5180 7629 2241 2487 7205 8253 6519 6789 4929 3503 3423 8441 7265 4647 4452 8799 3574 6020 7494 9290 5673 3637 2263 3658 6815

13 15 27 15 18 10 19 12 18 17 20 18 11 14 28 28 20 23 20 19 19 25 18 12 18 14 20 12 21 28 20 12 29 25 26 25 28 19 10 27 22 13 23 29 27 18 23 27 24 29 10 10 20 25 16 21 28 24 27 16

103 61 91 86 28 46 110 91 94 83 98 26 32 64 81 81 83 39 113 52 54 68 86 91 91 112 48 41 41 54
