20
10

95 48 64 51 92 31 71 71 32 56
53 93 94 19 81 34 14 83 17 19
43 17 78 11 55 35 20 71 84 44
30 9 1 44 13 86 71 53 8 8
52 40 74 93 10 91 26 18 85 47
3 78 9 78 27 4 75 97 49 26
10 8 14 85 94 61 88 23 25 56
21 98 25 0 45 28 55 25 32 30
50 32 56 22 14 89 39 19 44 23
75 13 41 73 51 30 60 94 29 19
99 39 38 90 7 44 7 20 85 1
24 98 17 96 6 68 17 47 24 0
16 60 8 84 20 95 24 41 83 15
8 3 15 52 99 73 99 9 87 4
84 0 90 40 94 78 21 3 47 6
3 34 94 86 41 11 18 35 72 9
46 79 37 67 65 99 55 79 52 63
98 36 57 12 75 69 89 97 3 77
11 73 4 47 26 7 57 81 26 58
99 16 28 17 61 72 15 42 67 82

34 78 31 70 45 9 50 22 70 25
36 73 11 99 32 35 81 92 64 26
82 64 81 74 6 62 61 87 51 36
9 10 63 80 78 97 45 17 9 47
84 72 77 81 92 85 61 81 63 85
98 0 89 11 90 16 90 45 55 90
52 8 63 56 74 29 82 53 69 83
32 63 70 61 22 32 42 21 17 83
91 27 60 43 26 81 40 44 18 3
99 81 58 12 95 19 5 10 80 95
84 86 63 60 72 79 47 32 76 58
80 99 99 41 53 45 45 30 33 21
7 37 12 75 46 49 14 3 40 37
94 1 80 12 11 20 31 89 65 57
84 0 40 27 72 82 68 18 23 21
30 0 74 26 50 56 67 76 43 53
13 53 32 64 69 50 41 20 86 37
24 47 28 7 98 11 44 32 81 88
60 20 53 28 30 30 4 74 47 7
11 58 6 31 88 94 88 94 81 27

1548 1270 1792 338 1554 468 565 437 2280 1824

840 789 1090 739 563 207 671 834 300 437

10 18 15 27 26 20 28 26 16 16 25 24 22 29 28 11 21 10 14 18

99 46 86 29 71 21 49 38 86 98
