20
10

95 48 64 51 92 31 71 71 32 56
53 93 94 19 81 34 14 83 17 19
43 17 78 11 55 35 20 71 84 44
30 9 1 44 13 86 71 53 8 8
52 40 74 93 10 91 26 18 85 47
3 78 9 78 27 4 75 97 49 26
10 8 14 85 94 61 88 23 25 56
21 98 25 0 45 28 55 25 32 30
50 32 56 22 14 89 39 19 44 23
75 13 41 73 51 30 60 94 29 19
99 39 38 90 7 44 7 20 85 1
24 98 17 96 6 68 17 47 24 0
16 60 8 84 20 95 24 41 83 15
8 3 15 52 99 73 99 9 87 4
84 0 90 40 94 78 21 3 47 6
3 34 94 86 41 11 18 35 72 9
46 79 37 67 65 99 55 79 52 63
98 36 57 12 75 69 89 97 3 77
11 73 4 47 26 7 57 81 26 58
99 16 28 17 61 72 15 42 67 82

51 47 94 76 60 24 18 6 96 20
39 5 1 8 33 70 2 86 55 81
65 62 12 10 16 50 27 38 84 97
93 9 82 64 65 1 29 16 39 95
90 5 12 72 65 48 25 65 77 25
42 46 36 63 2 31 61 69 56 33
8 42 70 83 25 59 67 12 41 28
30 68 45 53 83 94 21 42 42 97
56 67 81 4 17 58 69 56 70 68
74 93 0 65 20 51 34 35 75 51
94 83 80 60 26 90 53 55 74 51
42 14 7 98 84 26 9 90 27 84
3 31 92 7 47 28 99 2 44 11
86 64 46 93 75 85 37 8 94 99
43 83 29 94 85 19 87 84 78 95
85 95 54 10 95 20 49 31 12 53
79 24 22 3 17 64 3 37 15 67
52 20 57 83 58 45 32 52 47 58
49 98 55 47 56 21 41 29 13 17
11 53 48 27 29 23 87 94 45 90

1548 1270 1792 338 1554 468 565 437 2280 1824

206 132 335 219 340 206 340 298 233 322

10 18 15 27 26 20 28 26 16 16 25 24 22 29 28 11 21 10 14 18

99 46 86 29 71 21 49 38 86 98
