60
30

59 99 73 20 21 62 2 11 63 53 14 82 29 18 32 46 46 69 86 4 71 56 70 69 81 99 19 2 5 70
47 81 59 40 15 67 13 40 32 29 7 92 12 66 98 17 36 12 1 25 87 19 62 32 67 66 70 75 5 30
90 18 22 10 96 53 10 2 15 60 30 65 11 71 62 13 90 52 30 40 81 93 14 58 42 83 0 90 87 99
39 69 30 36 25 33 2 70 94 96 84 9 16 53 57 93 33 56 56 48 61 51 5 84 58 62 43 12 29 83
77 25 21 3 25 42 19 56 32 29 64 9 78 55 42 96 98 17 6 76 95 64 58 82 13 13 71 63 96 4
51 58 55 64 62 54 24 81 52 0 64 73 77 94 50 47 96 63 63 54 74 91 58 86 38 89 73 0 67 85
30 19 97 93 12 81 84 89 26 30 58 4 1 50 53 98 55 12 4 91 55 71 38 65 39 30 4 45 72 70
21 46 72 1 35 32 10 95 22 18 76 96 59 24 68 11 71 59 45 58 26 85 48 91 13 1 85 42 44 38
23 51 67 54 50 72 69 89 88 81 19 90 69 13 60 32 15 12 72 5 69 70 60 16 91 91 24 48 89 98
33 75 61 79 1 10 87 34 39 43 55 68 31 98 48 49 55 21 13 16 58 60 78 17 38 21 6 1 6 93
93 2 31 81 47 91 81 9 6 67 20 42 95 39 23 78 4 97 22 96 59 89 90 38 17 44 28 7 89 8
5 68 88 91 86 97 62 32 26 34 30 34 24 99 65 32 72 7 77 83 25 82 72 0 94 46 33 77 35 46
8 51 80 46 14 28 28 81 12 48 13 64 78 76 98 96 97 41 67 5 55 61 14 23 95 26 52 82 70 22
1 79 5 28 98 43 57 8 76 8 27 94 82 69 68 11 27 82 93 13 6 32 75 15 26 76 94 46 12 37
70 64 0 12 98 87 39 17 54 56 35 72 60 26 36 10 17 42 28 72 32 50 0 93 22 59 82 18 58 46
78 94 75 69 46 20 74 33 94 68 88 24 95 81 87 7 34 43 40 48 59 49 64 10 69 34 30 38 92 42
1 15 18 29 24 81 87 45 96 26 63 37 93 96 31 64 8 3 1 12 51 88 9 63 14 5 45 43 81 23
48 60 59 47 61 9 54 25 6 94 1 79 59 9 50 86 5 64 46 86 20 58 63 2 6 33 80 1 70 51
5 18 31 99 93 41 95 94 2 4 26 45 99 62 4 11 89 36 67 44 48 32 35 11 85 8 14 41 33 18
98 29 80 57 7 4 84 0 70 36 4 3 0 40 72 99 34 11 87 19 48 81 85 22 52 93 27 6 32 41
17 33 93 94 36 0 28 38 41 33 99 78 91 85 23 89 76 66 93 20 71 36 70 71 48 42 38 21 95 74
94 50 52 77 32 1 46 40 31 79 94 53 52 58 95 93 20 71 42 98 36 91 17 21 38 28 56 82 20 1
97 69 72 55 28 34 0 51 36 0 40 25 96 77 62 3 48 51 58 28 72 81 32 20 47 33 44 82 50 36
85 32 35 30 72 9 10 44 96 84 78 29 65 89 24 28 24 35 76 60 34 75 44 58 57 43 34 65 65 80
91 6 85 8 14 74 37 33 38 3 26 83 93 10 1 2 80 32 92 65 8 4 86 88 8 26 0 41 98 38
65 86 69 93 28 10 33 98 47 14 22 59 10 76 50 53 30 13 86 21 82 0 68 43 85 16 87 36 62 35
7 2 93 83 94 9 87 17 93 79 15 6 48 15 80 28 68 98 19 86 91 32 70 36 81 20 39 70 79 95
52 90 78 37 85 69 0 66 92 95 92 73 93 33 76 32 74 52 14 16 22 5 65 6 94 63 68 56 91 33
53 63 93 11 79 53 62 61 44 84 38 6 26 17 67 84 37 22 47 98 0 7 79 69 3 88 53 61 50 52
21 50 55 57 16 47 21 91 32 92 8 84 78 2 90 26 60 13 36 52 60 62 92 99 13 95 22 29 6 6
47 89 45 39 0 46 65 88 69 19 87 12 96 95 27 28 77 96 30 46 54 47 87 79 1 53 37 17 64 84
73 63 76 26 13 80 81 56 95 67 32 37 8 89 36 49 61 21 79 2 72 73 41 83 14 30 87 58 48 86
93 13 36 90 53 5 13 23 61 66 71 60 70 73 58 9 79 84 16 10 87 99 15 52 26 92 37 34 58 31
29 71 97 80 37 37 92 45 70 84 78 11 70 83 92 86 90 72 1 41 92 16 89 22 27 8 6 61 61 56
72 21 49 58 89 54 79 47 6 45 41 48 43 80 77 95 52 64 40 99 99 67 45 54 72 85 9 33 55 31
5 0 33 6 62 50 2 10 27 55 7 85 22 65 40 17 92 98 56 24 30 26 95 13 96 30 21 81 0 87
19 99 96 14 97 94 11 66 95 25 5 88 4 22 44 54 28 19 24 36 58 14 71 6 34 35 26 40 22 86
74 97 17 16 76 88 65 22 21 44 50 84 99 64 6 97 75 99 38 42 92 95 58 12 56 11 85 93 75 75
55 51 41 56 43 86 94 54 87 57 5 38 73 74 58 95 19 27 17 53 76 91 28 2 6 24 67 28 39 53
47 18 2 10 46 26 64 70 11 86 64 95 62 20 91 87 87 84 49 9 9 35 18 30 73 29 2 87 70 62
13 84 5 43 42 76 72 34 19 84 1 0 43 64 77 78 58 21 57 28 98 22 27 34 17 76 81 86 91 66
18 37 44 62 72 18 54 41 37 77 22 96 45 56 19 20 21 19 48 78 96 13 68 23 80 2 99 0 14 30
69 59 50 91 96 65 35 99 12 77 94 16 60 30 39 53 38 47 49 66 61 65 97 20 61 49 16 61 61 30
48 56 80 90 89 81 54 79 39 40 92 37 33 82 93 67 88 34 93 62 5 60 19 92 9 21 75 16 18 99
76 47 69 5 16 15 46 82 27 90 91 83 67 51 80 72 55 39 8 85 24 9 16 57 68 77 47 80 7 20
3 72 90 87 72 56 18 20 18 85 47 94 60 64 8 30 96 49 53 34 25 33 22 64 98 32 77 39 83 55
52 38 28 2 20 39 66 34 75 17 87 97 72 87 75 10 85 67 79 46 67 96 78 47 24 31 50 78 40 5
52 93 6 26 81 81 61 51 69 3 23 53 22 44 79 73 25 41 66 30 63 61 53 23 16 40 19 44 58 3
72 3 49 36 60 18 90 64 77 21 9 73 50 0 76 70 73 59 62 70 18 71 16 59 37 66 98 64 40 68
95 34 12 70 31 17 5 30 18 76 7 5 29 92 89 64 89 33 80 57 96 0 7 19 45 74 20 33 95 16
71 95 20 15 25 45 14 61 32 57 61 9 65 12 78 52 24 76 88 11 49 84 2 28 97 84 90 6 77 86
90 35 45 49 74 5 96 71 78 86 27 73 55 22 36 5 19 89 85 1 84 99 53 62 12 43 48 55 29 21
56 41 74 0 41 83 90 84 36 98 61 1 78 32 70 40 81 5 25 78 52 31 76 8 90 17 21 25 22 1
74 55 78 69 52 34 89 80 83 45 78 79 64 9 68 68 12 56 31 83 81 39 53 88 48 66 78 80 85 47
78 71 76 9 37 96 37 2 66 52 54 2 78 72 46 2 81 95 23 31 94 69 81 32 65 26 69 19 63 85
20 75 72 93 19 53 2 2 56 10 98 41 91 83 17 41 32 69 0 5 81 92 50 45 31 60 13 25 95 30
11 75 4 65 62 75 24 21 14 23 44 9 59 18 69 35 99 53 2 87 3 72 0 34 51 49 48 68 71 97
67 80 12 93 75 69 1 5 48 18 89 49 50 90 71 86 46 23 51 80 1 26 69 48 30 19 24 73 59 44
59 84 14 66 80 89 32 26 42 51 83 14 14 23 30 85 6 75 69 26 23 99 35 50 75 66 57 76 70 64
5 18 49 56 48 2 53 17 36 71 36 59 60 46 52 47 56 71 84 46 68 44 89 92 67 14 98 37 2 0

86 55 50 76 0 98 41 85 70 83 1 15 52 12 17 44 26 50 91 72 13 31 0 86 72 88 66 13 99 89
26 98 60 7 43 52 18 47 86 64 40 22 67 65 3 47 27 94 15 90 2 88 40 93 99 25 87 73 82 68
91 41 42 89 9 15 90 93 8 14 17 47 12 42 90 90 41 31 87 96 46 73 99 88 45 64 32 44 98 61
6 48 73 1 19 50 11 43 33 71 68 36 1 39 2 13 35 65 46 77 78 79 61 15 53 87 75 71 84 32
54 50 6 49 48 46 32 70 19 8 23 97 45 80 91 64 48 11 25 56 95 77 19 39 72 86 49 44 27 68
26 94 33 42 12 59 18 34 92 1 58 81 26 26 35 42 26 61 13 14 47 21 64 2 63 37 66 8 80 60
44 41 13 55 33 43 15 59 84 1 46 65 25 89 15 56 81 47 29 86 82 6 47 13 29 5 0 5 3 63
52 78 20 7 88 54 77 64 66 19 44 64 76 51 94 13 76 24 75 51 12 14 64 77 30 74 61 18 56 38
18 82 80 83 96 11 80 49 10 23 77 5 95 19 1 14 10 90 6 12 59 38 70 35 93 19 66 40 34 51
93 2 18 55 92 2 62 26 3 14 2 38 23 74 34 43 76 76 92 10 13 44 21 24 86 59 24 30 84 39
15 95 7 27 82 24 26 4 57 58 57 42 45 37 38 73 54 91 91 29 31 18 14 86 98 52 28 9 37 14
73 90 75 21 32 12 66 87 30 2 67 42 29 42 56 48 17 44 48 98 73 28 95 15 40 44 77 97 51 31
34 78 84 5 79 78 38 23 97 96 65 49 27 40 91 40 75 8 17 21 7 80 83 99 21 55 30 69 92 62
94 82 43 33 30 89 94 98 31 92 76 59 1 40 20 46 0 80 64 54 54 27 20 31 21 33 24 47 36 53
25 81 84 40 12 97 82 38 81 90 51 20 77 38 20 16 79 84 1 21 9 32 8 82 76 25 20 88 88 56
19 30 9 18 32 0 15 92 75 41 5 42 75 75 48 48 15 54 85 7 24 43 22 91 17 94 60 18 51 91
74 1 54 77 22 64 37 73 49 43 3 79 24 24 17 90 10 61 89 80 66 98 84 40 35 83 81 66 58 42
20 35 14 54 24 12 92 42 82 88 34 82 21 24 99 85 27 68 58 2 57 56 99 68 85 24 5 67 61 91
52 12 69 79 16 45 24 97 97 5 37 90 13 43 47 42 86 52 88 77 60 53 44 90 10 59 12 25 13 7
80 56 24 20 76 52 58 55 60 34 62 34 58 42 53 68 57 90 41 35 22 53 59 48 86 32 74 44 40 90
62 69 19 40 55 39 55 48 94 23 49 68 59 41 87 25 45 1 91 17 20 20 86 0 68 78 32 72 13 24
30 81 78 25 24 12 22 23 56 29 51 40 19 88 10 67 51 36 2 92 46 66 73 75 73 87 76 86 39 45
97 30 25 81 14 54 99 37 3 2 64 24 29 55 8 23 86 83 64 90 63 95 84 70 54 47 12 54 45 72
76 25 48 23 58 88 43 37 9 68 73 89 2 29 2 67 67 44 6 90 25 18 87 69 26 56 10 63 66 4
11 90 24 31 32 92 47 16 61 59 81 53 6 77 27 8 16 34 55 65 37 18 19 70 58 78 54 41 90 30
38 10 82 49 74 22 67 59 94 98 91 13 3 31 74 35 33 90 93 66 45 43 94 27 19 11 86 90 10 36
42 33 63 10 41 12 28 2 16 74 89 85 76 93 23 35 48 15 49 75 25 30 19 77 42 7 82 25 99 79
99 44 8 39 15 11 43 97 99 15 93 14 7 42 85 0 51 87 96 48 41 27 82 45 71 6 92 77 50 13
54 22 86 60 34 92 1 87 17 77 10 47 60 91 10 55 8 40 57 4 88 44 10 78 2 86 4 13 6 86
53 92 27 2 97 70 60 19 66 79 66 78 97 26 27 43 45 24 60 22 72 93 87 94 94 28 1 84 34 24
94 13 5 96 20 5 18 55 28 25 90 94 65 84 5 25 52 38 44 68 79 61 89 56 60 66 66 42 67 22
88 5 12 66 9 79 58 24 98 85 75 92 90 7 65 30 91 57 43 75 28 22 27 75 61 85 69 11 35 56
59 40 2 66 68 84 51 9 90 55 44 24 38 87 18 61 87 9 24 76 56 81 0 40 88 89 2 64 74 58
47 69 14 32 25 58 16 34 4 73 86 0 26 28 54 53 62 66 29 66 80 80 93 15 51 92 71 31 87 70
37 15 82 50 39 46 15 75 58 14 27 75 43 63 76 44 56 14 46 97 60 3 50 10 7 63 60 64 8 34
52 73 14 71 58 33 15 85 44 53 48 51 64 35 78 57 85 14 77 73 31 0 23 74 35 46 99 43 87 62
55 37 95 33 64 94 28 23 97 6 91 70 83 1 47 91 33 95 4 69 47 13 11 84 35 90 46 14 19 1
83 6 88 82 73 4 40 32 81 88 14 24 48 46 14 52 92 99 74 99 47 33 95 96 20 29 85 16 4 80
63 14 81 36 12 16 4 32 96 13 41 64 67 4 19 44 37 19 2 30 90 92 90 25 51 66 25 79 37 72
44 52 79 88 2 8 52 92 69 55 85 43 69 57 31 69 18 68 97 50 65 76 93 5 66 52 38 45 30 48
29 31 10 80 59 59 53 94 55 65 8 2 56 10 63 37 56 95 68 65 87 18 56 42 19 70 72 15 83 33
74 15 70 22 56 59 49 92 27 86 96 98 24 96 59 81 55 43 62 14 5 24 51 30 35 52 26 27 65 9
9 13 33 27 44 30 50 22 38 82 1 90 70 56 78 51 40 2 13 81 47 11 77 76 79 20 48 47 99 20
64 18 36 46 19 98 9 93 67 47 66 54 40 32 95 10 94 74 46 98 42 22 77 27 40 95 9 53 29 86
42 95 47 20 84 73 80 11 95 3 96 54 23 63 95 53 16 36 56 63 20 76 83 8 97 58 63 96 29 24
94 45 84 7 54 85 73 14 98 12 6 8 37 4 44 93 1 13 97 13 11 10 5 20 12 45 22 54 26 37
76 57 49 15 80 12 86 75 18 69 94 19 19 11 97 2 15 57 80 87 30 27 64 97 43 97 41 7 40 19
18 18 33 5 84 8 6 72 4 44 35 19 22 13 87 68 0 92 70 0 42 70 26 67 82 1 72 50 19 37
16 13 42 81 33 52 74 49 60 55 33 39 38 23 74 46 32 92 75 64 90 95 79 72 22 27 95 87 30 5
30 43 84 49 8 10 58 10 81 84 67 32 54 98 39 20 77 34 53 49 67 48 5 44 72 21 79 6 90 17
54 65 95 0 54 97 41 32 37 24 54 74 72 80 14 53 48 29 95 63 22 60 27 16 95 80 87 61 80 7
18 43 78 14 68 53 10 81 74 16 49 64 27 97 47 78 17 25 74 49 26 82 82 1 22 83 88 66 75 56
30 39 90 7 36 15 43 11 7 77 53 71 19 34 18 49 85 13 29 31 25 59 5 13 52 2 27 6 58 94
74 84 62 15 78 46 59 13 48 51 76 20 32 53 23 66 35 43 2 75 79 77 6 15 4 40 24 48 27 85
30 85 9 43 28 52 16 90 78 29 46 19 20 96 81 55 85 20 68 10 40 58 55 63 23 57 30 17 63 80
20 60 77 91 88 46 6 73 96 58 20 66 38 26 16 48 75 15 75 88 95 97 61 64 6 82 76 1 24 64
7 92 15 16 20 92 7 23 96 4 73 63 14 7 58 51 14 73 4 13 16 91 80 68 53 95 42 16 69 45
67 70 67 34 31 77 28 1 49 24 22 78 64 11 83 14 80 41 37 22 67 70 74 80 72 6 28 61 35 42
99 66 72 88 30 8 98 12 19 56 79 14 31 30 44 98 52 27 10 8 83 2 75 51 68 35 7 8 18 75
16 28 66 19 91 41 55 74 57 31 60 28 52 74 95 3 52 14 44 70 92 35 22 73 51 62 62 66 7 92

2485 8894 8200 3083 6913 5180 7629 2241 2487 7205 8253 6519 6789 4929 3503 3423 8441 7265 4647 4452 8799 3574 6020 7494 9290 5673 3637 2263 3658 6815

23124 12194 3202 18698 2329 8221 4785 18137 26796 17253 4135 26622 4849 25083 5550 27228 3082 19202 19263 23387 11663 16876 7697 5489 15034 23631 26610 14393 10587 17712

15 19 13 14 17 24 17 26 14 14 18 12 27 15 10 13 14 24 14 19 28 25 24 16 12 18 13 11 28 26 10 12 25 22 28 24 23 11 11 23 29 17 17 27 26 18 17 10 21 13 11 10 29 14 19 25 21 14 11 25

41 85 79 37 107 70 62 80 104 80 64 21 68 88 20 64 35 34 42 32 96 56 58 80 54 79 72 91 99 20
