75
30

0 6 73 68 43 75 49 46 92 87 82 23 65 66 87 79 74 31 87 33 35 37 48 20 3 72 95 72 24 17
96 48 73 32 70 30 20 32 43 55 32 54 63 56 24 38 49 53 6 76 24 82 71 89 83 80 57 52 68 53
57 59 60 94 51 17 25 41 2 99 43 66 41 94 46 62 14 44 10 61 80 45 88 81 86 61 97 18 45 67
61 8 5 37 6 22 78 28 43 95 76 23 81 69 54 54 71 25 77 4 56 24 58 52 94 87 20 29 68 75
91 82 98 57 36 75 38 79 83 70 97 63 83 60 30 5 36 66 97 49 62 95 65 63 81 43 23 30 64 81
15 39 49 48 22 42 28 58 57 8 69 84 28 86 17 81 6 59 82 48 99 65 21 58 7 96 69 3 23 15
67 18 99 46 4 1 91 29 59 30 53 52 24 47 42 80 30 63 66 69 15 5 70 25 11 93 43 40 21 49
10 18 31 47 26 82 69 62 82 9 15 98 8 52 11 70 13 34 24 98 11 17 89 26 20 6 96 63 28 9
19 39 67 92 12 91 40 80 88 40 89 94 86 29 0 48 75 2 84 12 61 87 82 39 88 88 76 7 41 91
8 18 22 62 45 60 24 80 30 22 35 30 22 21 64 51 94 77 41 27 63 48 54 41 64 13 24 52 83 52
19 59 22 79 69 47 59 21 31 58 26 40 13 10 8 49 50 54 51 75 14 65 26 54 72 85 84 71 41 68
1 88 5 13 0 2 79 56 96 45 56 79 2 10 53 47 93 63 47 88 22 78 76 73 15 11 39 51 9 90
11 67 10 84 80 58 67 96 50 89 7 78 74 6 70 62 19 93 40 68 63 64 52 18 92 43 42 76 32 85
52 96 36 72 5 34 30 60 35 68 62 81 10 37 16 15 90 71 2 85 27 95 11 53 77 27 5 2 84 80
84 44 64 66 48 86 99 55 46 47 15 25 72 2 92 14 66 92 59 60 24 47 52 99 8 89 26 36 37 15
85 25 83 93 41 22 9 2 23 88 21 8 3 71 17 59 6 74 65 36 20 3 37 89 27 55 78 65 18 73
91 81 57 88 71 11 21 35 10 97 24 96 57 92 93 8 16 96 72 55 8 53 55 21 21 7 85 65 46 36
68 64 49 37 80 19 46 86 84 27 71 35 66 67 56 8 69 38 65 92 78 70 43 64 91 83 88 81 73 52
45 19 79 35 74 53 99 42 58 19 50 67 44 66 32 11 29 28 6 60 41 60 79 4 74 99 95 7 78 80
56 65 10 88 49 10 7 39 28 54 14 19 85 70 9 24 19 63 89 85 73 72 1 52 97 15 60 98 77 59
60 57 18 73 84 83 68 11 68 37 48 26 75 9 94 4 75 32 45 79 54 71 29 70 81 54 21 36 15 15
91 55 36 50 57 72 12 2 17 59 61 26 5 1 56 20 26 81 83 97 43 42 47 40 29 50 96 88 7 73
7 10 29 58 34 87 92 78 43 3 70 73 64 24 17 97 29 97 70 65 2 11 63 56 96 7 17 6 43 14
79 4 57 60 29 78 14 77 55 34 34 8 92 71 38 80 63 4 17 93 61 66 30 54 73 48 34 48 29 28
96 26 29 82 44 48 70 78 64 17 99 3 44 98 43 68 24 83 95 87 1 75 73 44 97 91 58 70 98 0
96 6 11 53 12 33 99 70 72 64 3 92 91 75 37 15 71 79 42 55 28 84 15 17 23 6 61 74 20 97
29 61 38 31 21 63 56 56 10 33 0 95 80 70 18 60 84 62 21 16 89 56 46 5 49 8 70 9 11 38
78 27 74 89 69 88 42 58 52 25 18 55 58 75 72 5 82 93 56 4 26 92 47 82 0 36 45 46 16 58
63 8 68 81 85 4 95 63 67 75 59 85 18 64 93 58 86 40 3 33 34 65 13 16 73 62 8 34 3 39
4 5 65 92 45 5 17 86 14 41 70 89 5 56 62 99 97 47 62 0 19 61 1 32 1 96 7 66 56 30
75 8 21 52 96 84 80 67 30 77 16 3 4 10 83 32 55 12 0 93 64 98 84 84 43 51 3 39 65 94
95 30 70 84 95 49 61 67 59 60 91 80 83 31 2 84 54 78 58 64 77 95 91 34 70 28 55 31 20 50
47 87 46 11 50 8 95 95 97 5 89 98 68 57 90 3 78 92 47 36 85 27 44 0 69 91 65 48 33 40
50 31 30 19 96 27 32 33 34 36 70 52 91 21 38 34 4 98 23 54 57 18 6 84 60 4 52 41 75 18
79 8 79 87 71 1 97 0 88 24 68 68 76 47 6 90 78 94 84 92 9 21 47 12 45 29 25 52 29 40
25 37 0 26 87 15 7 79 73 32 45 54 91 34 42 13 90 93 73 85 80 58 89 85 46 77 81 69 83 37
13 30 53 27 7 45 48 16 54 38 11 92 84 9 45 27 21 62 18 36 12 14 37 71 94 71 52 47 48 18
18 1 50 40 18 36 17 78 24 87 10 94 66 28 41 87 9 87 0 90 79 55 88 48 88 2 35 40 28 31
33 4 58 33 15 84 94 31 49 99 74 23 49 4 62 57 7 94 7 3 93 79 83 3 99 17 63 21 2 90
6 7 81 64 72 71 12 62 73 6 30 42 45 19 28 56 88 73 27 49 6 13 44 97 56 61 48 10 82 95
67 55 85 31 88 49 72 2 76 62 64 76 90 2 79 67 83 78 2 40 1 81 11 3 27 98 39 32 43 79
55 92 80 3 31 30 8 17 11 62 70 54 95 82 63 35 8 58 27 32 28 99 83 31 74 6 46 24 93 43
95 35 87 77 70 41 76 5 46 39 87 34 88 97 7 87 89 60 59 81 56 17 57 62 84 49 87 7 35 98
95 42 22 51 76 14 48 9 20 31 66 98 36 49 54 35 62 77 12 54 48 25 45 66 49 15 67 99 84 35
57 35 38 3 44 61 8 64 2 85 31 54 83 85 40 89 20 97 38 62 81 56 85 75 47 51 28 17 51 53
41 72 4 31 36 23 89 58 66 89 1 82 43 97 68 5 20 82 69 1 30 75 50 66 72 17 97 76 89 2
10 95 77 44 98 71 16 22 86 0 22 47 95 49 59 54 48 71 43 5 13 47 50 74 76 46 4 34 7 84
92 77 71 20 53 28 93 24 23 43 72 2 41 96 11 71 46 93 2 10 14 85 95 24 27 38 23 18 66 7
71 54 64 20 18 35 72 50 70 45 22 54 88 42 81 91 57 70 41 57 67 58 82 96 86 5 8 71 58 63
36 16 63 98 99 85 88 56 79 83 41 78 92 45 76 57 91 87 22 1 48 59 31 62 41 59 87 49 57 1
54 27 87 40 33 68 60 99 73 10 62 48 46 49 31 29 89 48 14 37 73 58 36 88 40 80 21 47 29 3
55 77 87 14 80 56 16 48 75 63 21 38 50 17 57 72 53 44 79 75 82 91 56 70 44 7 92 82 1 79
74 98 0 74 40 89 70 39 22 61 42 49 32 87 16 7 74 47 90 51 6 59 22 0 99 2 75 51 42 48
96 22 12 51 7 90 98 80 5 63 44 64 22 5 63 20 72 86 28 58 92 34 34 81 52 10 8 53 3 27
98 69 69 94 63 67 10 45 52 73 24 1 52 51 48 51 26 7 76 69 79 77 23 0 30 86 83 70 69 61
66 20 24 46 20 58 76 33 57 84 0 18 59 22 98 51 16 82 85 32 26 21 16 62 68 81 69 76 18 23
48 98 71 84 38 94 94 29 32 26 15 74 40 23 33 96 13 31 91 64 62 87 62 55 58 56 27 31 27 18
51 14 91 74 91 48 11 35 78 68 40 6 69 6 78 60 62 91 6 91 7 39 30 76 67 30 56 88 17 28
88 36 69 83 23 31 67 15 73 5 0 85 37 21 21 96 23 59 55 73 68 69 61 20 21 17 66 56 87 73
75 73 38 18 52 71 48 50 7 61 4 50 33 38 94 4 88 81 91 14 11 6 69 37 21 96 17 33 26 91
60 12 51 92 69 11 71 17 52 49 87 35 41 26 88 35 8 74 6 23 0 76 24 52 58 7 21 27 59 63
56 42 13 92 15 31 78 24 89 58 99 78 47 60 77 0 22 32 8 36 28 6 75 60 78 74 64 22 61 49
41 55 8 63 13 87 54 64 66 26 63 29 32 27 99 32 57 53 32 31 50 81 25 40 43 42 50 31 96 63
9 68 10 68 76 57 60 54 70 84 39 49 41 64 76 19 18 22 81 72 58 86 23 85 82 55 39 57 9 81
43 49 1 67 69 72 96 76 79 39 86 12 7 84 62 96 33 15 49 72 6 58 81 97 43 12 6 8 99 2
16 81 72 31 39 0 77 47 45 19 27 73 39 87 86 82 59 56 87 9 3 99 41 24 26 13 57 10 17 76
67 36 24 86 32 0 94 96 47 87 43 36 91 72 83 77 95 58 56 73 1 35 57 92 52 91 60 32 41 13
55 63 90 76 80 49 50 78 0 56 45 93 54 23 88 38 93 70 60 86 71 74 16 61 58 16 58 92 90 0
2 43 74 93 20 3 22 23 34 29 64 56 93 79 82 24 63 61 56 78 10 1 12 86 56 89 18 7 33 72
68 12 75 6 49 16 14 58 78 57 70 48 55 44 68 70 74 35 91 16 81 37 78 99 80 33 21 59 16 76
7 87 86 11 26 95 70 3 32 42 72 1 25 67 13 42 1 2 18 97 79 61 91 6 4 37 69 38 93 48
0 6 62 1 79 87 50 87 44 52 41 17 18 2 46 57 43 46 79 20 46 1 61 44 26 67 30 34 64 24
34 67 85 54 38 92 26 81 71 47 96 81 13 8 22 5 58 20 18 25 41 84 31 86 1 97 46 27 6 68
42 9 85 64 50 52 26 48 44 82 45 26 69 33 21 98 83 55 67 99 77 21 84 61 89 39 95 39 26 16
83 79 74 12 65 21 46 3 76 68 97 25 56 59 20 74 46 34 92 94 59 68 28 49 56 30 77 96 66 73

35 78 64 51 79 39 51 47 67 38 78 41 11 67 36 48 80 58 34 57 0 34 52 41 76 40 99 82 85 28
35 26 97 31 98 52 26 71 13 15 15 84 99 2 20 33 98 7 29 75 67 13 41 86 50 47 92 55 82 36
97 12 8 81 51 49 28 28 4 43 84 9 6 96 56 72 83 50 36 27 92 37 5 88 70 79 3 64 71 44
3 50 51 25 8 13 55 93 30 80 10 52 36 57 33 81 51 53 98 57 72 86 31 86 16 82 25 79 17 10
84 71 37 3 62 48 66 64 24 37 20 55 70 84 57 12 92 9 81 50 43 29 91 35 64 74 15 40 71 38
13 21 6 61 50 73 21 0 76 47 29 64 57 49 41 9 55 50 85 10 33 65 75 77 47 0 63 66 55 58
4 96 33 62 14 98 2 36 1 34 0 47 94 68 40 6 8 83 51 68 20 73 87 98 31 48 63 80 54 35
33 81 49 77 31 17 94 29 42 67 52 40 69 27 97 53 14 20 87 50 86 91 8 51 16 48 27 24 26 46
18 69 89 99 63 90 83 96 34 60 16 38 8 44 80 19 72 37 62 31 23 38 17 63 64 56 83 13 60 24
91 44 91 62 3 55 30 33 79 32 28 61 58 22 79 7 97 31 7 45 13 30 90 60 21 54 10 62 47 87
6 2 82 93 65 24 99 36 65 88 28 80 73 59 95 89 55 26 51 43 46 17 36 56 94 18 87 56 71 4
54 65 21 49 89 85 84 71 42 80 12 23 55 19 72 46 48 5 7 36 40 9 86 1 42 94 68 97 27 87
76 76 47 40 40 92 69 86 49 34 40 73 45 93 4 54 33 71 29 39 87 6 31 58 79 57 86 79 76 70
65 85 62 35 58 3 78 93 45 35 13 53 44 50 68 37 33 9 69 46 42 56 22 40 57 89 33 55 63 97
13 94 45 13 67 98 12 42 29 50 11 45 88 80 45 94 14 81 20 36 95 45 84 18 24 81 17 78 10 78
12 77 1 14 28 59 35 44 28 47 69 97 24 3 36 75 77 35 47 37 59 6 33 0 42 89 81 6 80 72
25 17 12 2 93 60 92 32 16 11 15 3 51 5 10 67 76 13 17 53 60 4 63 18 10 7 98 29 63 27
79 92 49 78 88 99 72 47 32 65 62 0 75 94 10 80 62 71 83 78 84 77 74 66 58 90 57 22 25 97
17 94 16 34 10 73 2 46 50 78 60 16 33 72 1 5 58 64 41 20 83 64 39 82 42 91 92 67 8 59
88 50 73 92 60 65 87 29 63 69 69 40 6 64 91 48 81 17 89 35 75 96 61 77 84 95 46 36 27 15
5 98 45 43 38 42 47 27 15 83 20 43 1 7 16 13 3 12 92 10 76 6 57 51 53 35 66 88 98 43
43 26 91 76 44 33 1 1 80 35 85 80 63 89 48 39 54 91 43 7 5 62 72 28 50 12 51 65 70 83
38 39 39 11 18 93 28 70 28 61 31 77 40 81 27 79 40 80 1 47 86 39 84 50 8 87 83 79 4 6
28 50 38 37 28 10 39 9 30 6 67 52 35 16 80 53 87 32 39 64 55 57 15 72 82 50 97 4 52 26
11 8 10 9 98 38 42 83 13 45 77 92 44 38 0 86 60 78 61 16 34 6 32 17 16 34 48 35 30 38
20 0 30 31 32 26 48 27 30 14 5 83 87 74 66 20 95 97 87 45 9 48 46 12 64 48 80 12 20 79
78 80 18 21 72 47 48 18 50 74 58 10 81 66 71 99 20 34 61 30 25 58 34 93 24 69 1 95 3 55
31 51 94 63 44 84 2 38 57 47 91 38 11 3 16 99 30 13 70 54 4 42 92 29 79 63 49 53 9 25
85 72 4 20 6 49 63 55 40 98 1 27 92 61 87 46 87 45 61 58 63 87 97 61 61 83 32 21 29 26
73 30 32 33 55 55 26 42 6 76 62 32 61 18 2 73 5 19 77 32 50 76 24 77 81 90 59 53 22 76
4 34 95 24 52 70 91 20 44 79 74 60 97 53 63 31 99 89 0 22 73 46 75 9 57 7 65 5 68 86
18 88 41 11 92 46 61 75 15 82 30 33 33 96 30 90 74 21 92 10 24 80 66 34 10 93 48 90 23 55
25 38 36 63 40 76 1 56 79 2 17 1 32 13 16 44 99 78 2 97 19 23 47 42 53 6 17 67 60 81
97 63 21 78 29 56 28 33 74 40 27 64 83 41 81 64 25 40 99 67 0 13 48 1 53 78 36 30 52 65
38 66 98 26 3 83 96 73 63 74 81 6 36 37 90 60 85 68 27 90 78 15 62 71 76 2 48 85 20 38
63 23 5 71 1 12 71 44 77 64 32 76 10 86 39 56 6 17 32 41 58 77 40 92 22 23 31 72 53 80
16 21 90 71 65 54 52 66 80 60 52 30 52 0 65 35 72 18 93 68 90 37 21 55 41 79 60 70 69 42
4 6 39 31 66 42 0 13 60 4 42 44 48 22 70 97 67 32 80 83 4 69 9 45 84 53 95 68 95 59
77 27 58 28 9 82 15 64 74 79 3 16 21 17 29 36 63 0 56 79 9 67 86 73 14 89 86 73 69 62
91 87 71 31 86 35 51 48 54 66 28 20 29 65 36 13 5 19 35 30 87 2 12 52 75 31 14 31 29 89
84 74 50 1 97 42 79 39 94 64 92 72 86 39 48 88 61 76 26 65 24 94 34 49 44 77 2 95 95 66
85 50 18 30 21 93 31 35 43 76 72 27 29 8 48 77 42 96 27 62 85 16 95 84 87 94 68 44 89 13
24 28 93 79 1 64 92 6 78 70 2 5 24 93 60 98 96 9 56 73 15 35 17 66 43 79 53 31 49 17
51 32 48 86 58 70 20 24 95 30 73 94 97 9 93 81 70 61 92 47 6 75 66 74 99 53 92 43 57 81
59 18 94 99 91 44 53 93 16 67 3 4 80 38 87 93 27 70 36 19 76 38 72 33 70 67 52 65 97 25
42 86 72 32 16 56 61 42 18 91 83 62 31 17 95 22 47 88 79 99 28 90 68 66 3 51 77 11 35 39
43 64 66 12 68 5 9 47 42 57 60 78 71 87 37 3 41 48 70 46 7 70 9 90 70 50 15 7 89 18
55 61 43 79 5 49 33 42 56 13 0 2 54 44 86 33 22 47 72 9 65 43 72 43 32 35 60 45 91 52
62 7 56 64 41 81 54 10 56 11 33 93 79 24 40 52 86 2 27 83 71 78 60 80 42 43 44 38 99 43
81 11 9 12 26 31 10 62 23 31 31 41 6 25 3 8 28 38 87 6 36 90 51 19 0 79 88 53 84 11
26 72 2 80 96 73 97 90 53 3 39 73 57 19 35 45 78 75 94 12 56 67 76 99 56 79 44 87 86 16
82 65 60 93 39 32 44 45 40 22 3 69 48 18 38 98 73 89 86 79 81 56 17 19 16 89 58 93 73 75
17 40 61 9 99 7 43 11 29 93 70 54 22 13 11 75 82 86 64 89 91 14 98 27 49 9 67 85 58 80
82 36 67 90 37 51 22 48 34 34 81 92 45 61 3 72 9 72 1 57 42 76 37 8 24 55 83 91 82 62
89 45 85 86 26 93 17 95 86 88 97 95 86 28 64 67 66 70 39 64 14 43 39 82 46 23 3 43 9 33
55 45 13 81 10 67 88 39 0 47 31 33 85 58 83 98 67 47 63 17 13 27 42 39 72 34 20 61 47 67
67 13 25 4 20 65 6 41 55 76 78 10 72 26 20 60 67 12 39 19 76 8 62 63 13 98 57 60 43 57
35 79 55 18 71 60 32 61 37 97 29 15 36 83 8 46 89 15 87 87 5 54 15 24 36 95 58 37 97 84
76 83 14 2 24 50 15 82 99 18 85 45 20 26 48 68 14 7 46 8 48 55 34 71 21 34 99 71 14 32
90 31 61 46 96 32 81 18 21 88 1 72 49 20 41 43 85 61 48 61 14 97 7 57 34 34 63 90 34 61
22 22 25 23 18 91 62 41 87 44 95 41 49 43 46 78 12 57 5 60 45 94 82 14 79 44 59 60 42 32
41 61 27 3 84 81 50 96 61 71 57 61 85 58 83 40 8 1 55 24 62 59 22 29 5 65 31 79 2 11
88 85 36 87 80 36 41 23 36 78 6 41 62 11 82 0 70 56 85 94 98 57 0 52 73 23 9 30 85 37
2 99 58 61 54 81 36 42 61 68 37 87 81 42 26 50 19 77 12 69 47 84 73 33 57 30 75 72 83 61
20 2 36 85 43 56 46 8 55 1 3 30 94 11 35 37 30 43 70 51 35 45 77 22 17 89 62 84 82 6
85 83 67 70 25 76 61 54 80 55 1 56 16 26 26 74 83 64 8 66 54 27 0 35 78 85 73 22 36 3
29 91 42 96 14 48 33 30 59 23 43 35 44 10 45 67 32 34 10 35 49 6 28 63 93 76 69 68 86 91
92 72 30 29 43 73 0 53 65 53 17 19 37 81 57 27 22 65 91 88 68 34 96 62 95 64 33 91 86 95
9 16 38 79 78 58 51 61 24 14 68 97 42 83 81 53 18 33 76 30 63 65 72 18 49 41 98 81 67 89
83 11 97 77 70 7 49 53 90 79 35 70 33 66 71 41 14 33 12 13 24 69 86 33 11 20 60 66 24 18
73 64 31 84 10 16 79 38 94 24 56 19 38 73 92 10 71 7 90 25 27 14 80 90 78 96 34 44 37 65
0 23 57 97 18 5 14 34 47 53 48 16 8 50 95 83 18 29 38 78 81 58 53 44 45 98 37 91 63 69
43 82 96 95 56 56 50 91 78 97 49 32 22 12 76 10 20 73 28 70 0 40 74 85 90 73 15 95 40 95
85 46 95 69 25 82 36 92 48 81 78 26 51 52 9 29 55 13 83 26 81 29 13 63 77 80 39 29 79 85
45 17 52 1 65 89 42 78 92 44 52 36 93 9 12 90 82 22 7 47 8 36 76 51 61 4 12 44 6 3

2109 867 1037 2075 1676 2136 533 886 1780 300 2139 1656 825 536 261 940 801 1204 2100 980 1361 1166 1927 1211 891 1586 966 1175 2162 961

22943 18466 23100 9233 11433 1829 17900 4194 19629 19272 10276 12589 23480 11472 9925 13801 18758 17396 10702 10787 6715 14160 14469 23314 17496 3519 20218 7666 8584 19875

25 22 18 12 28 11 19 12 23 10 23 28 10 28 12 23 17 19 28 14 10 20 18 17 16 25 21 16 23 16 23 21 16 11 14 25 24 18 14 17 15 26 14 12 23 15 20 26 20 28 28 10 28 15 14 13 24 10 12 18 28 26 18 16 28 11 16 23 27 10 15 26 16 23 25

95 142 156 47 78 58 111 149 191 141 181 101 202 124 166 64 63 97 58 60 104 207 211 165 97 124 107 48 151 30
