75
30

0 6 73 68 43 75 49 46 92 87 82 23 65 66 87 79 74 31 87 33 35 37 48 20 3 72 95 72 24 17
96 48 73 32 70 30 20 32 43 55 32 54 63 56 24 38 49 53 6 76 24 82 71 89 83 80 57 52 68 53
57 59 60 94 51 17 25 41 2 99 43 66 41 94 46 62 14 44 10 61 80 45 88 81 86 61 97 18 45 67
61 8 5 37 6 22 78 28 43 95 76 23 81 69 54 54 71 25 77 4 56 24 58 52 94 87 20 29 68 75
91 82 98 57 36 75 38 79 83 70 97 63 83 60 30 5 36 66 97 49 62 95 65 63 81 43 23 30 64 81
15 39 49 48 22 42 28 58 57 8 69 84 28 86 17 81 6 59 82 48 99 65 21 58 7 96 69 3 23 15
67 18 99 46 4 1 91 29 59 30 53 52 24 47 42 80 30 63 66 69 15 5 70 25 11 93 43 40 21 49
10 18 31 47 26 82 69 62 82 9 15 98 8 52 11 70 13 34 24 98 11 17 89 26 20 6 96 63 28 9
19 39 67 92 12 91 40 80 88 40 89 94 86 29 0 48 75 2 84 12 61 87 82 39 88 88 76 7 41 91
8 18 22 62 45 60 24 80 30 22 35 30 22 21 64 51 94 77 41 27 63 48 54 41 64 13 24 52 83 52
19 59 22 79 69 47 59 21 31 58 26 40 13 10 8 49 50 54 51 75 14 65 26 54 72 85 84 71 41 68
1 88 5 13 0 2 79 56 96 45 56 79 2 10 53 47 93 63 47 88 22 78 76 73 15 11 39 51 9 90
11 67 10 84 80 58 67 96 50 89 7 78 74 6 70 62 19 93 40 68 63 64 52 18 92 43 42 76 32 85
52 96 36 72 5 34 30 60 35 68 62 81 10 37 16 15 90 71 2 85 27 95 11 53 77 27 5 2 84 80
84 44 64 66 48 86 99 55 46 47 15 25 72 2 92 14 66 92 59 60 24 47 52 99 8 89 26 36 37 15
85 25 83 93 41 22 9 2 23 88 21 8 3 71 17 59 6 74 65 36 20 3 37 89 27 55 78 65 18 73
91 81 57 88 71 11 21 35 10 97 24 96 57 92 93 8 16 96 72 55 8 53 55 21 21 7 85 65 46 36
68 64 49 37 80 19 46 86 84 27 71 35 66 67 56 8 69 38 65 92 78 70 43 64 91 83 88 81 73 52
45 19 79 35 74 53 99 42 58 19 50 67 44 66 32 11 29 28 6 60 41 60 79 4 74 99 95 7 78 80
56 65 10 88 49 10 7 39 28 54 14 19 85 70 9 24 19 63 89 85 73 72 1 52 97 15 60 98 77 59
60 57 18 73 84 83 68 11 68 37 48 26 75 9 94 4 75 32 45 79 54 71 29 70 81 54 21 36 15 15
91 55 36 50 57 72 12 2 17 59 61 26 5 1 56 20 26 81 83 97 43 42 47 40 29 50 96 88 7 73
7 10 29 58 34 87 92 78 43 3 70 73 64 24 17 97 29 97 70 65 2 11 63 56 96 7 17 6 43 14
79 4 57 60 29 78 14 77 55 34 34 8 92 71 38 80 63 4 17 93 61 66 30 54 73 48 34 48 29 28
96 26 29 82 44 48 70 78 64 17 99 3 44 98 43 68 24 83 95 87 1 75 73 44 97 91 58 70 98 0
96 6 11 53 12 33 99 70 72 64 3 92 91 75 37 15 71 79 42 55 28 84 15 17 23 6 61 74 20 97
29 61 38 31 21 63 56 56 10 33 0 95 80 70 18 60 84 62 21 16 89 56 46 5 49 8 70 9 11 38
78 27 74 89 69 88 42 58 52 25 18 55 58 75 72 5 82 93 56 4 26 92 47 82 0 36 45 46 16 58
63 8 68 81 85 4 95 63 67 75 59 85 18 64 93 58 86 40 3 33 34 65 13 16 73 62 8 34 3 39
4 5 65 92 45 5 17 86 14 41 70 89 5 56 62 99 97 47 62 0 19 61 1 32 1 96 7 66 56 30
75 8 21 52 96 84 80 67 30 77 16 3 4 10 83 32 55 12 0 93 64 98 84 84 43 51 3 39 65 94
95 30 70 84 95 49 61 67 59 60 91 80 83 31 2 84 54 78 58 64 77 95 91 34 70 28 55 31 20 50
47 87 46 11 50 8 95 95 97 5 89 98 68 57 90 3 78 92 47 36 85 27 44 0 69 91 65 48 33 40
50 31 30 19 96 27 32 33 34 36 70 52 91 21 38 34 4 98 23 54 57 18 6 84 60 4 52 41 75 18
79 8 79 87 71 1 97 0 88 24 68 68 76 47 6 90 78 94 84 92 9 21 47 12 45 29 25 52 29 40
25 37 0 26 87 15 7 79 73 32 45 54 91 34 42 13 90 93 73 85 80 58 89 85 46 77 81 69 83 37
13 30 53 27 7 45 48 16 54 38 11 92 84 9 45 27 21 62 18 36 12 14 37 71 94 71 52 47 48 18
18 1 50 40 18 36 17 78 24 87 10 94 66 28 41 87 9 87 0 90 79 55 88 48 88 2 35 40 28 31
33 4 58 33 15 84 94 31 49 99 74 23 49 4 62 57 7 94 7 3 93 79 83 3 99 17 63 21 2 90
6 7 81 64 72 71 12 62 73 6 30 42 45 19 28 56 88 73 27 49 6 13 44 97 56 61 48 10 82 95
67 55 85 31 88 49 72 2 76 62 64 76 90 2 79 67 83 78 2 40 1 81 11 3 27 98 39 32 43 79
55 92 80 3 31 30 8 17 11 62 70 54 95 82 63 35 8 58 27 32 28 99 83 31 74 6 46 24 93 43
95 35 87 77 70 41 76 5 46 39 87 34 88 97 7 87 89 60 59 81 56 17 57 62 84 49 87 7 35 98
95 42 22 51 76 14 48 9 20 31 66 98 36 49 54 35 62 77 12 54 48 25 45 66 49 15 67 99 84 35
57 35 38 3 44 61 8 64 2 85 31 54 83 85 40 89 20 97 38 62 81 56 85 75 47 51 28 17 51 53
41 72 4 31 36 23 89 58 66 89 1 82 43 97 68 5 20 82 69 1 30 75 50 66 72 17 97 76 89 2
10 95 77 44 98 71 16 22 86 0 22 47 95 49 59 54 48 71 43 5 13 47 50 74 76 46 4 34 7 84
92 77 71 20 53 28 93 24 23 43 72 2 41 96 11 71 46 93 2 10 14 85 95 24 27 38 23 18 66 7
71 54 64 20 18 35 72 50 70 45 22 54 88 42 81 91 57 70 41 57 67 58 82 96 86 5 8 71 58 63
36 16 63 98 99 85 88 56 79 83 41 78 92 45 76 57 91 87 22 1 48 59 31 62 41 59 87 49 57 1
54 27 87 40 33 68 60 99 73 10 62 48 46 49 31 29 89 48 14 37 73 58 36 88 40 80 21 47 29 3
55 77 87 14 80 56 16 48 75 63 21 38 50 17 57 72 53 44 79 75 82 91 56 70 44 7 92 82 1 79
74 98 0 74 40 89 70 39 22 61 42 49 32 87 16 7 74 47 90 51 6 59 22 0 99 2 75 51 42 48
96 22 12 51 7 90 98 80 5 63 44 64 22 5 63 20 72 86 28 58 92 34 34 81 52 10 8 53 3 27
98 69 69 94 63 67 10 45 52 73 24 1 52 51 48 51 26 7 76 69 79 77 23 0 30 86 83 70 69 61
66 20 24 46 20 58 76 33 57 84 0 18 59 22 98 51 16 82 85 32 26 21 16 62 68 81 69 76 18 23
48 98 71 84 38 94 94 29 32 26 15 74 40 23 33 96 13 31 91 64 62 87 62 55 58 56 27 31 27 18
51 14 91 74 91 48 11 35 78 68 40 6 69 6 78 60 62 91 6 91 7 39 30 76 67 30 56 88 17 28
88 36 69 83 23 31 67 15 73 5 0 85 37 21 21 96 23 59 55 73 68 69 61 20 21 17 66 56 87 73
75 73 38 18 52 71 48 50 7 61 4 50 33 38 94 4 88 81 91 14 11 6 69 37 21 96 17 33 26 91
60 12 51 92 69 11 71 17 52 49 87 35 41 26 88 35 8 74 6 23 0 76 24 52 58 7 21 27 59 63
56 42 13 92 15 31 78 24 89 58 99 78 47 60 77 0 22 32 8 36 28 6 75 60 78 74 64 22 61 49
41 55 8 63 13 87 54 64 66 26 63 29 32 27 99 32 57 53 32 31 50 81 25 40 43 42 50 31 96 63
9 68 10 68 76 57 60 54 70 84 39 49 41 64 76 19 18 22 81 72 58 86 23 85 82 55 39 57 9 81
43 49 1 67 69 72 96 76 79 39 86 12 7 84 62 96 33 15 49 72 6 58 81 97 43 12 6 8 99 2
16 81 72 31 39 0 77 47 45 19 27 73 39 87 86 82 59 56 87 9 3 99 41 24 26 13 57 10 17 76
67 36 24 86 32 0 94 96 47 87 43 36 91 72 83 77 95 58 56 73 1 35 57 92 52 91 60 32 41 13
55 63 90 76 80 49 50 78 0 56 45 93 54 23 88 38 93 70 60 86 71 74 16 61 58 16 58 92 90 0
2 43 74 93 20 3 22 23 34 29 64 56 93 79 82 24 63 61 56 78 10 1 12 86 56 89 18 7 33 72
68 12 75 6 49 16 14 58 78 57 70 48 55 44 68 70 74 35 91 16 81 37 78 99 80 33 21 59 16 76
7 87 86 11 26 95 70 3 32 42 72 1 25 67 13 42 1 2 18 97 79 61 91 6 4 37 69 38 93 48
0 6 62 1 79 87 50 87 44 52 41 17 18 2 46 57 43 46 79 20 46 1 61 44 26 67 30 34 64 24
34 67 85 54 38 92 26 81 71 47 96 81 13 8 22 5 58 20 18 25 41 84 31 86 1 97 46 27 6 68
42 9 85 64 50 52 26 48 44 82 45 26 69 33 21 98 83 55 67 99 77 21 84 61 89 39 95 39 26 16
83 79 74 12 65 21 46 3 76 68 97 25 56 59 20 74 46 34 92 94 59 68 28 49 56 30 77 96 66 73

97 91 91 69 87 76 24 3 78 67 91 83 92 29 15 3 48 9 83 28 78 4 65 34 26 82 27 56 52 73
50 35 70 75 49 97 72 10 49 6 7 57 85 60 46 21 12 50 30 29 41 70 86 65 60 65 66 67 73 57
34 70 96 75 14 56 79 85 63 41 37 4 49 24 22 26 36 64 64 3 98 68 60 74 41 3 92 6 79 69
3 10 97 89 59 42 15 6 84 2 18 4 31 86 16 65 48 58 60 62 29 53 24 33 68 14 23 78 71 38
33 95 67 72 33 32 39 97 77 22 69 78 84 33 57 75 83 50 65 46 57 67 95 77 94 56 98 27 99 47
85 77 64 27 66 14 78 52 61 83 21 20 44 5 2 60 16 32 94 21 27 91 11 79 78 37 12 93 89 9
32 68 1 78 74 20 59 18 11 47 83 32 85 44 26 34 3 16 93 51 61 96 45 4 43 49 26 82 1 23
82 18 74 95 69 28 33 3 59 74 51 68 91 60 24 58 34 81 13 31 49 67 61 65 84 7 22 73 14 47
98 47 26 73 71 82 15 53 77 76 33 85 61 10 2 71 10 52 92 18 48 31 28 45 41 90 64 34 56 97
49 53 61 92 72 54 61 81 47 14 11 15 2 66 46 19 61 51 34 37 30 81 16 44 50 90 12 9 58 28
94 17 67 5 62 5 76 1 74 42 52 7 5 70 44 41 52 88 44 77 1 50 82 66 20 94 19 42 55 32
95 46 31 75 33 97 92 60 1 17 33 15 96 65 99 61 89 46 69 60 57 8 36 50 87 31 52 4 16 77
16 43 60 52 1 62 42 7 58 53 13 64 51 45 25 57 97 84 23 27 28 26 34 91 79 19 88 93 98 96
1 5 11 99 90 25 82 19 19 99 84 3 81 64 35 80 67 87 73 9 88 42 1 24 41 58 90 63 33 32
36 88 16 75 19 31 78 52 93 33 19 24 14 52 82 4 84 63 26 96 67 77 78 59 5 42 71 27 44 12
75 87 35 0 81 70 90 43 73 32 96 42 26 17 6 67 95 28 89 37 88 60 85 5 43 57 98 16 48 3
33 18 72 59 57 49 96 10 40 12 77 75 94 30 53 1 35 37 6 42 33 43 17 92 3 81 89 27 79 30
27 76 67 58 85 10 58 49 42 49 51 89 45 1 33 31 45 84 97 76 3 14 91 19 60 40 61 69 75 71
90 16 90 21 74 33 81 63 82 15 78 80 74 0 92 43 3 27 74 60 1 19 82 72 32 5 39 88 68 4
14 0 16 58 52 1 98 64 33 1 69 58 42 28 26 40 82 43 33 49 44 9 75 28 41 5 14 36 60 56
1 96 76 37 83 83 54 63 0 99 15 70 49 89 55 58 91 83 37 55 95 75 87 97 65 85 83 63 89 48
5 1 2 29 84 17 61 70 69 42 58 8 10 74 46 17 15 69 21 72 33 42 5 33 65 75 32 98 17 57
2 72 40 15 82 58 16 85 59 45 99 58 70 85 2 80 75 50 0 96 35 26 0 82 20 98 71 82 56 95
55 60 89 42 6 25 18 13 5 96 31 85 77 16 47 45 81 15 43 92 69 9 20 37 24 59 39 95 27 42
34 32 16 4 78 87 26 96 54 97 39 17 72 11 63 7 20 31 44 69 49 49 58 16 27 68 44 72 2 97
83 63 80 85 21 82 90 35 4 27 4 89 60 27 19 96 50 10 36 5 89 89 86 23 86 59 79 60 55 29
94 23 20 41 24 55 98 51 38 13 22 55 45 36 64 14 53 60 57 87 60 55 21 87 37 16 49 17 62 23
6 49 41 45 51 59 14 66 78 24 27 48 41 51 24 64 3 77 95 72 36 90 74 91 49 34 78 26 25 6
31 43 1 61 9 80 14 83 17 65 98 80 53 62 3 22 54 70 84 28 8 49 67 52 76 48 86 62 78 53
69 75 8 79 99 8 11 94 81 66 14 23 98 56 7 78 29 13 16 22 68 87 0 57 60 95 84 84 52 63
97 92 19 11 83 63 13 42 96 2 50 49 5 35 25 49 70 17 21 3 58 67 70 88 19 10 55 27 29 79
68 92 88 38 89 37 11 1 11 24 61 68 53 57 8 18 28 21 16 97 59 8 95 21 61 74 55 69 20 41
63 39 63 63 96 85 75 11 18 71 16 30 41 3 46 0 56 13 63 90 10 37 4 79 9 74 65 99 40 47
55 16 54 90 69 54 57 24 54 28 92 27 5 43 16 67 21 76 0 86 90 38 12 52 95 3 49 92 62 28
50 3 89 17 85 84 24 99 1 47 78 18 92 94 10 61 7 68 95 68 10 24 74 9 70 56 52 3 31 12
88 38 3 43 81 95 60 96 69 98 50 40 84 47 44 72 18 89 76 65 16 45 71 38 82 4 28 64 76 40
41 44 30 16 56 26 17 87 98 25 50 9 16 92 85 18 39 33 71 45 30 62 63 62 85 64 90 88 20 85
44 8 27 74 33 61 13 54 17 17 34 91 20 51 7 88 76 69 37 24 64 58 16 13 43 59 73 60 76 86
74 30 16 38 9 59 94 80 16 82 27 93 24 40 33 5 19 13 30 73 65 65 49 67 23 21 94 65 72 8
23 84 8 7 30 98 72 31 69 95 51 10 26 9 37 41 51 12 43 47 0 42 17 48 30 23 84 36 82 90
37 13 19 29 34 22 5 90 68 95 63 35 46 90 18 47 62 86 39 75 62 73 19 20 53 40 69 87 72 58
4 36 39 4 56 30 54 81 38 53 18 29 40 44 73 19 43 73 3 89 66 58 49 69 1 90 2 82 79 32
5 34 87 84 66 33 32 54 66 87 8 62 7 85 17 74 42 44 64 41 84 90 7 84 72 14 38 70 60 87
31 40 40 60 87 8 25 75 50 31 56 43 70 29 89 88 65 88 9 60 79 87 43 52 43 39 90 82 1 13
89 41 49 7 79 81 89 62 40 30 14 53 4 47 63 0 87 37 12 62 70 12 13 38 38 59 55 69 53 50
42 10 19 5 11 37 64 89 10 90 49 20 38 71 83 0 2 57 89 3 39 80 65 90 22 3 43 21 34 81
5 90 94 85 46 13 52 46 80 27 93 19 12 90 36 97 58 98 84 19 49 32 81 40 75 37 89 79 48 71
73 43 81 74 67 1 36 71 59 61 55 83 15 65 3 11 31 5 84 37 86 41 92 44 30 49 23 41 31 48
62 64 70 84 10 71 52 55 19 62 76 21 57 97 78 27 13 75 46 30 11 12 62 13 6 30 31 25 75 40
91 78 11 80 27 94 11 49 20 80 94 38 0 75 0 55 19 92 52 98 13 67 79 14 49 62 49 56 83 98
38 19 44 24 37 23 53 25 95 76 20 47 27 27 84 81 36 92 0 32 45 20 66 72 21 36 61 50 46 62
41 8 62 12 93 25 0 18 58 87 68 17 83 59 51 31 35 11 62 91 16 5 38 3 44 62 64 65 93 76
88 60 15 7 40 4 71 8 78 15 61 53 25 36 18 59 66 23 15 47 16 85 89 54 90 35 92 16 24 91
20 73 33 36 70 56 5 24 43 85 64 87 82 58 56 94 15 24 39 52 39 81 78 54 72 11 78 25 59 73
11 0 95 12 8 51 23 29 35 53 0 53 70 32 48 95 41 52 43 67 4 38 80 17 71 28 49 90 99 7
98 33 27 75 53 99 5 36 48 10 48 18 65 97 24 68 90 21 53 69 50 38 65 77 62 69 60 82 31 94
65 38 67 57 67 1 7 77 86 99 74 94 5 96 90 87 73 41 43 51 57 2 64 20 88 36 67 64 51 44
61 11 4 97 29 67 16 59 50 22 77 18 82 86 8 13 57 77 80 16 48 64 11 8 95 35 11 58 30 36
94 87 9 14 63 89 53 46 52 29 55 50 73 48 12 4 4 41 78 10 24 84 49 98 63 40 28 41 36 57
40 35 80 34 79 62 7 40 9 37 47 90 75 9 36 16 54 75 79 3 94 14 3 59 96 51 57 52 33 29
35 21 42 17 43 56 0 2 16 2 76 46 64 19 41 87 94 21 57 39 64 68 76 1 33 79 43 85 25 94
55 29 44 13 36 53 58 73 33 65 89 47 35 37 56 90 67 4 46 37 21 45 30 56 25 72 43 3 51 20
95 17 22 5 68 68 75 21 43 52 70 68 40 75 72 39 73 78 43 18 53 11 2 53 90 34 70 12 84 17
81 38 83 67 41 59 81 94 68 15 59 10 29 16 3 5 78 38 52 55 41 23 46 64 13 35 2 17 72 92
22 27 3 83 2 92 97 26 20 75 78 34 7 12 62 96 27 82 50 83 26 92 11 49 23 89 18 74 64 69
21 70 39 66 89 58 52 36 56 80 92 65 23 94 33 71 47 85 79 73 86 83 17 58 86 61 49 54 37 62
16 3 35 88 37 86 18 29 30 43 63 28 71 94 76 16 22 49 94 43 43 70 94 9 44 20 74 60 56 0
46 6 40 80 65 77 33 67 72 21 22 55 45 16 97 63 65 37 4 55 41 19 20 88 82 92 12 45 66 84
44 41 75 19 63 9 88 50 62 9 38 21 8 12 6 23 79 50 71 2 50 49 58 44 30 64 64 25 23 96
32 6 79 64 8 28 50 48 13 10 77 38 8 78 59 52 30 66 91 4 31 68 72 37 42 38 7 61 61 60
70 37 22 36 95 32 84 70 12 3 78 43 45 1 78 98 38 12 83 97 76 47 36 2 27 76 21 7 5 62
96 11 36 29 63 18 92 77 97 94 0 28 52 22 55 71 50 53 1 29 7 4 43 75 34 83 12 68 53 40
93 77 97 55 0 33 66 35 40 9 95 58 7 28 31 6 9 42 30 72 97 36 26 12 70 59 24 0 66 66
26 14 59 37 98 26 29 5 19 2 72 9 81 32 70 53 42 40 29 33 27 48 66 65 44 79 99 42 61 55
72 71 57 93 7 97 37 23 85 2 89 72 92 31 14 98 66 4 44 55 51 85 58 32 39 48 45 4 43 39

2109 867 1037 2075 1676 2136 533 886 1780 300 2139 1656 825 536 261 940 801 1204 2100 980 1361 1166 1927 1211 891 1586 966 1175 2162 961

3455 15537 9015 1899 16746 8298 5213 6813 9293 5708 4705 6636 8959 10547 1900 5309 11276 6744 7273 10767 13790 12116 10624 13881 12755 10494 16589 8417 10302 9647

25 22 18 12 28 11 19 12 23 10 23 28 10 28 12 23 17 19 28 14 10 20 18 17 16 25 21 16 23 16 23 21 16 11 14 25 24 18 14 17 15 26 14 12 23 15 20 26 20 28 28 10 28 15 14 13 24 10 12 18 28 26 18 16 28 11 16 23 27 10 15 26 16 23 25

95 142 156 47 78 58 111 149 191 141 181 101 202 124 166 64 63 97 58 60 104 207 211 165 97 124 107 48 151 30
