75
30

0 6 73 68 43 75 49 46 92 87 82 23 65 66 87 79 74 31 87 33 35 37 48 20 3 72 95 72 24 17
96 48 73 32 70 30 20 32 43 55 32 54 63 56 24 38 49 53 6 76 24 82 71 89 83 80 57 52 68 53
57 59 60 94 51 17 25 41 2 99 43 66 41 94 46 62 14 44 10 61 80 45 88 81 86 61 97 18 45 67
61 8 5 37 6 22 78 28 43 95 76 23 81 69 54 54 71 25 77 4 56 24 58 52 94 87 20 29 68 75
91 82 98 57 36 75 38 79 83 70 97 63 83 60 30 5 36 66 97 49 62 95 65 63 81 43 23 30 64 81
15 39 49 48 22 42 28 58 57 8 69 84 28 86 17 81 6 59 82 48 99 65 21 58 7 96 69 3 23 15
67 18 99 46 4 1 91 29 59 30 53 52 24 47 42 80 30 63 66 69 15 5 70 25 11 93 43 40 21 49
10 18 31 47 26 82 69 62 82 9 15 98 8 52 11 70 13 34 24 98 11 17 89 26 20 6 96 63 28 9
19 39 67 92 12 91 40 80 88 40 89 94 86 29 0 48 75 2 84 12 61 87 82 39 88 88 76 7 41 91
8 18 22 62 45 60 24 80 30 22 35 30 22 21 64 51 94 77 41 27 63 48 54 41 64 13 24 52 83 52
19 59 22 79 69 47 59 21 31 58 26 40 13 10 8 49 50 54 51 75 14 65 26 54 72 85 84 71 41 68
1 88 5 13 0 2 79 56 96 45 56 79 2 10 53 47 93 63 47 88 22 78 76 73 15 11 39 51 9 90
11 67 10 84 80 58 67 96 50 89 7 78 74 6 70 62 19 93 40 68 63 64 52 18 92 43 42 76 32 85
52 96 36 72 5 34 30 60 35 68 62 81 10 37 16 15 90 71 2 85 27 95 11 53 77 27 5 2 84 80
84 44 64 66 48 86 99 55 46 47 15 25 72 2 92 14 66 92 59 60 24 47 52 99 8 89 26 36 37 15
85 25 83 93 41 22 9 2 23 88 21 8 3 71 17 59 6 74 65 36 20 3 37 89 27 55 78 65 18 73
91 81 57 88 71 11 21 35 10 97 24 96 57 92 93 8 16 96 72 55 8 53 55 21 21 7 85 65 46 36
68 64 49 37 80 19 46 86 84 27 71 35 66 67 56 8 69 38 65 92 78 70 43 64 91 83 88 81 73 52
45 19 79 35 74 53 99 42 58 19 50 67 44 66 32 11 29 28 6 60 41 60 79 4 74 99 95 7 78 80
56 65 10 88 49 10 7 39 28 54 14 19 85 70 9 24 19 63 89 85 73 72 1 52 97 15 60 98 77 59
60 57 18 73 84 83 68 11 68 37 48 26 75 9 94 4 75 32 45 79 54 71 29 70 81 54 21 36 15 15
91 55 36 50 57 72 12 2 17 59 61 26 5 1 56 20 26 81 83 97 43 42 47 40 29 50 96 88 7 73
7 10 29 58 34 87 92 78 43 3 70 73 64 24 17 97 29 97 70 65 2 11 63 56 96 7 17 6 43 14
79 4 57 60 29 78 14 77 55 34 34 8 92 71 38 80 63 4 17 93 61 66 30 54 73 48 34 48 29 28
96 26 29 82 44 48 70 78 64 17 99 3 44 98 43 68 24 83 95 87 1 75 73 44 97 91 58 70 98 0
96 6 11 53 12 33 99 70 72 64 3 92 91 75 37 15 71 79 42 55 28 84 15 17 23 6 61 74 20 97
29 61 38 31 21 63 56 56 10 33 0 95 80 70 18 60 84 62 21 16 89 56 46 5 49 8 70 9 11 38
78 27 74 89 69 88 42 58 52 25 18 55 58 75 72 5 82 93 56 4 26 92 47 82 0 36 45 46 16 58
63 8 68 81 85 4 95 63 67 75 59 85 18 64 93 58 86 40 3 33 34 65 13 16 73 62 8 34 3 39
4 5 65 92 45 5 17 86 14 41 70 89 5 56 62 99 97 47 62 0 19 61 1 32 1 96 7 66 56 30
75 8 21 52 96 84 80 67 30 77 16 3 4 10 83 32 55 12 0 93 64 98 84 84 43 51 3 39 65 94
95 30 70 84 95 49 61 67 59 60 91 80 83 31 2 84 54 78 58 64 77 95 91 34 70 28 55 31 20 50
47 87 46 11 50 8 95 95 97 5 89 98 68 57 90 3 78 92 47 36 85 27 44 0 69 91 65 48 33 40
50 31 30 19 96 27 32 33 34 36 70 52 91 21 38 34 4 98 23 54 57 18 6 84 60 4 52 41 75 18
79 8 79 87 71 1 97 0 88 24 68 68 76 47 6 90 78 94 84 92 9 21 47 12 45 29 25 52 29 40
25 37 0 26 87 15 7 79 73 32 45 54 91 34 42 13 90 93 73 85 80 58 89 85 46 77 81 69 83 37
13 30 53 27 7 45 48 16 54 38 11 92 84 9 45 27 21 62 18 36 12 14 37 71 94 71 52 47 48 18
18 1 50 40 18 36 17 78 24 87 10 94 66 28 41 87 9 87 0 90 79 55 88 48 88 2 35 40 28 31
33 4 58 33 15 84 94 31 49 99 74 23 49 4 62 57 7 94 7 3 93 79 83 3 99 17 63 21 2 90
6 7 81 64 72 71 12 62 73 6 30 42 45 19 28 56 88 73 27 49 6 13 44 97 56 61 48 10 82 95
67 55 85 31 88 49 72 2 76 62 64 76 90 2 79 67 83 78 2 40 1 81 11 3 27 98 39 32 43 79
55 92 80 3 31 30 8 17 11 62 70 54 95 82 63 35 8 58 27 32 28 99 83 31 74 6 46 24 93 43
95 35 87 77 70 41 76 5 46 39 87 34 88 97 7 87 89 60 59 81 56 17 57 62 84 49 87 7 35 98
95 42 22 51 76 14 48 9 20 31 66 98 36 49 54 35 62 77 12 54 48 25 45 66 49 15 67 99 84 35
57 35 38 3 44 61 8 64 2 85 31 54 83 85 40 89 20 97 38 62 81 56 85 75 47 51 28 17 51 53
41 72 4 31 36 23 89 58 66 89 1 82 43 97 68 5 20 82 69 1 30 75 50 66 72 17 97 76 89 2
10 95 77 44 98 71 16 22 86 0 22 47 95 49 59 54 48 71 43 5 13 47 50 74 76 46 4 34 7 84
92 77 71 20 53 28 93 24 23 43 72 2 41 96 11 71 46 93 2 10 14 85 95 24 27 38 23 18 66 7
71 54 64 20 18 35 72 50 70 45 22 54 88 42 81 91 57 70 41 57 67 58 82 96 86 5 8 71 58 63
36 16 63 98 99 85 88 56 79 83 41 78 92 45 76 57 91 87 22 1 48 59 31 62 41 59 87 49 57 1
54 27 87 40 33 68 60 99 73 10 62 48 46 49 31 29 89 48 14 37 73 58 36 88 40 80 21 47 29 3
55 77 87 14 80 56 16 48 75 63 21 38 50 17 57 72 53 44 79 75 82 91 56 70 44 7 92 82 1 79
74 98 0 74 40 89 70 39 22 61 42 49 32 87 16 7 74 47 90 51 6 59 22 0 99 2 75 51 42 48
96 22 12 51 7 90 98 80 5 63 44 64 22 5 63 20 72 86 28 58 92 34 34 81 52 10 8 53 3 27
98 69 69 94 63 67 10 45 52 73 24 1 52 51 48 51 26 7 76 69 79 77 23 0 30 86 83 70 69 61
66 20 24 46 20 58 76 33 57 84 0 18 59 22 98 51 16 82 85 32 26 21 16 62 68 81 69 76 18 23
48 98 71 84 38 94 94 29 32 26 15 74 40 23 33 96 13 31 91 64 62 87 62 55 58 56 27 31 27 18
51 14 91 74 91 48 11 35 78 68 40 6 69 6 78 60 62 91 6 91 7 39 30 76 67 30 56 88 17 28
88 36 69 83 23 31 67 15 73 5 0 85 37 21 21 96 23 59 55 73 68 69 61 20 21 17 66 56 87 73
75 73 38 18 52 71 48 50 7 61 4 50 33 38 94 4 88 81 91 14 11 6 69 37 21 96 17 33 26 91
60 12 51 92 69 11 71 17 52 49 87 35 41 26 88 35 8 74 6 23 0 76 24 52 58 7 21 27 59 63
56 42 13 92 15 31 78 24 89 58 99 78 47 60 77 0 22 32 8 36 28 6 75 60 78 74 64 22 61 49
41 55 8 63 13 87 54 64 66 26 63 29 32 27 99 32 57 53 32 31 50 81 25 40 43 42 50 31 96 63
9 68 10 68 76 57 60 54 70 84 39 49 41 64 76 19 18 22 81 72 58 86 23 85 82 55 39 57 9 81
43 49 1 67 69 72 96 76 79 39 86 12 7 84 62 96 33 15 49 72 6 58 81 97 43 12 6 8 99 2
16 81 72 31 39 0 77 47 45 19 27 73 39 87 86 82 59 56 87 9 3 99 41 24 26 13 57 10 17 76
67 36 24 86 32 0 94 96 47 87 43 36 91 72 83 77 95 58 56 73 1 35 57 92 52 91 60 32 41 13
55 63 90 76 80 49 50 78 0 56 45 93 54 23 88 38 93 70 60 86 71 74 16 61 58 16 58 92 90 0
2 43 74 93 20 3 22 23 34 29 64 56 93 79 82 24 63 61 56 78 10 1 12 86 56 89 18 7 33 72
68 12 75 6 49 16 14 58 78 57 70 48 55 44 68 70 74 35 91 16 81 37 78 99 80 33 21 59 16 76
7 87 86 11 26 95 70 3 32 42 72 1 25 67 13 42 1 2 18 97 79 61 91 6 4 37 69 38 93 48
0 6 62 1 79 87 50 87 44 52 41 17 18 2 46 57 43 46 79 20 46 1 61 44 26 67 30 34 64 24
34 67 85 54 38 92 26 81 71 47 96 81 13 8 22 5 58 20 18 25 41 84 31 86 1 97 46 27 6 68
42 9 85 64 50 52 26 48 44 82 45 26 69 33 21 98 83 55 67 99 77 21 84 61 89 39 95 39 26 16
83 79 74 12 65 21 46 3 76 68 97 25 56 59 20 74 46 34 92 94 59 68 28 49 56 30 77 96 66 73

62 57 56 88 82 88 14 57 71 1 32 65 14 28 66 81 25 0 59 23 35 3 82 29 78 80 19 54 92 78
19 7 47 94 1 42 73 54 80 67 54 44 60 15 4 65 4 17 39 93 84 54 23 59 68 76 39 72 90 38
19 75 20 63 37 76 29 42 41 17 15 41 83 62 21 65 75 19 86 97 75 33 96 15 86 3 20 67 17 22
64 31 40 33 62 11 46 62 99 48 82 60 32 23 19 63 44 10 88 66 64 88 79 64 30 24 90 93 65 87
83 96 21 58 62 78 87 39 2 32 73 82 80 65 23 90 88 25 10 56 47 30 20 48 14 51 26 57 92 86
12 58 71 38 97 55 34 83 68 20 51 88 19 27 14 12 63 57 87 3 59 19 96 86 66 18 60 87 30 53
42 34 48 36 85 61 82 70 48 73 5 14 59 59 9 27 55 78 3 72 75 22 81 29 23 55 43 26 14 84
91 11 81 92 42 14 96 55 19 61 37 17 30 67 5 95 20 86 66 43 76 23 83 84 24 22 58 8 22 85
92 80 63 91 43 10 38 20 41 81 9 98 77 35 3 9 88 70 34 71 2 79 94 30 7 61 90 50 73 62
3 94 24 36 6 15 55 37 66 21 25 74 5 60 85 96 15 60 23 81 37 7 9 63 49 52 10 1 34 72
81 86 17 39 61 35 83 65 34 23 31 16 19 44 16 39 22 15 87 21 43 49 20 84 28 65 11 82 22 25
68 61 38 95 24 92 67 87 62 83 91 12 19 41 64 73 5 36 91 58 67 83 97 19 79 48 90 56 32 49
42 25 57 99 44 53 13 10 27 20 17 74 29 51 96 70 66 16 90 65 35 37 35 20 53 58 15 10 19 6
43 20 34 71 22 78 38 72 4 36 41 91 26 3 43 82 8 11 98 2 44 50 41 15 1 95 95 58 33 40
30 82 53 96 31 1 38 5 4 14 45 98 26 76 70 95 20 48 80 9 0 34 94 25 38 2 4 53 23 33
41 69 32 50 53 13 32 32 34 93 66 88 17 14 18 78 37 37 38 88 17 43 82 88 23 36 97 55 12 28
57 21 56 90 26 75 14 46 4 49 95 70 92 51 26 82 69 21 19 77 70 41 3 30 17 13 67 41 32 83
23 40 32 83 95 55 2 19 83 4 79 16 60 72 90 10 12 91 47 53 13 25 79 44 3 23 49 32 17 5
97 40 66 93 1 6 83 79 48 44 90 31 60 65 23 47 12 20 41 13 39 46 19 48 20 34 61 9 87 41
20 9 91 31 97 77 34 96 49 38 38 9 45 10 14 5 32 55 53 83 12 8 50 95 43 78 43 43 1 12
7 11 76 42 52 8 5 71 18 87 26 66 43 73 35 56 77 18 90 66 47 52 52 19 99 19 97 7 86 4
25 93 53 83 42 4 64 71 7 36 58 32 50 62 24 93 30 24 51 58 55 60 73 25 17 79 26 59 94 87
83 48 17 47 37 76 26 7 50 70 48 22 75 12 67 82 33 23 76 1 5 53 41 30 51 52 95 2 84 81
56 30 57 5 39 7 37 78 95 72 77 3 6 62 8 27 21 46 17 16 1 14 77 6 13 78 44 30 1 93
47 74 7 13 26 2 35 41 98 54 67 34 53 15 87 78 13 4 67 33 14 26 13 22 70 92 94 18 56 3
81 39 3 50 77 69 99 65 25 51 32 39 17 36 28 1 26 77 64 92 59 85 53 1 98 23 57 58 61 74
34 66 10 16 61 45 98 94 76 18 13 78 21 46 74 34 97 4 88 50 50 62 60 2 57 92 24 49 74 28
45 83 67 61 96 83 43 19 10 47 51 86 78 98 9 56 21 94 93 16 70 76 79 12 35 48 41 45 36 69
29 97 31 91 86 77 71 87 91 52 57 45 10 89 84 22 13 28 97 93 94 76 96 19 76 59 56 46 10 6
60 87 93 33 61 56 65 56 1 60 64 53 86 67 29 47 70 98 13 92 95 18 20 72 20 30 84 48 97 80
63 19 3 44 6 79 29 45 19 82 81 21 36 49 51 53 80 78 56 9 58 53 63 69 32 41 26 45 60 44
40 96 92 26 49 17 77 52 87 38 6 94 33 74 1 95 8 4 23 0 44 75 63 87 2 56 34 69 30 86
81 36 68 0 79 69 64 17 78 39 37 26 25 75 13 8 68 66 20 81 14 28 13 50 12 46 70 98 72 89
73 61 41 39 71 60 0 88 93 94 52 4 41 10 20 57 4 0 65 62 54 8 98 74 23 27 54 54 79 29
35 83 29 64 51 88 44 3 23 19 59 31 8 83 12 2 74 23 18 12 35 7 81 68 15 53 12 32 7 10
95 91 53 81 2 75 38 43 85 19 7 0 67 48 21 85 19 25 14 2 98 92 41 47 77 6 95 72 1 29
56 83 39 37 97 63 24 60 48 89 97 58 4 64 2 2 34 94 85 13 8 71 18 74 60 52 23 27 60 43
87 17 52 20 87 32 84 55 57 71 42 30 90 31 58 46 25 85 58 66 88 11 67 58 78 77 89 16 6 98
27 72 50 30 14 37 69 51 70 34 94 46 0 99 75 9 5 77 81 25 70 30 62 76 45 38 12 7 41 56
14 45 3 65 46 41 28 27 72 81 54 23 55 8 19 48 71 27 74 87 93 86 15 91 94 73 37 33 80 56
46 12 44 59 86 27 14 55 48 55 34 19 78 96 93 67 12 55 0 77 86 4 62 67 5 24 26 82 79 16
74 2 51 48 94 87 70 60 71 15 93 60 50 73 25 73 89 18 11 20 88 14 53 55 72 5 18 80 55 90
53 8 14 8 21 51 70 40 37 64 15 1 52 52 70 63 21 23 53 44 63 67 69 54 80 67 84 71 1 83
32 97 79 76 53 24 38 32 79 90 64 41 21 27 79 18 97 19 34 66 26 11 35 44 77 74 65 61 40 73
68 30 64 15 21 38 68 84 1 25 36 68 20 88 48 44 96 16 90 81 73 67 77 74 8 21 53 12 97 62
61 55 99 90 12 64 86 59 72 11 25 89 60 68 64 1 30 38 93 78 63 3 92 41 8 71 82 94 45 65
57 89 49 95 41 9 92 77 23 54 2 12 44 3 73 42 49 75 83 33 25 11 83 46 84 51 47 27 75 79
2 93 19 62 83 11 10 3 73 97 21 85 30 80 9 72 3 8 21 4 4 85 17 93 73 85 86 9 53 54
20 18 79 17 50 98 25 52 89 64 82 79 13 64 53 94 88 25 82 39 16 79 67 91 59 76 10 5 78 75
16 49 69 75 35 18 7 13 14 7 25 55 97 89 75 48 1 19 65 12 48 74 63 91 28 80 10 87 27 1
80 59 54 96 90 39 37 39 41 22 70 99 36 14 53 2 23 47 32 7 42 9 43 9 84 28 20 18 93 26
10 81 55 15 15 62 69 21 52 82 94 38 93 88 6 53 39 5 17 17 33 94 39 13 12 4 93 78 58 8
3 64 1 61 9 52 78 4 8 56 54 11 0 71 61 67 85 55 99 98 58 61 24 3 92 47 8 77 95 25
37 88 97 48 96 71 89 21 49 61 29 3 23 53 88 32 34 69 92 80 31 88 90 34 51 44 55 55 86 11
89 55 30 31 3 98 45 49 85 26 67 61 67 43 41 92 75 28 50 60 12 57 90 96 99 36 92 10 98 6
7 45 64 48 90 49 15 8 54 48 30 16 98 17 78 81 96 75 74 67 28 44 97 93 81 52 14 19 53 84
10 92 36 83 2 87 50 87 94 43 84 27 97 93 39 28 33 47 82 12 87 54 64 60 67 65 68 0 3 79
72 30 96 29 42 88 80 51 23 27 67 43 49 59 2 2 17 77 21 92 94 70 11 91 38 82 8 26 69 91
80 65 13 3 78 54 1 84 62 16 1 87 31 23 19 27 5 41 87 36 48 92 35 79 32 82 5 21 76 0
55 89 99 70 74 40 96 31 92 57 8 60 57 21 48 69 18 27 5 53 35 61 37 45 13 29 32 26 3 24
91 86 52 69 57 40 79 67 6 45 99 52 70 56 42 17 49 41 24 62 46 32 78 95 28 76 37 74 82 22
49 74 41 56 42 17 93 67 85 93 83 6 11 77 90 79 88 3 29 74 73 50 13 19 59 65 79 28 25 25
46 67 39 89 82 55 61 29 89 90 76 15 18 46 21 0 4 99 6 39 53 73 51 16 34 3 54 87 65 72
97 55 82 57 48 25 38 4 0 12 67 99 67 15 19 20 27 50 39 86 87 24 52 21 2 99 77 24 67 61
78 0 78 0 38 87 33 70 97 93 4 86 93 31 1 62 11 10 31 16 16 9 1 90 26 71 24 48 54 68
32 73 26 29 99 54 55 48 30 53 17 88 73 79 75 73 54 9 38 16 42 50 47 35 99 8 40 51 69 23
19 70 14 94 37 98 94 74 66 32 52 34 23 30 61 31 63 59 30 97 59 67 72 64 35 28 11 82 26 61
44 95 69 13 6 84 53 71 3 77 96 28 95 14 6 30 79 95 49 71 60 53 51 11 37 29 78 52 45 53
85 76 11 45 41 30 32 85 35 33 69 41 64 25 34 25 24 76 90 32 68 41 9 86 9 22 59 80 63 70
92 0 85 44 86 66 15 1 43 29 62 95 43 6 78 8 22 38 4 25 13 16 95 48 70 97 43 96 63 12
72 42 20 34 59 86 41 61 16 54 24 31 28 90 77 72 41 61 93 60 39 12 21 30 50 21 64 69 84 54
82 80 78 27 78 6 10 97 1 46 6 68 86 92 45 75 30 99 46 70 61 31 88 42 43 69 93 35 44 70
76 39 50 0 45 82 95 0 6 45 46 45 93 68 71 1 43 30 65 9 80 14 19 31 81 96 61 40 28 17
92 58 82 18 9 50 32 64 78 38 84 72 13 95 27 29 51 32 68 59 48 87 22 74 40 74 10 27 14 59
99 40 20 75 83 82 1 69 87 26 16 76 46 92 90 43 98 72 27 44 85 89 54 74 42 29 76 8 38 62

2109 867 1037 2075 1676 2136 533 886 1780 300 2139 1656 825 536 261 940 801 1204 2100 980 1361 1166 1927 1211 891 1586 966 1175 2162 961

3008 5268 4559 2669 5526 1066 3025 671 4385 2488 5798 5285 3549 808 879 2659 5945 4566 3557 5233 1329 5250 2605 3605 2087 4451 6240 4464 3431 3066

25 22 18 12 28 11 19 12 23 10 23 28 10 28 12 23 17 19 28 14 10 20 18 17 16 25 21 16 23 16 23 21 16 11 14 25 24 18 14 17 15 26 14 12 23 15 20 26 20 28 28 10 28 15 14 13 24 10 12 18 28 26 18 16 28 11 16 23 27 10 15 26 16 23 25

95 142 156 47 78 58 111 149 191 141 181 101 202 124 166 64 63 97 58 60 104 207 211 165 97 124 107 48 151 30
