75
30

0 6 73 68 43 75 49 46 92 87 82 23 65 66 87 79 74 31 87 33 35 37 48 20 3 72 95 72 24 17
96 48 73 32 70 30 20 32 43 55 32 54 63 56 24 38 49 53 6 76 24 82 71 89 83 80 57 52 68 53
57 59 60 94 51 17 25 41 2 99 43 66 41 94 46 62 14 44 10 61 80 45 88 81 86 61 97 18 45 67
61 8 5 37 6 22 78 28 43 95 76 23 81 69 54 54 71 25 77 4 56 24 58 52 94 87 20 29 68 75
91 82 98 57 36 75 38 79 83 70 97 63 83 60 30 5 36 66 97 49 62 95 65 63 81 43 23 30 64 81
15 39 49 48 22 42 28 58 57 8 69 84 28 86 17 81 6 59 82 48 99 65 21 58 7 96 69 3 23 15
67 18 99 46 4 1 91 29 59 30 53 52 24 47 42 80 30 63 66 69 15 5 70 25 11 93 43 40 21 49
10 18 31 47 26 82 69 62 82 9 15 98 8 52 11 70 13 34 24 98 11 17 89 26 20 6 96 63 28 9
19 39 67 92 12 91 40 80 88 40 89 94 86 29 0 48 75 2 84 12 61 87 82 39 88 88 76 7 41 91
8 18 22 62 45 60 24 80 30 22 35 30 22 21 64 51 94 77 41 27 63 48 54 41 64 13 24 52 83 52
19 59 22 79 69 47 59 21 31 58 26 40 13 10 8 49 50 54 51 75 14 65 26 54 72 85 84 71 41 68
1 88 5 13 0 2 79 56 96 45 56 79 2 10 53 47 93 63 47 88 22 78 76 73 15 11 39 51 9 90
11 67 10 84 80 58 67 96 50 89 7 78 74 6 70 62 19 93 40 68 63 64 52 18 92 43 42 76 32 85
52 96 36 72 5 34 30 60 35 68 62 81 10 37 16 15 90 71 2 85 27 95 11 53 77 27 5 2 84 80
84 44 64 66 48 86 99 55 46 47 15 25 72 2 92 14 66 92 59 60 24 47 52 99 8 89 26 36 37 15
85 25 83 93 41 22 9 2 23 88 21 8 3 71 17 59 6 74 65 36 20 3 37 89 27 55 78 65 18 73
91 81 57 88 71 11 21 35 10 97 24 96 57 92 93 8 16 96 72 55 8 53 55 21 21 7 85 65 46 36
68 64 49 37 80 19 46 86 84 27 71 35 66 67 56 8 69 38 65 92 78 70 43 64 91 83 88 81 73 52
45 19 79 35 74 53 99 42 58 19 50 67 44 66 32 11 29 28 6 60 41 60 79 4 74 99 95 7 78 80
56 65 10 88 49 10 7 39 28 54 14 19 85 70 9 24 19 63 89 85 73 72 1 52 97 15 60 98 77 59
60 57 18 73 84 83 68 11 68 37 48 26 75 9 94 4 75 32 45 79 54 71 29 70 81 54 21 36 15 15
91 55 36 50 57 72 12 2 17 59 61 26 5 1 56 20 26 81 83 97 43 42 47 40 29 50 96 88 7 73
7 10 29 58 34 87 92 78 43 3 70 73 64 24 17 97 29 97 70 65 2 11 63 56 96 7 17 6 43 14
79 4 57 60 29 78 14 77 55 34 34 8 92 71 38 80 63 4 17 93 61 66 30 54 73 48 34 48 29 28
96 26 29 82 44 48 70 78 64 17 99 3 44 98 43 68 24 83 95 87 1 75 73 44 97 91 58 70 98 0
96 6 11 53 12 33 99 70 72 64 3 92 91 75 37 15 71 79 42 55 28 84 15 17 23 6 61 74 20 97
29 61 38 31 21 63 56 56 10 33 0 95 80 70 18 60 84 62 21 16 89 56 46 5 49 8 70 9 11 38
78 27 74 89 69 88 42 58 52 25 18 55 58 75 72 5 82 93 56 4 26 92 47 82 0 36 45 46 16 58
63 8 68 81 85 4 95 63 67 75 59 85 18 64 93 58 86 40 3 33 34 65 13 16 73 62 8 34 3 39
4 5 65 92 45 5 17 86 14 41 70 89 5 56 62 99 97 47 62 0 19 61 1 32 1 96 7 66 56 30
75 8 21 52 96 84 80 67 30 77 16 3 4 10 83 32 55 12 0 93 64 98 84 84 43 51 3 39 65 94
95 30 70 84 95 49 61 67 59 60 91 80 83 31 2 84 54 78 58 64 77 95 91 34 70 28 55 31 20 50
47 87 46 11 50 8 95 95 97 5 89 98 68 57 90 3 78 92 47 36 85 27 44 0 69 91 65 48 33 40
50 31 30 19 96 27 32 33 34 36 70 52 91 21 38 34 4 98 23 54 57 18 6 84 60 4 52 41 75 18
79 8 79 87 71 1 97 0 88 24 68 68 76 47 6 90 78 94 84 92 9 21 47 12 45 29 25 52 29 40
25 37 0 26 87 15 7 79 73 32 45 54 91 34 42 13 90 93 73 85 80 58 89 85 46 77 81 69 83 37
13 30 53 27 7 45 48 16 54 38 11 92 84 9 45 27 21 62 18 36 12 14 37 71 94 71 52 47 48 18
18 1 50 40 18 36 17 78 24 87 10 94 66 28 41 87 9 87 0 90 79 55 88 48 88 2 35 40 28 31
33 4 58 33 15 84 94 31 49 99 74 23 49 4 62 57 7 94 7 3 93 79 83 3 99 17 63 21 2 90
6 7 81 64 72 71 12 62 73 6 30 42 45 19 28 56 88 73 27 49 6 13 44 97 56 61 48 10 82 95
67 55 85 31 88 49 72 2 76 62 64 76 90 2 79 67 83 78 2 40 1 81 11 3 27 98 39 32 43 79
55 92 80 3 31 30 8 17 11 62 70 54 95 82 63 35 8 58 27 32 28 99 83 31 74 6 46 24 93 43
95 35 87 77 70 41 76 5 46 39 87 34 88 97 7 87 89 60 59 81 56 17 57 62 84 49 87 7 35 98
95 42 22 51 76 14 48 9 20 31 66 98 36 49 54 35 62 77 12 54 48 25 45 66 49 15 67 99 84 35
57 35 38 3 44 61 8 64 2 85 31 54 83 85 40 89 20 97 38 62 81 56 85 75 47 51 28 17 51 53
41 72 4 31 36 23 89 58 66 89 1 82 43 97 68 5 20 82 69 1 30 75 50 66 72 17 97 76 89 2
10 95 77 44 98 71 16 22 86 0 22 47 95 49 59 54 48 71 43 5 13 47 50 74 76 46 4 34 7 84
92 77 71 20 53 28 93 24 23 43 72 2 41 96 11 71 46 93 2 10 14 85 95 24 27 38 23 18 66 7
71 54 64 20 18 35 72 50 70 45 22 54 88 42 81 91 57 70 41 57 67 58 82 96 86 5 8 71 58 63
36 16 63 98 99 85 88 56 79 83 41 78 92 45 76 57 91 87 22 1 48 59 31 62 41 59 87 49 57 1
54 27 87 40 33 68 60 99 73 10 62 48 46 49 31 29 89 48 14 37 73 58 36 88 40 80 21 47 29 3
55 77 87 14 80 56 16 48 75 63 21 38 50 17 57 72 53 44 79 75 82 91 56 70 44 7 92 82 1 79
74 98 0 74 40 89 70 39 22 61 42 49 32 87 16 7 74 47 90 51 6 59 22 0 99 2 75 51 42 48
96 22 12 51 7 90 98 80 5 63 44 64 22 5 63 20 72 86 28 58 92 34 34 81 52 10 8 53 3 27
98 69 69 94 63 67 10 45 52 73 24 1 52 51 48 51 26 7 76 69 79 77 23 0 30 86 83 70 69 61
66 20 24 46 20 58 76 33 57 84 0 18 59 22 98 51 16 82 85 32 26 21 16 62 68 81 69 76 18 23
48 98 71 84 38 94 94 29 32 26 15 74 40 23 33 96 13 31 91 64 62 87 62 55 58 56 27 31 27 18
51 14 91 74 91 48 11 35 78 68 40 6 69 6 78 60 62 91 6 91 7 39 30 76 67 30 56 88 17 28
88 36 69 83 23 31 67 15 73 5 0 85 37 21 21 96 23 59 55 73 68 69 61 20 21 17 66 56 87 73
75 73 38 18 52 71 48 50 7 61 4 50 33 38 94 4 88 81 91 14 11 6 69 37 21 96 17 33 26 91
60 12 51 92 69 11 71 17 52 49 87 35 41 26 88 35 8 74 6 23 0 76 24 52 58 7 21 27 59 63
56 42 13 92 15 31 78 24 89 58 99 78 47 60 77 0 22 32 8 36 28 6 75 60 78 74 64 22 61 49
41 55 8 63 13 87 54 64 66 26 63 29 32 27 99 32 57 53 32 31 50 81 25 40 43 42 50 31 96 63
9 68 10 68 76 57 60 54 70 84 39 49 41 64 76 19 18 22 81 72 58 86 23 85 82 55 39 57 9 81
43 49 1 67 69 72 96 76 79 39 86 12 7 84 62 96 33 15 49 72 6 58 81 97 43 12 6 8 99 2
16 81 72 31 39 0 77 47 45 19 27 73 39 87 86 82 59 56 87 9 3 99 41 24 26 13 57 10 17 76
67 36 24 86 32 0 94 96 47 87 43 36 91 72 83 77 95 58 56 73 1 35 57 92 52 91 60 32 41 13
55 63 90 76 80 49 50 78 0 56 45 93 54 23 88 38 93 70 60 86 71 74 16 61 58 16 58 92 90 0
2 43 74 93 20 3 22 23 34 29 64 56 93 79 82 24 63 61 56 78 10 1 12 86 56 89 18 7 33 72
68 12 75 6 49 16 14 58 78 57 70 48 55 44 68 70 74 35 91 16 81 37 78 99 80 33 21 59 16 76
7 87 86 11 26 95 70 3 32 42 72 1 25 67 13 42 1 2 18 97 79 61 91 6 4 37 69 38 93 48
0 6 62 1 79 87 50 87 44 52 41 17 18 2 46 57 43 46 79 20 46 1 61 44 26 67 30 34 64 24
34 67 85 54 38 92 26 81 71 47 96 81 13 8 22 5 58 20 18 25 41 84 31 86 1 97 46 27 6 68
42 9 85 64 50 52 26 48 44 82 45 26 69 33 21 98 83 55 67 99 77 21 84 61 89 39 95 39 26 16
83 79 74 12 65 21 46 3 76 68 97 25 56 59 20 74 46 34 92 94 59 68 28 49 56 30 77 96 66 73

28 53 69 97 31 68 89 81 96 21 30 90 85 38 77 51 54 53 73 3 11 36 93 92 25 5 80 75 8 5
35 50 83 22 77 17 7 64 34 36 13 16 94 37 93 65 57 0 35 45 55 6 83 41 26 39 91 76 79 68
78 42 56 60 13 55 4 96 89 71 8 80 52 56 28 89 19 16 70 71 73 34 67 15 31 64 48 46 28 69
36 98 64 23 83 97 89 1 47 42 39 28 75 66 54 64 22 12 18 44 43 69 23 7 32 45 39 66 88 59
38 19 46 12 16 3 83 32 96 32 7 26 15 68 80 80 30 35 25 85 88 55 36 85 54 72 79 69 84 6
55 60 88 32 56 70 28 85 55 26 39 41 91 77 63 27 46 48 54 40 35 98 67 99 34 96 54 60 42 24
36 44 37 64 15 92 71 41 36 20 25 23 37 49 8 88 25 36 77 30 73 21 9 51 39 79 56 65 26 26
58 7 56 36 2 25 19 53 47 7 19 9 50 54 29 97 74 11 32 27 55 21 96 96 57 56 27 43 47 40
93 50 70 75 97 36 99 32 71 42 98 59 95 1 17 35 71 50 9 59 9 28 43 54 2 54 43 34 99 89
84 56 93 33 25 49 5 99 55 10 8 62 91 0 29 91 42 69 34 98 38 6 73 68 84 96 36 59 88 20
61 62 74 33 82 1 75 6 18 76 77 20 34 89 47 45 23 25 71 45 8 52 90 88 33 73 0 50 12 47
66 57 65 59 52 79 34 3 78 89 65 17 53 58 19 70 44 17 26 97 80 36 1 48 98 0 89 67 92 58
8 29 5 1 5 20 83 85 39 12 93 99 70 73 48 57 3 27 12 52 27 49 73 4 35 46 3 1 36 73
43 94 72 89 89 18 14 39 63 30 4 23 88 98 45 88 10 86 91 57 37 97 55 72 87 95 53 28 46 7
58 13 12 71 18 84 56 84 71 54 17 78 54 56 32 10 99 11 63 50 56 28 61 10 85 5 85 42 12 0
76 99 33 7 42 35 27 45 0 88 94 55 99 80 31 53 2 20 29 83 15 88 38 82 78 58 33 35 62 61
88 92 47 15 32 72 53 70 49 75 68 28 46 77 93 72 95 80 78 72 27 49 50 78 44 36 38 21 56 98
42 59 73 56 14 58 15 27 44 95 98 52 63 15 30 5 13 75 20 28 44 73 76 49 33 31 48 78 47 90
53 79 79 24 78 69 42 88 38 85 96 67 58 28 41 70 93 74 3 99 2 10 90 90 51 22 9 97 92 71
63 66 68 10 56 32 30 31 95 28 47 61 68 75 78 26 15 23 22 66 36 37 51 61 10 52 19 7 3 59
84 52 2 60 85 73 86 47 73 65 47 62 81 67 0 48 77 45 50 18 48 10 15 68 94 42 2 48 41 40
19 37 1 29 30 97 29 97 12 16 68 17 72 35 69 13 11 49 39 55 69 8 43 86 72 60 76 36 72 28
67 55 40 88 85 87 73 10 70 60 7 72 94 58 53 52 36 8 99 77 14 2 46 58 23 22 71 64 61 50
25 2 44 85 30 4 48 81 8 44 18 89 73 35 48 81 74 80 96 60 43 66 23 3 12 43 44 92 3 17
27 14 77 43 5 63 33 12 65 41 67 55 28 59 42 12 41 3 26 46 57 75 0 88 52 51 53 50 6 21
89 43 70 83 44 84 81 19 70 77 83 70 40 10 92 94 75 93 4 65 4 38 19 56 9 49 52 9 8 76
49 82 82 52 5 32 48 19 92 80 45 99 13 46 67 87 51 64 63 58 84 30 7 7 72 7 87 93 46 18
72 29 58 95 61 40 63 63 17 1 49 74 41 13 33 18 46 75 82 92 28 68 47 87 40 61 1 29 31 99
21 87 94 29 57 31 39 88 92 0 82 48 60 26 18 92 91 10 28 72 8 44 19 73 74 44 11 72 83 21
17 80 31 4 78 5 16 7 56 63 57 90 79 35 20 61 19 42 99 19 19 91 92 39 19 10 64 37 35 73
84 81 3 88 98 27 83 0 44 90 81 20 41 4 50 1 19 99 64 8 39 16 82 52 42 41 35 99 32 24
31 56 67 6 25 10 12 87 22 64 93 94 14 97 43 37 41 43 39 63 56 69 57 44 30 88 4 66 9 48
13 85 20 76 83 91 97 67 29 91 63 61 57 83 86 19 81 5 1 22 53 70 74 40 69 22 35 43 71 76
9 50 57 24 30 46 78 29 17 19 73 17 29 65 75 69 55 98 88 51 86 57 28 39 79 74 58 39 21 70
74 80 34 83 31 70 95 44 88 12 58 60 34 19 97 60 23 11 9 31 17 39 56 30 21 86 11 57 72 59
69 35 89 40 14 14 21 75 52 6 43 29 76 19 71 22 99 43 24 18 69 1 34 56 75 83 84 25 90 13
28 22 13 15 33 62 6 94 29 12 41 30 63 71 7 65 7 25 22 19 40 48 82 77 27 16 12 20 57 69
16 1 9 37 41 97 64 4 99 58 73 80 11 74 64 23 63 97 37 2 7 8 78 5 25 14 98 51 42 4
77 29 66 16 68 90 98 78 85 68 11 31 90 1 11 58 50 72 38 56 19 98 51 37 84 44 8 53 66 22
42 61 69 16 1 90 21 38 82 67 39 10 89 21 35 20 98 62 20 1 8 15 80 33 5 46 48 67 66 21
70 9 96 77 54 36 59 89 54 13 47 86 12 30 10 23 77 5 32 29 63 93 24 83 14 2 73 85 3 24
67 30 63 19 93 98 42 97 58 17 19 19 99 64 32 77 81 18 5 49 79 60 62 28 20 8 82 69 16 16
22 15 8 80 18 78 24 33 37 5 95 12 37 35 2 44 70 52 39 72 24 66 9 19 92 86 9 70 12 75
49 11 22 88 15 55 23 41 86 50 34 61 49 50 94 13 73 79 37 0 50 38 57 96 96 30 19 45 83 89
99 34 41 54 61 38 44 25 84 82 83 80 22 69 77 40 43 78 84 31 89 17 10 55 43 1 19 79 3 80
14 16 7 32 17 38 40 10 82 47 24 1 20 12 79 29 15 31 8 28 61 77 22 46 44 46 38 67 63 11
93 67 55 43 65 31 56 69 3 98 43 64 84 19 9 99 80 39 81 4 74 36 86 1 76 80 8 23 17 2
17 34 35 78 35 96 70 62 91 63 33 42 72 4 21 83 66 53 87 98 70 78 0 46 94 0 31 59 87 82
71 40 73 15 62 86 67 34 87 35 11 47 59 32 45 80 10 62 12 47 57 99 59 9 6 79 77 81 10 73
95 5 9 36 30 84 4 58 42 57 46 29 59 59 49 7 65 95 42 48 71 17 40 39 3 86 83 26 79 64
80 59 78 61 55 71 91 31 79 65 30 97 47 99 31 48 16 53 68 33 28 59 75 57 76 8 38 35 89 53
1 77 48 2 8 3 52 46 62 7 0 73 81 25 54 71 82 73 13 5 18 68 93 34 58 24 98 99 78 20
47 0 97 61 64 38 90 72 61 88 57 23 70 47 26 45 1 48 17 6 37 48 6 56 81 35 60 35 32 0
19 38 49 79 77 66 21 48 57 94 58 48 92 51 87 51 73 98 89 3 99 29 25 12 58 42 52 49 24 68
95 0 35 24 55 75 5 56 52 65 72 80 39 98 88 27 40 47 12 62 84 85 43 33 59 79 26 57 84 86
0 63 97 85 81 48 89 50 0 4 34 67 29 30 13 34 73 44 7 95 12 51 21 14 22 22 60 77 92 15
73 80 41 19 40 39 89 17 44 35 35 92 85 84 48 26 10 78 75 58 64 54 22 13 2 85 61 12 93 84
69 19 31 88 5 98 17 46 74 71 83 38 38 17 67 91 84 38 76 72 32 85 75 82 71 32 95 67 40 27
65 26 99 56 86 89 55 21 16 88 28 90 30 37 93 85 83 13 17 22 73 84 84 3 97 35 65 32 36 1
95 4 26 76 54 1 87 87 60 72 14 44 25 87 82 87 36 11 78 25 60 21 83 4 75 51 79 67 93 67
30 1 15 90 67 57 35 13 95 10 90 94 83 92 17 12 1 14 60 25 39 47 53 61 2 45 55 27 65 31
23 31 46 58 45 44 21 41 73 38 94 8 24 92 84 11 36 51 14 19 12 65 96 50 67 55 45 46 79 91
87 77 1 53 21 32 85 35 65 47 29 6 79 54 43 32 74 76 95 25 19 74 93 80 21 54 3 5 43 66
5 66 71 56 54 98 62 58 88 42 15 42 94 36 68 48 33 40 98 59 85 93 79 27 61 31 27 24 91 94
46 91 97 33 37 15 89 66 39 46 63 58 32 44 87 31 93 8 85 4 98 33 77 48 24 98 24 89 72 77
92 95 20 27 23 35 93 1 91 93 93 78 73 84 19 17 58 80 3 81 95 73 3 70 22 20 52 82 51 38
52 76 95 64 48 6 58 75 44 58 28 53 28 9 36 33 20 74 88 58 65 33 64 55 39 38 52 73 29 46
60 71 10 35 19 46 31 82 78 20 84 31 43 54 20 69 25 28 21 78 84 28 63 55 96 22 21 5 76 11
86 30 26 92 27 14 13 68 86 33 65 95 0 61 64 40 8 59 67 6 51 37 87 35 99 63 2 5 56 36
84 69 23 50 80 16 29 22 57 47 48 60 8 87 71 89 93 92 1 57 45 11 82 12 64 14 91 95 95 95
46 97 47 21 6 91 7 69 83 17 58 83 70 89 98 43 69 52 17 26 73 11 95 1 27 8 15 82 75 11
95 47 83 50 13 77 70 16 44 90 98 6 55 63 20 67 31 72 57 87 99 94 68 44 8 42 40 82 66 46
4 97 27 74 52 56 12 82 14 60 86 25 25 44 15 61 86 66 8 44 91 32 83 84 94 53 31 14 20 36
75 95 48 61 18 51 29 75 53 17 7 29 81 35 59 32 37 34 70 81 36 89 19 19 93 20 29 7 65 6
7 24 31 7 93 35 1 15 84 65 24 99 84 6 32 88 34 23 46 29 94 32 25 99 82 80 33 64 15 49

2109 867 1037 2075 1676 2136 533 886 1780 300 2139 1656 825 536 261 940 801 1204 2100 980 1361 1166 1927 1211 891 1586 966 1175 2162 961

12484 12355 12494 6904 12315 13624 4301 3860 13690 12406 11384 4461 5359 1820 13315 13506 1411 7706 4116 12103 1250 13298 13304 13162 1433 11312 6584 2058 11463 11134

25 22 18 12 28 11 19 12 23 10 23 28 10 28 12 23 17 19 28 14 10 20 18 17 16 25 21 16 23 16 23 21 16 11 14 25 24 18 14 17 15 26 14 12 23 15 20 26 20 28 28 10 28 15 14 13 24 10 12 18 28 26 18 16 28 11 16 23 27 10 15 26 16 23 25

95 142 156 47 78 58 111 149 191 141 181 101 202 124 166 64 63 97 58 60 104 207 211 165 97 124 107 48 151 30
