75
30

0 6 73 68 43 75 49 46 92 87 82 23 65 66 87 79 74 31 87 33 35 37 48 20 3 72 95 72 24 17
96 48 73 32 70 30 20 32 43 55 32 54 63 56 24 38 49 53 6 76 24 82 71 89 83 80 57 52 68 53
57 59 60 94 51 17 25 41 2 99 43 66 41 94 46 62 14 44 10 61 80 45 88 81 86 61 97 18 45 67
61 8 5 37 6 22 78 28 43 95 76 23 81 69 54 54 71 25 77 4 56 24 58 52 94 87 20 29 68 75
91 82 98 57 36 75 38 79 83 70 97 63 83 60 30 5 36 66 97 49 62 95 65 63 81 43 23 30 64 81
15 39 49 48 22 42 28 58 57 8 69 84 28 86 17 81 6 59 82 48 99 65 21 58 7 96 69 3 23 15
67 18 99 46 4 1 91 29 59 30 53 52 24 47 42 80 30 63 66 69 15 5 70 25 11 93 43 40 21 49
10 18 31 47 26 82 69 62 82 9 15 98 8 52 11 70 13 34 24 98 11 17 89 26 20 6 96 63 28 9
19 39 67 92 12 91 40 80 88 40 89 94 86 29 0 48 75 2 84 12 61 87 82 39 88 88 76 7 41 91
8 18 22 62 45 60 24 80 30 22 35 30 22 21 64 51 94 77 41 27 63 48 54 41 64 13 24 52 83 52
19 59 22 79 69 47 59 21 31 58 26 40 13 10 8 49 50 54 51 75 14 65 26 54 72 85 84 71 41 68
1 88 5 13 0 2 79 56 96 45 56 79 2 10 53 47 93 63 47 88 22 78 76 73 15 11 39 51 9 90
11 67 10 84 80 58 67 96 50 89 7 78 74 6 70 62 19 93 40 68 63 64 52 18 92 43 42 76 32 85
52 96 36 72 5 34 30 60 35 68 62 81 10 37 16 15 90 71 2 85 27 95 11 53 77 27 5 2 84 80
84 44 64 66 48 86 99 55 46 47 15 25 72 2 92 14 66 92 59 60 24 47 52 99 8 89 26 36 37 15
85 25 83 93 41 22 9 2 23 88 21 8 3 71 17 59 6 74 65 36 20 3 37 89 27 55 78 65 18 73
91 81 57 88 71 11 21 35 10 97 24 96 57 92 93 8 16 96 72 55 8 53 55 21 21 7 85 65 46 36
68 64 49 37 80 19 46 86 84 27 71 35 66 67 56 8 69 38 65 92 78 70 43 64 91 83 88 81 73 52
45 19 79 35 74 53 99 42 58 19 50 67 44 66 32 11 29 28 6 60 41 60 79 4 74 99 95 7 78 80
56 65 10 88 49 10 7 39 28 54 14 19 85 70 9 24 19 63 89 85 73 72 1 52 97 15 60 98 77 59
60 57 18 73 84 83 68 11 68 37 48 26 75 9 94 4 75 32 45 79 54 71 29 70 81 54 21 36 15 15
91 55 36 50 57 72 12 2 17 59 61 26 5 1 56 20 26 81 83 97 43 42 47 40 29 50 96 88 7 73
7 10 29 58 34 87 92 78 43 3 70 73 64 24 17 97 29 97 70 65 2 11 63 56 96 7 17 6 43 14
79 4 57 60 29 78 14 77 55 34 34 8 92 71 38 80 63 4 17 93 61 66 30 54 73 48 34 48 29 28
96 26 29 82 44 48 70 78 64 17 99 3 44 98 43 68 24 83 95 87 1 75 73 44 97 91 58 70 98 0
96 6 11 53 12 33 99 70 72 64 3 92 91 75 37 15 71 79 42 55 28 84 15 17 23 6 61 74 20 97
29 61 38 31 21 63 56 56 10 33 0 95 80 70 18 60 84 62 21 16 89 56 46 5 49 8 70 9 11 38
78 27 74 89 69 88 42 58 52 25 18 55 58 75 72 5 82 93 56 4 26 92 47 82 0 36 45 46 16 58
63 8 68 81 85 4 95 63 67 75 59 85 18 64 93 58 86 40 3 33 34 65 13 16 73 62 8 34 3 39
4 5 65 92 45 5 17 86 14 41 70 89 5 56 62 99 97 47 62 0 19 61 1 32 1 96 7 66 56 30
75 8 21 52 96 84 80 67 30 77 16 3 4 10 83 32 55 12 0 93 64 98 84 84 43 51 3 39 65 94
95 30 70 84 95 49 61 67 59 60 91 80 83 31 2 84 54 78 58 64 77 95 91 34 70 28 55 31 20 50
47 87 46 11 50 8 95 95 97 5 89 98 68 57 90 3 78 92 47 36 85 27 44 0 69 91 65 48 33 40
50 31 30 19 96 27 32 33 34 36 70 52 91 21 38 34 4 98 23 54 57 18 6 84 60 4 52 41 75 18
79 8 79 87 71 1 97 0 88 24 68 68 76 47 6 90 78 94 84 92 9 21 47 12 45 29 25 52 29 40
25 37 0 26 87 15 7 79 73 32 45 54 91 34 42 13 90 93 73 85 80 58 89 85 46 77 81 69 83 37
13 30 53 27 7 45 48 16 54 38 11 92 84 9 45 27 21 62 18 36 12 14 37 71 94 71 52 47 48 18
18 1 50 40 18 36 17 78 24 87 10 94 66 28 41 87 9 87 0 90 79 55 88 48 88 2 35 40 28 31
33 4 58 33 15 84 94 31 49 99 74 23 49 4 62 57 7 94 7 3 93 79 83 3 99 17 63 21 2 90
6 7 81 64 72 71 12 62 73 6 30 42 45 19 28 56 88 73 27 49 6 13 44 97 56 61 48 10 82 95
67 55 85 31 88 49 72 2 76 62 64 76 90 2 79 67 83 78 2 40 1 81 11 3 27 98 39 32 43 79
55 92 80 3 31 30 8 17 11 62 70 54 95 82 63 35 8 58 27 32 28 99 83 31 74 6 46 24 93 43
95 35 87 77 70 41 76 5 46 39 87 34 88 97 7 87 89 60 59 81 56 17 57 62 84 49 87 7 35 98
95 42 22 51 76 14 48 9 20 31 66 98 36 49 54 35 62 77 12 54 48 25 45 66 49 15 67 99 84 35
57 35 38 3 44 61 8 64 2 85 31 54 83 85 40 89 20 97 38 62 81 56 85 75 47 51 28 17 51 53
41 72 4 31 36 23 89 58 66 89 1 82 43 97 68 5 20 82 69 1 30 75 50 66 72 17 97 76 89 2
10 95 77 44 98 71 16 22 86 0 22 47 95 49 59 54 48 71 43 5 13 47 50 74 76 46 4 34 7 84
92 77 71 20 53 28 93 24 23 43 72 2 41 96 11 71 46 93 2 10 14 85 95 24 27 38 23 18 66 7
71 54 64 20 18 35 72 50 70 45 22 54 88 42 81 91 57 70 41 57 67 58 82 96 86 5 8 71 58 63
36 16 63 98 99 85 88 56 79 83 41 78 92 45 76 57 91 87 22 1 48 59 31 62 41 59 87 49 57 1
54 27 87 40 33 68 60 99 73 10 62 48 46 49 31 29 89 48 14 37 73 58 36 88 40 80 21 47 29 3
55 77 87 14 80 56 16 48 75 63 21 38 50 17 57 72 53 44 79 75 82 91 56 70 44 7 92 82 1 79
74 98 0 74 40 89 70 39 22 61 42 49 32 87 16 7 74 47 90 51 6 59 22 0 99 2 75 51 42 48
96 22 12 51 7 90 98 80 5 63 44 64 22 5 63 20 72 86 28 58 92 34 34 81 52 10 8 53 3 27
98 69 69 94 63 67 10 45 52 73 24 1 52 51 48 51 26 7 76 69 79 77 23 0 30 86 83 70 69 61
66 20 24 46 20 58 76 33 57 84 0 18 59 22 98 51 16 82 85 32 26 21 16 62 68 81 69 76 18 23
48 98 71 84 38 94 94 29 32 26 15 74 40 23 33 96 13 31 91 64 62 87 62 55 58 56 27 31 27 18
51 14 91 74 91 48 11 35 78 68 40 6 69 6 78 60 62 91 6 91 7 39 30 76 67 30 56 88 17 28
88 36 69 83 23 31 67 15 73 5 0 85 37 21 21 96 23 59 55 73 68 69 61 20 21 17 66 56 87 73
75 73 38 18 52 71 48 50 7 61 4 50 33 38 94 4 88 81 91 14 11 6 69 37 21 96 17 33 26 91
60 12 51 92 69 11 71 17 52 49 87 35 41 26 88 35 8 74 6 23 0 76 24 52 58 7 21 27 59 63
56 42 13 92 15 31 78 24 89 58 99 78 47 60 77 0 22 32 8 36 28 6 75 60 78 74 64 22 61 49
41 55 8 63 13 87 54 64 66 26 63 29 32 27 99 32 57 53 32 31 50 81 25 40 43 42 50 31 96 63
9 68 10 68 76 57 60 54 70 84 39 49 41 64 76 19 18 22 81 72 58 86 23 85 82 55 39 57 9 81
43 49 1 67 69 72 96 76 79 39 86 12 7 84 62 96 33 15 49 72 6 58 81 97 43 12 6 8 99 2
16 81 72 31 39 0 77 47 45 19 27 73 39 87 86 82 59 56 87 9 3 99 41 24 26 13 57 10 17 76
67 36 24 86 32 0 94 96 47 87 43 36 91 72 83 77 95 58 56 73 1 35 57 92 52 91 60 32 41 13
55 63 90 76 80 49 50 78 0 56 45 93 54 23 88 38 93 70 60 86 71 74 16 61 58 16 58 92 90 0
2 43 74 93 20 3 22 23 34 29 64 56 93 79 82 24 63 61 56 78 10 1 12 86 56 89 18 7 33 72
68 12 75 6 49 16 14 58 78 57 70 48 55 44 68 70 74 35 91 16 81 37 78 99 80 33 21 59 16 76
7 87 86 11 26 95 70 3 32 42 72 1 25 67 13 42 1 2 18 97 79 61 91 6 4 37 69 38 93 48
0 6 62 1 79 87 50 87 44 52 41 17 18 2 46 57 43 46 79 20 46 1 61 44 26 67 30 34 64 24
34 67 85 54 38 92 26 81 71 47 96 81 13 8 22 5 58 20 18 25 41 84 31 86 1 97 46 27 6 68
42 9 85 64 50 52 26 48 44 82 45 26 69 33 21 98 83 55 67 99 77 21 84 61 89 39 95 39 26 16
83 79 74 12 65 21 46 3 76 68 97 25 56 59 20 74 46 34 92 94 59 68 28 49 56 30 77 96 66 73

9 56 52 50 53 20 26 51 25 94 77 80 2 41 89 60 41 36 89 71 0 14 56 59 53 63 86 29 55 87
78 80 94 25 30 99 28 74 65 9 87 65 37 57 2 0 62 73 75 29 95 43 19 40 45 73 17 82 90 39
85 49 42 53 50 2 65 84 46 87 64 18 26 88 80 42 24 35 61 96 11 39 7 11 38 14 94 43 59 45
34 68 77 82 24 88 49 66 90 71 52 42 25 27 93 98 90 93 13 31 11 62 17 42 0 8 37 6 84 74
3 63 16 16 81 32 1 49 5 44 66 12 8 48 56 49 33 28 29 0 78 42 89 17 4 65 74 55 11 10
1 32 64 42 14 18 17 15 3 14 76 10 87 44 94 33 71 55 82 10 42 93 97 99 27 15 25 85 62 58
74 43 34 47 49 88 88 45 71 25 16 67 62 91 73 92 6 52 88 78 69 75 51 34 14 5 14 25 75 23
25 7 55 46 80 4 58 6 73 4 95 25 78 6 2 58 76 66 59 82 27 11 13 50 58 24 42 37 92 24
92 52 54 81 2 81 36 55 82 98 89 37 11 55 86 40 81 33 77 60 82 23 17 10 29 62 46 99 59 45
57 1 56 93 71 44 80 37 8 9 6 66 31 24 7 26 88 88 25 84 88 56 25 0 90 90 20 38 78 30
12 53 62 55 87 13 26 44 70 24 5 37 5 8 77 79 36 23 88 79 1 31 48 22 53 59 80 28 85 0
93 25 13 58 12 97 51 31 99 17 71 77 41 72 48 23 83 54 21 6 44 55 19 39 27 11 47 72 31 61
12 71 15 28 45 30 69 49 53 11 0 85 0 52 33 7 95 8 86 33 51 6 70 69 32 23 26 63 9 33
86 88 83 71 43 18 53 14 48 43 41 68 69 55 89 32 5 95 99 57 1 41 82 30 35 83 35 46 74 2
55 60 98 69 72 21 59 11 54 25 19 23 8 64 76 20 90 19 85 51 5 65 23 35 39 56 60 70 63 21
30 41 18 94 20 23 45 36 23 59 30 57 8 43 84 10 19 59 70 44 5 52 50 21 29 10 11 37 23 16
96 7 83 75 51 99 12 33 60 34 75 47 29 72 94 67 45 66 28 38 14 56 2 34 63 17 73 97 58 98
56 17 55 13 51 89 22 65 40 40 67 29 34 1 69 8 11 74 8 39 59 7 23 30 19 95 66 42 89 61
3 40 46 79 3 95 84 51 16 1 72 47 9 34 1 80 33 76 50 49 32 86 3 3 18 65 1 93 72 82
92 5 39 35 34 20 45 60 59 16 37 44 83 20 21 59 54 77 72 62 53 91 20 11 76 51 35 83 99 49
87 24 75 67 26 29 17 69 30 62 83 25 4 51 50 82 29 15 53 25 4 23 19 9 14 67 26 57 27 28
71 42 8 50 14 22 90 42 45 64 46 2 94 5 54 4 57 20 53 11 35 91 15 90 1 23 1 56 31 17
66 70 76 15 27 44 60 78 26 67 24 58 26 31 59 70 43 10 92 81 3 51 19 78 57 68 7 64 8 28
96 13 38 99 80 69 25 86 47 83 94 72 14 10 43 49 74 16 42 95 47 72 83 42 2 24 49 36 0 74
6 82 59 10 50 32 52 68 78 55 87 17 23 95 30 94 15 3 67 30 39 13 20 64 90 88 63 5 79 46
97 5 7 63 86 61 24 7 67 37 51 30 74 0 8 50 41 92 0 89 93 81 40 39 13 84 10 89 59 31
0 22 69 22 66 69 73 5 0 87 5 60 4 86 78 84 12 24 72 99 98 52 38 27 69 72 33 25 24 47
26 49 34 63 43 99 80 41 45 66 34 57 49 84 87 98 53 60 64 78 1 20 53 85 17 9 67 35 90 37
3 60 82 42 69 41 2 22 87 73 58 55 99 27 89 16 45 40 29 53 62 45 63 71 49 29 76 56 89 73
1 34 14 26 22 29 61 2 79 86 70 4 97 67 89 28 17 24 12 82 18 25 69 33 45 79 14 74 89 83
13 56 87 88 10 40 23 63 33 65 67 1 50 25 76 87 9 18 33 37 16 94 10 73 18 22 91 83 17 58
61 90 28 76 73 35 43 96 39 37 74 21 11 84 94 73 40 80 88 76 37 44 78 45 76 31 6 66 98 30
70 68 26 63 45 50 89 69 52 87 8 75 42 38 10 64 10 32 63 3 66 4 39 98 9 2 66 68 0 93
18 82 27 39 48 73 90 17 69 48 71 4 43 40 60 53 20 82 48 39 49 94 3 29 50 9 13 30 11 90
32 3 60 8 84 55 21 80 6 40 55 87 25 36 40 32 22 81 49 90 99 75 30 81 78 1 86 50 87 92
19 38 3 72 83 90 79 48 68 27 53 7 89 66 32 71 72 83 84 6 62 49 98 72 71 74 84 93 70 55
19 50 80 88 79 47 6 22 92 97 42 45 11 26 20 24 1 96 95 64 74 88 78 32 21 10 64 73 32 1
28 18 91 66 63 55 96 49 99 6 46 33 25 48 73 32 3 61 34 96 42 82 84 61 70 24 88 17 31 60
52 46 91 96 74 98 17 87 55 72 87 58 6 32 30 40 53 80 95 37 25 52 26 78 75 31 66 19 59 68
25 6 89 71 93 4 36 3 70 70 25 86 52 2 78 21 99 7 78 52 59 75 61 48 40 31 74 78 49 24
36 90 28 66 6 44 76 21 32 37 30 24 43 32 29 75 13 72 3 24 97 51 63 57 20 63 58 54 76 55
57 56 66 55 50 82 84 54 85 84 12 56 85 7 10 25 7 25 1 10 45 50 73 4 79 28 73 76 32 97
42 88 82 42 36 86 34 82 19 16 68 92 18 10 2 10 98 52 31 9 76 5 55 30 87 62 84 92 82 63
95 47 2 79 70 20 75 53 50 79 27 66 81 6 84 52 29 64 44 77 0 98 13 76 93 97 37 99 60 15
2 0 58 24 52 0 24 42 56 74 0 73 38 67 83 48 37 31 91 33 54 34 68 70 31 92 51 67 38 11
93 24 81 61 12 87 55 98 0 66 91 17 12 49 3 0 36 99 93 95 96 16 99 33 45 18 89 69 48 45
24 21 74 6 59 19 30 29 42 95 8 66 38 97 47 79 87 75 10 2 65 91 30 52 18 54 92 43 90 72
35 19 43 72 0 9 66 42 62 80 11 84 15 23 95 79 96 19 74 23 77 61 54 64 59 12 18 55 29 59
78 14 91 65 63 33 69 44 26 2 40 5 26 32 40 30 2 74 77 14 63 97 16 42 55 56 28 6 73 64
27 88 40 56 25 44 67 93 89 80 56 65 72 6 20 81 59 93 43 44 39 92 74 76 9 70 56 10 62 77
22 84 15 66 5 9 75 3 58 69 67 49 63 98 50 20 93 44 1 27 41 99 61 68 40 61 42 31 35 65
67 5 75 91 73 40 44 32 12 75 54 98 19 44 48 64 43 20 10 9 51 57 64 95 52 44 14 77 9 74
65 61 27 8 6 33 40 65 70 32 32 79 89 41 65 16 4 28 1 16 5 38 49 22 22 40 49 6 65 72
4 8 8 35 6 37 57 35 7 9 39 63 64 20 18 84 27 81 15 49 53 53 80 64 86 68 66 87 21 28
80 18 31 1 21 22 48 81 38 91 19 50 47 30 66 90 10 35 34 14 57 88 7 13 3 97 14 56 89 40
65 68 62 10 93 85 51 56 77 63 26 73 77 79 35 86 24 65 53 25 20 50 1 4 52 11 8 16 33 55
28 51 8 71 32 66 3 51 39 70 96 44 65 22 38 96 85 30 56 7 50 11 23 87 7 51 57 2 98 78
3 46 61 19 7 68 28 28 75 52 17 94 88 20 65 56 10 13 21 13 9 66 24 70 85 82 28 87 69 73
44 10 35 21 8 94 48 75 5 63 29 0 10 58 17 22 5 65 60 50 9 31 59 76 13 5 53 55 12 64
15 51 81 15 97 82 30 71 48 96 36 58 90 70 34 89 24 18 31 12 6 43 58 31 12 57 74 41 80 84
94 34 4 96 14 66 11 45 34 96 53 18 10 26 87 97 98 13 32 13 55 34 23 34 19 8 4 17 79 28
22 12 6 47 21 4 14 14 54 33 65 63 39 17 34 3 55 78 3 56 42 46 56 42 40 80 84 4 0 48
18 38 40 39 69 53 35 8 19 80 57 81 14 14 10 52 32 48 31 70 43 40 35 92 83 18 40 47 89 10
95 27 1 66 1 28 98 99 90 78 36 60 5 38 10 39 2 70 45 43 60 90 3 87 74 64 48 21 62 10
10 68 15 20 50 33 75 2 99 30 13 17 36 22 39 59 27 79 79 4 32 95 89 18 61 16 99 8 34 81
99 59 68 64 14 77 9 80 38 46 72 90 10 66 60 9 56 13 81 19 36 71 68 32 72 93 87 46 30 9
89 2 98 93 24 36 75 34 35 75 70 6 6 22 66 1 15 36 4 81 30 96 96 76 45 9 65 17 42 94
68 86 28 61 62 20 81 68 14 13 7 6 56 88 87 67 46 35 76 94 88 52 74 95 14 9 74 1 31 52
81 74 92 93 36 11 48 62 87 95 73 22 16 87 84 59 87 65 95 17 83 44 69 27 54 49 74 46 82 8
36 19 51 2 62 23 61 74 67 51 28 98 26 55 74 54 50 46 76 53 37 30 46 23 59 18 55 37 87 49
13 53 53 3 90 87 18 2 21 49 86 30 36 8 76 93 8 67 52 41 13 67 77 95 41 40 29 50 3 91
97 65 28 83 57 48 28 43 79 95 1 7 27 51 83 3 55 0 64 10 94 91 49 43 98 67 10 78 0 55
68 88 77 30 6 69 29 60 89 76 42 99 53 93 65 79 84 12 27 30 4 89 84 9 29 14 64 40 64 94
53 79 60 55 28 62 43 3 55 5 88 95 87 50 94 25 30 91 96 9 82 19 8 35 34 67 90 11 18 40
80 18 18 78 32 67 83 68 52 2 25 11 33 5 71 19 12 94 8 72 17 19 42 92 71 2 63 97 59 64

2109 867 1037 2075 1676 2136 533 886 1780 300 2139 1656 825 536 261 940 801 1204 2100 980 1361 1166 1927 1211 891 1586 966 1175 2162 961

1579 2587 3772 2888 2186 2483 3350 1984 3854 3722 2283 2277 3107 1720 3379 1616 2230 2246 1333 3689 2322 2556 1891 3292 719 3223 659 1486 1043 1189

25 22 18 12 28 11 19 12 23 10 23 28 10 28 12 23 17 19 28 14 10 20 18 17 16 25 21 16 23 16 23 21 16 11 14 25 24 18 14 17 15 26 14 12 23 15 20 26 20 28 28 10 28 15 14 13 24 10 12 18 28 26 18 16 28 11 16 23 27 10 15 26 16 23 25

95 142 156 47 78 58 111 149 191 141 181 101 202 124 166 64 63 97 58 60 104 207 211 165 97 124 107 48 151 30
