75
30

9 56 52 50 53 20 26 51 25 94 77 80 2 41 89 60 41 36 89 71 0 14 56 59 53 63 86 29 55 87
78 80 94 25 30 99 28 74 65 9 87 65 37 57 2 0 62 73 75 29 95 43 19 40 45 73 17 82 90 39
85 49 42 53 50 2 65 84 46 87 64 18 26 88 80 42 24 35 61 96 11 39 7 11 38 14 94 43 59 45
34 68 77 82 24 88 49 66 90 71 52 42 25 27 93 98 90 93 13 31 11 62 17 42 0 8 37 6 84 74
3 63 16 16 81 32 1 49 5 44 66 12 8 48 56 49 33 28 29 0 78 42 89 17 4 65 74 55 11 10
1 32 64 42 14 18 17 15 3 14 76 10 87 44 94 33 71 55 82 10 42 93 97 99 27 15 25 85 62 58
74 43 34 47 49 88 88 45 71 25 16 67 62 91 73 92 6 52 88 78 69 75 51 34 14 5 14 25 75 23
25 7 55 46 80 4 58 6 73 4 95 25 78 6 2 58 76 66 59 82 27 11 13 50 58 24 42 37 92 24
92 52 54 81 2 81 36 55 82 98 89 37 11 55 86 40 81 33 77 60 82 23 17 10 29 62 46 99 59 45
57 1 56 93 71 44 80 37 8 9 6 66 31 24 7 26 88 88 25 84 88 56 25 0 90 90 20 38 78 30
12 53 62 55 87 13 26 44 70 24 5 37 5 8 77 79 36 23 88 79 1 31 48 22 53 59 80 28 85 0
93 25 13 58 12 97 51 31 99 17 71 77 41 72 48 23 83 54 21 6 44 55 19 39 27 11 47 72 31 61
12 71 15 28 45 30 69 49 53 11 0 85 0 52 33 7 95 8 86 33 51 6 70 69 32 23 26 63 9 33
86 88 83 71 43 18 53 14 48 43 41 68 69 55 89 32 5 95 99 57 1 41 82 30 35 83 35 46 74 2
55 60 98 69 72 21 59 11 54 25 19 23 8 64 76 20 90 19 85 51 5 65 23 35 39 56 60 70 63 21
30 41 18 94 20 23 45 36 23 59 30 57 8 43 84 10 19 59 70 44 5 52 50 21 29 10 11 37 23 16
96 7 83 75 51 99 12 33 60 34 75 47 29 72 94 67 45 66 28 38 14 56 2 34 63 17 73 97 58 98
56 17 55 13 51 89 22 65 40 40 67 29 34 1 69 8 11 74 8 39 59 7 23 30 19 95 66 42 89 61
3 40 46 79 3 95 84 51 16 1 72 47 9 34 1 80 33 76 50 49 32 86 3 3 18 65 1 93 72 82
92 5 39 35 34 20 45 60 59 16 37 44 83 20 21 59 54 77 72 62 53 91 20 11 76 51 35 83 99 49
87 24 75 67 26 29 17 69 30 62 83 25 4 51 50 82 29 15 53 25 4 23 19 9 14 67 26 57 27 28
71 42 8 50 14 22 90 42 45 64 46 2 94 5 54 4 57 20 53 11 35 91 15 90 1 23 1 56 31 17
66 70 76 15 27 44 60 78 26 67 24 58 26 31 59 70 43 10 92 81 3 51 19 78 57 68 7 64 8 28
96 13 38 99 80 69 25 86 47 83 94 72 14 10 43 49 74 16 42 95 47 72 83 42 2 24 49 36 0 74
6 82 59 10 50 32 52 68 78 55 87 17 23 95 30 94 15 3 67 30 39 13 20 64 90 88 63 5 79 46
97 5 7 63 86 61 24 7 67 37 51 30 74 0 8 50 41 92 0 89 93 81 40 39 13 84 10 89 59 31
0 22 69 22 66 69 73 5 0 87 5 60 4 86 78 84 12 24 72 99 98 52 38 27 69 72 33 25 24 47
26 49 34 63 43 99 80 41 45 66 34 57 49 84 87 98 53 60 64 78 1 20 53 85 17 9 67 35 90 37
3 60 82 42 69 41 2 22 87 73 58 55 99 27 89 16 45 40 29 53 62 45 63 71 49 29 76 56 89 73
1 34 14 26 22 29 61 2 79 86 70 4 97 67 89 28 17 24 12 82 18 25 69 33 45 79 14 74 89 83
13 56 87 88 10 40 23 63 33 65 67 1 50 25 76 87 9 18 33 37 16 94 10 73 18 22 91 83 17 58
61 90 28 76 73 35 43 96 39 37 74 21 11 84 94 73 40 80 88 76 37 44 78 45 76 31 6 66 98 30
70 68 26 63 45 50 89 69 52 87 8 75 42 38 10 64 10 32 63 3 66 4 39 98 9 2 66 68 0 93
18 82 27 39 48 73 90 17 69 48 71 4 43 40 60 53 20 82 48 39 49 94 3 29 50 9 13 30 11 90
32 3 60 8 84 55 21 80 6 40 55 87 25 36 40 32 22 81 49 90 99 75 30 81 78 1 86 50 87 92
19 38 3 72 83 90 79 48 68 27 53 7 89 66 32 71 72 83 84 6 62 49 98 72 71 74 84 93 70 55
19 50 80 88 79 47 6 22 92 97 42 45 11 26 20 24 1 96 95 64 74 88 78 32 21 10 64 73 32 1
28 18 91 66 63 55 96 49 99 6 46 33 25 48 73 32 3 61 34 96 42 82 84 61 70 24 88 17 31 60
52 46 91 96 74 98 17 87 55 72 87 58 6 32 30 40 53 80 95 37 25 52 26 78 75 31 66 19 59 68
25 6 89 71 93 4 36 3 70 70 25 86 52 2 78 21 99 7 78 52 59 75 61 48 40 31 74 78 49 24
36 90 28 66 6 44 76 21 32 37 30 24 43 32 29 75 13 72 3 24 97 51 63 57 20 63 58 54 76 55
57 56 66 55 50 82 84 54 85 84 12 56 85 7 10 25 7 25 1 10 45 50 73 4 79 28 73 76 32 97
42 88 82 42 36 86 34 82 19 16 68 92 18 10 2 10 98 52 31 9 76 5 55 30 87 62 84 92 82 63
95 47 2 79 70 20 75 53 50 79 27 66 81 6 84 52 29 64 44 77 0 98 13 76 93 97 37 99 60 15
2 0 58 24 52 0 24 42 56 74 0 73 38 67 83 48 37 31 91 33 54 34 68 70 31 92 51 67 38 11
93 24 81 61 12 87 55 98 0 66 91 17 12 49 3 0 36 99 93 95 96 16 99 33 45 18 89 69 48 45
24 21 74 6 59 19 30 29 42 95 8 66 38 97 47 79 87 75 10 2 65 91 30 52 18 54 92 43 90 72
35 19 43 72 0 9 66 42 62 80 11 84 15 23 95 79 96 19 74 23 77 61 54 64 59 12 18 55 29 59
78 14 91 65 63 33 69 44 26 2 40 5 26 32 40 30 2 74 77 14 63 97 16 42 55 56 28 6 73 64
27 88 40 56 25 44 67 93 89 80 56 65 72 6 20 81 59 93 43 44 39 92 74 76 9 70 56 10 62 77
22 84 15 66 5 9 75 3 58 69 67 49 63 98 50 20 93 44 1 27 41 99 61 68 40 61 42 31 35 65
67 5 75 91 73 40 44 32 12 75 54 98 19 44 48 64 43 20 10 9 51 57 64 95 52 44 14 77 9 74
65 61 27 8 6 33 40 65 70 32 32 79 89 41 65 16 4 28 1 16 5 38 49 22 22 40 49 6 65 72
4 8 8 35 6 37 57 35 7 9 39 63 64 20 18 84 27 81 15 49 53 53 80 64 86 68 66 87 21 28
80 18 31 1 21 22 48 81 38 91 19 50 47 30 66 90 10 35 34 14 57 88 7 13 3 97 14 56 89 40
65 68 62 10 93 85 51 56 77 63 26 73 77 79 35 86 24 65 53 25 20 50 1 4 52 11 8 16 33 55
28 51 8 71 32 66 3 51 39 70 96 44 65 22 38 96 85 30 56 7 50 11 23 87 7 51 57 2 98 78
3 46 61 19 7 68 28 28 75 52 17 94 88 20 65 56 10 13 21 13 9 66 24 70 85 82 28 87 69 73
44 10 35 21 8 94 48 75 5 63 29 0 10 58 17 22 5 65 60 50 9 31 59 76 13 5 53 55 12 64
15 51 81 15 97 82 30 71 48 96 36 58 90 70 34 89 24 18 31 12 6 43 58 31 12 57 74 41 80 84
94 34 4 96 14 66 11 45 34 96 53 18 10 26 87 97 98 13 32 13 55 34 23 34 19 8 4 17 79 28
22 12 6 47 21 4 14 14 54 33 65 63 39 17 34 3 55 78 3 56 42 46 56 42 40 80 84 4 0 48
18 38 40 39 69 53 35 8 19 80 57 81 14 14 10 52 32 48 31 70 43 40 35 92 83 18 40 47 89 10
95 27 1 66 1 28 98 99 90 78 36 60 5 38 10 39 2 70 45 43 60 90 3 87 74 64 48 21 62 10
10 68 15 20 50 33 75 2 99 30 13 17 36 22 39 59 27 79 79 4 32 95 89 18 61 16 99 8 34 81
99 59 68 64 14 77 9 80 38 46 72 90 10 66 60 9 56 13 81 19 36 71 68 32 72 93 87 46 30 9
89 2 98 93 24 36 75 34 35 75 70 6 6 22 66 1 15 36 4 81 30 96 96 76 45 9 65 17 42 94
68 86 28 61 62 20 81 68 14 13 7 6 56 88 87 67 46 35 76 94 88 52 74 95 14 9 74 1 31 52
81 74 92 93 36 11 48 62 87 95 73 22 16 87 84 59 87 65 95 17 83 44 69 27 54 49 74 46 82 8
36 19 51 2 62 23 61 74 67 51 28 98 26 55 74 54 50 46 76 53 37 30 46 23 59 18 55 37 87 49
13 53 53 3 90 87 18 2 21 49 86 30 36 8 76 93 8 67 52 41 13 67 77 95 41 40 29 50 3 91
97 65 28 83 57 48 28 43 79 95 1 7 27 51 83 3 55 0 64 10 94 91 49 43 98 67 10 78 0 55
68 88 77 30 6 69 29 60 89 76 42 99 53 93 65 79 84 12 27 30 4 89 84 9 29 14 64 40 64 94
53 79 60 55 28 62 43 3 55 5 88 95 87 50 94 25 30 91 96 9 82 19 8 35 34 67 90 11 18 40
80 18 18 78 32 67 83 68 52 2 25 11 33 5 71 19 12 94 8 72 17 19 42 92 71 2 63 97 59 64

97 91 91 69 87 76 24 3 78 67 91 83 92 29 15 3 48 9 83 28 78 4 65 34 26 82 27 56 52 73
50 35 70 75 49 97 72 10 49 6 7 57 85 60 46 21 12 50 30 29 41 70 86 65 60 65 66 67 73 57
34 70 96 75 14 56 79 85 63 41 37 4 49 24 22 26 36 64 64 3 98 68 60 74 41 3 92 6 79 69
3 10 97 89 59 42 15 6 84 2 18 4 31 86 16 65 48 58 60 62 29 53 24 33 68 14 23 78 71 38
33 95 67 72 33 32 39 97 77 22 69 78 84 33 57 75 83 50 65 46 57 67 95 77 94 56 98 27 99 47
85 77 64 27 66 14 78 52 61 83 21 20 44 5 2 60 16 32 94 21 27 91 11 79 78 37 12 93 89 9
32 68 1 78 74 20 59 18 11 47 83 32 85 44 26 34 3 16 93 51 61 96 45 4 43 49 26 82 1 23
82 18 74 95 69 28 33 3 59 74 51 68 91 60 24 58 34 81 13 31 49 67 61 65 84 7 22 73 14 47
98 47 26 73 71 82 15 53 77 76 33 85 61 10 2 71 10 52 92 18 48 31 28 45 41 90 64 34 56 97
49 53 61 92 72 54 61 81 47 14 11 15 2 66 46 19 61 51 34 37 30 81 16 44 50 90 12 9 58 28
94 17 67 5 62 5 76 1 74 42 52 7 5 70 44 41 52 88 44 77 1 50 82 66 20 94 19 42 55 32
95 46 31 75 33 97 92 60 1 17 33 15 96 65 99 61 89 46 69 60 57 8 36 50 87 31 52 4 16 77
16 43 60 52 1 62 42 7 58 53 13 64 51 45 25 57 97 84 23 27 28 26 34 91 79 19 88 93 98 96
1 5 11 99 90 25 82 19 19 99 84 3 81 64 35 80 67 87 73 9 88 42 1 24 41 58 90 63 33 32
36 88 16 75 19 31 78 52 93 33 19 24 14 52 82 4 84 63 26 96 67 77 78 59 5 42 71 27 44 12
75 87 35 0 81 70 90 43 73 32 96 42 26 17 6 67 95 28 89 37 88 60 85 5 43 57 98 16 48 3
33 18 72 59 57 49 96 10 40 12 77 75 94 30 53 1 35 37 6 42 33 43 17 92 3 81 89 27 79 30
27 76 67 58 85 10 58 49 42 49 51 89 45 1 33 31 45 84 97 76 3 14 91 19 60 40 61 69 75 71
90 16 90 21 74 33 81 63 82 15 78 80 74 0 92 43 3 27 74 60 1 19 82 72 32 5 39 88 68 4
14 0 16 58 52 1 98 64 33 1 69 58 42 28 26 40 82 43 33 49 44 9 75 28 41 5 14 36 60 56
1 96 76 37 83 83 54 63 0 99 15 70 49 89 55 58 91 83 37 55 95 75 87 97 65 85 83 63 89 48
5 1 2 29 84 17 61 70 69 42 58 8 10 74 46 17 15 69 21 72 33 42 5 33 65 75 32 98 17 57
2 72 40 15 82 58 16 85 59 45 99 58 70 85 2 80 75 50 0 96 35 26 0 82 20 98 71 82 56 95
55 60 89 42 6 25 18 13 5 96 31 85 77 16 47 45 81 15 43 92 69 9 20 37 24 59 39 95 27 42
34 32 16 4 78 87 26 96 54 97 39 17 72 11 63 7 20 31 44 69 49 49 58 16 27 68 44 72 2 97
83 63 80 85 21 82 90 35 4 27 4 89 60 27 19 96 50 10 36 5 89 89 86 23 86 59 79 60 55 29
94 23 20 41 24 55 98 51 38 13 22 55 45 36 64 14 53 60 57 87 60 55 21 87 37 16 49 17 62 23
6 49 41 45 51 59 14 66 78 24 27 48 41 51 24 64 3 77 95 72 36 90 74 91 49 34 78 26 25 6
31 43 1 61 9 80 14 83 17 65 98 80 53 62 3 22 54 70 84 28 8 49 67 52 76 48 86 62 78 53
69 75 8 79 99 8 11 94 81 66 14 23 98 56 7 78 29 13 16 22 68 87 0 57 60 95 84 84 52 63
97 92 19 11 83 63 13 42 96 2 50 49 5 35 25 49 70 17 21 3 58 67 70 88 19 10 55 27 29 79
68 92 88 38 89 37 11 1 11 24 61 68 53 57 8 18 28 21 16 97 59 8 95 21 61 74 55 69 20 41
63 39 63 63 96 85 75 11 18 71 16 30 41 3 46 0 56 13 63 90 10 37 4 79 9 74 65 99 40 47
55 16 54 90 69 54 57 24 54 28 92 27 5 43 16 67 21 76 0 86 90 38 12 52 95 3 49 92 62 28
50 3 89 17 85 84 24 99 1 47 78 18 92 94 10 61 7 68 95 68 10 24 74 9 70 56 52 3 31 12
88 38 3 43 81 95 60 96 69 98 50 40 84 47 44 72 18 89 76 65 16 45 71 38 82 4 28 64 76 40
41 44 30 16 56 26 17 87 98 25 50 9 16 92 85 18 39 33 71 45 30 62 63 62 85 64 90 88 20 85
44 8 27 74 33 61 13 54 17 17 34 91 20 51 7 88 76 69 37 24 64 58 16 13 43 59 73 60 76 86
74 30 16 38 9 59 94 80 16 82 27 93 24 40 33 5 19 13 30 73 65 65 49 67 23 21 94 65 72 8
23 84 8 7 30 98 72 31 69 95 51 10 26 9 37 41 51 12 43 47 0 42 17 48 30 23 84 36 82 90
37 13 19 29 34 22 5 90 68 95 63 35 46 90 18 47 62 86 39 75 62 73 19 20 53 40 69 87 72 58
4 36 39 4 56 30 54 81 38 53 18 29 40 44 73 19 43 73 3 89 66 58 49 69 1 90 2 82 79 32
5 34 87 84 66 33 32 54 66 87 8 62 7 85 17 74 42 44 64 41 84 90 7 84 72 14 38 70 60 87
31 40 40 60 87 8 25 75 50 31 56 43 70 29 89 88 65 88 9 60 79 87 43 52 43 39 90 82 1 13
89 41 49 7 79 81 89 62 40 30 14 53 4 47 63 0 87 37 12 62 70 12 13 38 38 59 55 69 53 50
42 10 19 5 11 37 64 89 10 90 49 20 38 71 83 0 2 57 89 3 39 80 65 90 22 3 43 21 34 81
5 90 94 85 46 13 52 46 80 27 93 19 12 90 36 97 58 98 84 19 49 32 81 40 75 37 89 79 48 71
73 43 81 74 67 1 36 71 59 61 55 83 15 65 3 11 31 5 84 37 86 41 92 44 30 49 23 41 31 48
62 64 70 84 10 71 52 55 19 62 76 21 57 97 78 27 13 75 46 30 11 12 62 13 6 30 31 25 75 40
91 78 11 80 27 94 11 49 20 80 94 38 0 75 0 55 19 92 52 98 13 67 79 14 49 62 49 56 83 98
38 19 44 24 37 23 53 25 95 76 20 47 27 27 84 81 36 92 0 32 45 20 66 72 21 36 61 50 46 62
41 8 62 12 93 25 0 18 58 87 68 17 83 59 51 31 35 11 62 91 16 5 38 3 44 62 64 65 93 76
88 60 15 7 40 4 71 8 78 15 61 53 25 36 18 59 66 23 15 47 16 85 89 54 90 35 92 16 24 91
20 73 33 36 70 56 5 24 43 85 64 87 82 58 56 94 15 24 39 52 39 81 78 54 72 11 78 25 59 73
11 0 95 12 8 51 23 29 35 53 0 53 70 32 48 95 41 52 43 67 4 38 80 17 71 28 49 90 99 7
98 33 27 75 53 99 5 36 48 10 48 18 65 97 24 68 90 21 53 69 50 38 65 77 62 69 60 82 31 94
65 38 67 57 67 1 7 77 86 99 74 94 5 96 90 87 73 41 43 51 57 2 64 20 88 36 67 64 51 44
61 11 4 97 29 67 16 59 50 22 77 18 82 86 8 13 57 77 80 16 48 64 11 8 95 35 11 58 30 36
94 87 9 14 63 89 53 46 52 29 55 50 73 48 12 4 4 41 78 10 24 84 49 98 63 40 28 41 36 57
40 35 80 34 79 62 7 40 9 37 47 90 75 9 36 16 54 75 79 3 94 14 3 59 96 51 57 52 33 29
35 21 42 17 43 56 0 2 16 2 76 46 64 19 41 87 94 21 57 39 64 68 76 1 33 79 43 85 25 94
55 29 44 13 36 53 58 73 33 65 89 47 35 37 56 90 67 4 46 37 21 45 30 56 25 72 43 3 51 20
95 17 22 5 68 68 75 21 43 52 70 68 40 75 72 39 73 78 43 18 53 11 2 53 90 34 70 12 84 17
81 38 83 67 41 59 81 94 68 15 59 10 29 16 3 5 78 38 52 55 41 23 46 64 13 35 2 17 72 92
22 27 3 83 2 92 97 26 20 75 78 34 7 12 62 96 27 82 50 83 26 92 11 49 23 89 18 74 64 69
21 70 39 66 89 58 52 36 56 80 92 65 23 94 33 71 47 85 79 73 86 83 17 58 86 61 49 54 37 62
16 3 35 88 37 86 18 29 30 43 63 28 71 94 76 16 22 49 94 43 43 70 94 9 44 20 74 60 56 0
46 6 40 80 65 77 33 67 72 21 22 55 45 16 97 63 65 37 4 55 41 19 20 88 82 92 12 45 66 84
44 41 75 19 63 9 88 50 62 9 38 21 8 12 6 23 79 50 71 2 50 49 58 44 30 64 64 25 23 96
32 6 79 64 8 28 50 48 13 10 77 38 8 78 59 52 30 66 91 4 31 68 72 37 42 38 7 61 61 60
70 37 22 36 95 32 84 70 12 3 78 43 45 1 78 98 38 12 83 97 76 47 36 2 27 76 21 7 5 62
96 11 36 29 63 18 92 77 97 94 0 28 52 22 55 71 50 53 1 29 7 4 43 75 34 83 12 68 53 40
93 77 97 55 0 33 66 35 40 9 95 58 7 28 31 6 9 42 30 72 97 36 26 12 70 59 24 0 66 66
26 14 59 37 98 26 29 5 19 2 72 9 81 32 70 53 42 40 29 33 27 48 66 65 44 79 99 42 61 55
72 71 57 93 7 97 37 23 85 2 89 72 92 31 14 98 66 4 44 55 51 85 58 32 39 48 45 4 43 39

1579 2587 3772 2888 2186 2483 3350 1984 3854 3722 2283 2277 3107 1720 3379 1616 2230 2246 1333 3689 2322 2556 1891 3292 719 3223 659 1486 1043 1189

3455 15537 9015 1899 16746 8298 5213 6813 9293 5708 4705 6636 8959 10547 1900 5309 11276 6744 7273 10767 13790 12116 10624 13881 12755 10494 16589 8417 10302 9647

14 27 15 12 15 13 22 29 24 29 11 26 21 19 21 16 27 24 28 14 26 11 10 14 21 15 25 22 12 19 27 20 10 26 23 22 16 12 11 26 15 25 20 28 17 29 29 22 15 19 25 13 29 12 29 28 29 16 26 14 25 11 12 27 22 14 23 14 26 22 21 23 23 27 15

62 106 57 125 116 93 96 28 59 120 21 110 34 51 85 32 62 71 85 113 55 39 21 80 28 95 109 42 92 92
