75
30

9 56 52 50 53 20 26 51 25 94 77 80 2 41 89 60 41 36 89 71 0 14 56 59 53 63 86 29 55 87
78 80 94 25 30 99 28 74 65 9 87 65 37 57 2 0 62 73 75 29 95 43 19 40 45 73 17 82 90 39
85 49 42 53 50 2 65 84 46 87 64 18 26 88 80 42 24 35 61 96 11 39 7 11 38 14 94 43 59 45
34 68 77 82 24 88 49 66 90 71 52 42 25 27 93 98 90 93 13 31 11 62 17 42 0 8 37 6 84 74
3 63 16 16 81 32 1 49 5 44 66 12 8 48 56 49 33 28 29 0 78 42 89 17 4 65 74 55 11 10
1 32 64 42 14 18 17 15 3 14 76 10 87 44 94 33 71 55 82 10 42 93 97 99 27 15 25 85 62 58
74 43 34 47 49 88 88 45 71 25 16 67 62 91 73 92 6 52 88 78 69 75 51 34 14 5 14 25 75 23
25 7 55 46 80 4 58 6 73 4 95 25 78 6 2 58 76 66 59 82 27 11 13 50 58 24 42 37 92 24
92 52 54 81 2 81 36 55 82 98 89 37 11 55 86 40 81 33 77 60 82 23 17 10 29 62 46 99 59 45
57 1 56 93 71 44 80 37 8 9 6 66 31 24 7 26 88 88 25 84 88 56 25 0 90 90 20 38 78 30
12 53 62 55 87 13 26 44 70 24 5 37 5 8 77 79 36 23 88 79 1 31 48 22 53 59 80 28 85 0
93 25 13 58 12 97 51 31 99 17 71 77 41 72 48 23 83 54 21 6 44 55 19 39 27 11 47 72 31 61
12 71 15 28 45 30 69 49 53 11 0 85 0 52 33 7 95 8 86 33 51 6 70 69 32 23 26 63 9 33
86 88 83 71 43 18 53 14 48 43 41 68 69 55 89 32 5 95 99 57 1 41 82 30 35 83 35 46 74 2
55 60 98 69 72 21 59 11 54 25 19 23 8 64 76 20 90 19 85 51 5 65 23 35 39 56 60 70 63 21
30 41 18 94 20 23 45 36 23 59 30 57 8 43 84 10 19 59 70 44 5 52 50 21 29 10 11 37 23 16
96 7 83 75 51 99 12 33 60 34 75 47 29 72 94 67 45 66 28 38 14 56 2 34 63 17 73 97 58 98
56 17 55 13 51 89 22 65 40 40 67 29 34 1 69 8 11 74 8 39 59 7 23 30 19 95 66 42 89 61
3 40 46 79 3 95 84 51 16 1 72 47 9 34 1 80 33 76 50 49 32 86 3 3 18 65 1 93 72 82
92 5 39 35 34 20 45 60 59 16 37 44 83 20 21 59 54 77 72 62 53 91 20 11 76 51 35 83 99 49
87 24 75 67 26 29 17 69 30 62 83 25 4 51 50 82 29 15 53 25 4 23 19 9 14 67 26 57 27 28
71 42 8 50 14 22 90 42 45 64 46 2 94 5 54 4 57 20 53 11 35 91 15 90 1 23 1 56 31 17
66 70 76 15 27 44 60 78 26 67 24 58 26 31 59 70 43 10 92 81 3 51 19 78 57 68 7 64 8 28
96 13 38 99 80 69 25 86 47 83 94 72 14 10 43 49 74 16 42 95 47 72 83 42 2 24 49 36 0 74
6 82 59 10 50 32 52 68 78 55 87 17 23 95 30 94 15 3 67 30 39 13 20 64 90 88 63 5 79 46
97 5 7 63 86 61 24 7 67 37 51 30 74 0 8 50 41 92 0 89 93 81 40 39 13 84 10 89 59 31
0 22 69 22 66 69 73 5 0 87 5 60 4 86 78 84 12 24 72 99 98 52 38 27 69 72 33 25 24 47
26 49 34 63 43 99 80 41 45 66 34 57 49 84 87 98 53 60 64 78 1 20 53 85 17 9 67 35 90 37
3 60 82 42 69 41 2 22 87 73 58 55 99 27 89 16 45 40 29 53 62 45 63 71 49 29 76 56 89 73
1 34 14 26 22 29 61 2 79 86 70 4 97 67 89 28 17 24 12 82 18 25 69 33 45 79 14 74 89 83
13 56 87 88 10 40 23 63 33 65 67 1 50 25 76 87 9 18 33 37 16 94 10 73 18 22 91 83 17 58
61 90 28 76 73 35 43 96 39 37 74 21 11 84 94 73 40 80 88 76 37 44 78 45 76 31 6 66 98 30
70 68 26 63 45 50 89 69 52 87 8 75 42 38 10 64 10 32 63 3 66 4 39 98 9 2 66 68 0 93
18 82 27 39 48 73 90 17 69 48 71 4 43 40 60 53 20 82 48 39 49 94 3 29 50 9 13 30 11 90
32 3 60 8 84 55 21 80 6 40 55 87 25 36 40 32 22 81 49 90 99 75 30 81 78 1 86 50 87 92
19 38 3 72 83 90 79 48 68 27 53 7 89 66 32 71 72 83 84 6 62 49 98 72 71 74 84 93 70 55
19 50 80 88 79 47 6 22 92 97 42 45 11 26 20 24 1 96 95 64 74 88 78 32 21 10 64 73 32 1
28 18 91 66 63 55 96 49 99 6 46 33 25 48 73 32 3 61 34 96 42 82 84 61 70 24 88 17 31 60
52 46 91 96 74 98 17 87 55 72 87 58 6 32 30 40 53 80 95 37 25 52 26 78 75 31 66 19 59 68
25 6 89 71 93 4 36 3 70 70 25 86 52 2 78 21 99 7 78 52 59 75 61 48 40 31 74 78 49 24
36 90 28 66 6 44 76 21 32 37 30 24 43 32 29 75 13 72 3 24 97 51 63 57 20 63 58 54 76 55
57 56 66 55 50 82 84 54 85 84 12 56 85 7 10 25 7 25 1 10 45 50 73 4 79 28 73 76 32 97
42 88 82 42 36 86 34 82 19 16 68 92 18 10 2 10 98 52 31 9 76 5 55 30 87 62 84 92 82 63
95 47 2 79 70 20 75 53 50 79 27 66 81 6 84 52 29 64 44 77 0 98 13 76 93 97 37 99 60 15
2 0 58 24 52 0 24 42 56 74 0 73 38 67 83 48 37 31 91 33 54 34 68 70 31 92 51 67 38 11
93 24 81 61 12 87 55 98 0 66 91 17 12 49 3 0 36 99 93 95 96 16 99 33 45 18 89 69 48 45
24 21 74 6 59 19 30 29 42 95 8 66 38 97 47 79 87 75 10 2 65 91 30 52 18 54 92 43 90 72
35 19 43 72 0 9 66 42 62 80 11 84 15 23 95 79 96 19 74 23 77 61 54 64 59 12 18 55 29 59
78 14 91 65 63 33 69 44 26 2 40 5 26 32 40 30 2 74 77 14 63 97 16 42 55 56 28 6 73 64
27 88 40 56 25 44 67 93 89 80 56 65 72 6 20 81 59 93 43 44 39 92 74 76 9 70 56 10 62 77
22 84 15 66 5 9 75 3 58 69 67 49 63 98 50 20 93 44 1 27 41 99 61 68 40 61 42 31 35 65
67 5 75 91 73 40 44 32 12 75 54 98 19 44 48 64 43 20 10 9 51 57 64 95 52 44 14 77 9 74
65 61 27 8 6 33 40 65 70 32 32 79 89 41 65 16 4 28 1 16 5 38 49 22 22 40 49 6 65 72
4 8 8 35 6 37 57 35 7 9 39 63 64 20 18 84 27 81 15 49 53 53 80 64 86 68 66 87 21 28
80 18 31 1 21 22 48 81 38 91 19 50 47 30 66 90 10 35 34 14 57 88 7 13 3 97 14 56 89 40
65 68 62 10 93 85 51 56 77 63 26 73 77 79 35 86 24 65 53 25 20 50 1 4 52 11 8 16 33 55
28 51 8 71 32 66 3 51 39 70 96 44 65 22 38 96 85 30 56 7 50 11 23 87 7 51 57 2 98 78
3 46 61 19 7 68 28 28 75 52 17 94 88 20 65 56 10 13 21 13 9 66 24 70 85 82 28 87 69 73
44 10 35 21 8 94 48 75 5 63 29 0 10 58 17 22 5 65 60 50 9 31 59 76 13 5 53 55 12 64
15 51 81 15 97 82 30 71 48 96 36 58 90 70 34 89 24 18 31 12 6 43 58 31 12 57 74 41 80 84
94 34 4 96 14 66 11 45 34 96 53 18 10 26 87 97 98 13 32 13 55 34 23 34 19 8 4 17 79 28
22 12 6 47 21 4 14 14 54 33 65 63 39 17 34 3 55 78 3 56 42 46 56 42 40 80 84 4 0 48
18 38 40 39 69 53 35 8 19 80 57 81 14 14 10 52 32 48 31 70 43 40 35 92 83 18 40 47 89 10
95 27 1 66 1 28 98 99 90 78 36 60 5 38 10 39 2 70 45 43 60 90 3 87 74 64 48 21 62 10
10 68 15 20 50 33 75 2 99 30 13 17 36 22 39 59 27 79 79 4 32 95 89 18 61 16 99 8 34 81
99 59 68 64 14 77 9 80 38 46 72 90 10 66 60 9 56 13 81 19 36 71 68 32 72 93 87 46 30 9
89 2 98 93 24 36 75 34 35 75 70 6 6 22 66 1 15 36 4 81 30 96 96 76 45 9 65 17 42 94
68 86 28 61 62 20 81 68 14 13 7 6 56 88 87 67 46 35 76 94 88 52 74 95 14 9 74 1 31 52
81 74 92 93 36 11 48 62 87 95 73 22 16 87 84 59 87 65 95 17 83 44 69 27 54 49 74 46 82 8
36 19 51 2 62 23 61 74 67 51 28 98 26 55 74 54 50 46 76 53 37 30 46 23 59 18 55 37 87 49
13 53 53 3 90 87 18 2 21 49 86 30 36 8 76 93 8 67 52 41 13 67 77 95 41 40 29 50 3 91
97 65 28 83 57 48 28 43 79 95 1 7 27 51 83 3 55 0 64 10 94 91 49 43 98 67 10 78 0 55
68 88 77 30 6 69 29 60 89 76 42 99 53 93 65 79 84 12 27 30 4 89 84 9 29 14 64 40 64 94
53 79 60 55 28 62 43 3 55 5 88 95 87 50 94 25 30 91 96 9 82 19 8 35 34 67 90 11 18 40
80 18 18 78 32 67 83 68 52 2 25 11 33 5 71 19 12 94 8 72 17 19 42 92 71 2 63 97 59 64

28 53 69 97 31 68 89 81 96 21 30 90 85 38 77 51 54 53 73 3 11 36 93 92 25 5 80 75 8 5
35 50 83 22 77 17 7 64 34 36 13 16 94 37 93 65 57 0 35 45 55 6 83 41 26 39 91 76 79 68
78 42 56 60 13 55 4 96 89 71 8 80 52 56 28 89 19 16 70 71 73 34 67 15 31 64 48 46 28 69
36 98 64 23 83 97 89 1 47 42 39 28 75 66 54 64 22 12 18 44 43 69 23 7 32 45 39 66 88 59
38 19 46 12 16 3 83 32 96 32 7 26 15 68 80 80 30 35 25 85 88 55 36 85 54 72 79 69 84 6
55 60 88 32 56 70 28 85 55 26 39 41 91 77 63 27 46 48 54 40 35 98 67 99 34 96 54 60 42 24
36 44 37 64 15 92 71 41 36 20 25 23 37 49 8 88 25 36 77 30 73 21 9 51 39 79 56 65 26 26
58 7 56 36 2 25 19 53 47 7 19 9 50 54 29 97 74 11 32 27 55 21 96 96 57 56 27 43 47 40
93 50 70 75 97 36 99 32 71 42 98 59 95 1 17 35 71 50 9 59 9 28 43 54 2 54 43 34 99 89
84 56 93 33 25 49 5 99 55 10 8 62 91 0 29 91 42 69 34 98 38 6 73 68 84 96 36 59 88 20
61 62 74 33 82 1 75 6 18 76 77 20 34 89 47 45 23 25 71 45 8 52 90 88 33 73 0 50 12 47
66 57 65 59 52 79 34 3 78 89 65 17 53 58 19 70 44 17 26 97 80 36 1 48 98 0 89 67 92 58
8 29 5 1 5 20 83 85 39 12 93 99 70 73 48 57 3 27 12 52 27 49 73 4 35 46 3 1 36 73
43 94 72 89 89 18 14 39 63 30 4 23 88 98 45 88 10 86 91 57 37 97 55 72 87 95 53 28 46 7
58 13 12 71 18 84 56 84 71 54 17 78 54 56 32 10 99 11 63 50 56 28 61 10 85 5 85 42 12 0
76 99 33 7 42 35 27 45 0 88 94 55 99 80 31 53 2 20 29 83 15 88 38 82 78 58 33 35 62 61
88 92 47 15 32 72 53 70 49 75 68 28 46 77 93 72 95 80 78 72 27 49 50 78 44 36 38 21 56 98
42 59 73 56 14 58 15 27 44 95 98 52 63 15 30 5 13 75 20 28 44 73 76 49 33 31 48 78 47 90
53 79 79 24 78 69 42 88 38 85 96 67 58 28 41 70 93 74 3 99 2 10 90 90 51 22 9 97 92 71
63 66 68 10 56 32 30 31 95 28 47 61 68 75 78 26 15 23 22 66 36 37 51 61 10 52 19 7 3 59
84 52 2 60 85 73 86 47 73 65 47 62 81 67 0 48 77 45 50 18 48 10 15 68 94 42 2 48 41 40
19 37 1 29 30 97 29 97 12 16 68 17 72 35 69 13 11 49 39 55 69 8 43 86 72 60 76 36 72 28
67 55 40 88 85 87 73 10 70 60 7 72 94 58 53 52 36 8 99 77 14 2 46 58 23 22 71 64 61 50
25 2 44 85 30 4 48 81 8 44 18 89 73 35 48 81 74 80 96 60 43 66 23 3 12 43 44 92 3 17
27 14 77 43 5 63 33 12 65 41 67 55 28 59 42 12 41 3 26 46 57 75 0 88 52 51 53 50 6 21
89 43 70 83 44 84 81 19 70 77 83 70 40 10 92 94 75 93 4 65 4 38 19 56 9 49 52 9 8 76
49 82 82 52 5 32 48 19 92 80 45 99 13 46 67 87 51 64 63 58 84 30 7 7 72 7 87 93 46 18
72 29 58 95 61 40 63 63 17 1 49 74 41 13 33 18 46 75 82 92 28 68 47 87 40 61 1 29 31 99
21 87 94 29 57 31 39 88 92 0 82 48 60 26 18 92 91 10 28 72 8 44 19 73 74 44 11 72 83 21
17 80 31 4 78 5 16 7 56 63 57 90 79 35 20 61 19 42 99 19 19 91 92 39 19 10 64 37 35 73
84 81 3 88 98 27 83 0 44 90 81 20 41 4 50 1 19 99 64 8 39 16 82 52 42 41 35 99 32 24
31 56 67 6 25 10 12 87 22 64 93 94 14 97 43 37 41 43 39 63 56 69 57 44 30 88 4 66 9 48
13 85 20 76 83 91 97 67 29 91 63 61 57 83 86 19 81 5 1 22 53 70 74 40 69 22 35 43 71 76
9 50 57 24 30 46 78 29 17 19 73 17 29 65 75 69 55 98 88 51 86 57 28 39 79 74 58 39 21 70
74 80 34 83 31 70 95 44 88 12 58 60 34 19 97 60 23 11 9 31 17 39 56 30 21 86 11 57 72 59
69 35 89 40 14 14 21 75 52 6 43 29 76 19 71 22 99 43 24 18 69 1 34 56 75 83 84 25 90 13
28 22 13 15 33 62 6 94 29 12 41 30 63 71 7 65 7 25 22 19 40 48 82 77 27 16 12 20 57 69
16 1 9 37 41 97 64 4 99 58 73 80 11 74 64 23 63 97 37 2 7 8 78 5 25 14 98 51 42 4
77 29 66 16 68 90 98 78 85 68 11 31 90 1 11 58 50 72 38 56 19 98 51 37 84 44 8 53 66 22
42 61 69 16 1 90 21 38 82 67 39 10 89 21 35 20 98 62 20 1 8 15 80 33 5 46 48 67 66 21
70 9 96 77 54 36 59 89 54 13 47 86 12 30 10 23 77 5 32 29 63 93 24 83 14 2 73 85 3 24
67 30 63 19 93 98 42 97 58 17 19 19 99 64 32 77 81 18 5 49 79 60 62 28 20 8 82 69 16 16
22 15 8 80 18 78 24 33 37 5 95 12 37 35 2 44 70 52 39 72 24 66 9 19 92 86 9 70 12 75
49 11 22 88 15 55 23 41 86 50 34 61 49 50 94 13 73 79 37 0 50 38 57 96 96 30 19 45 83 89
99 34 41 54 61 38 44 25 84 82 83 80 22 69 77 40 43 78 84 31 89 17 10 55 43 1 19 79 3 80
14 16 7 32 17 38 40 10 82 47 24 1 20 12 79 29 15 31 8 28 61 77 22 46 44 46 38 67 63 11
93 67 55 43 65 31 56 69 3 98 43 64 84 19 9 99 80 39 81 4 74 36 86 1 76 80 8 23 17 2
17 34 35 78 35 96 70 62 91 63 33 42 72 4 21 83 66 53 87 98 70 78 0 46 94 0 31 59 87 82
71 40 73 15 62 86 67 34 87 35 11 47 59 32 45 80 10 62 12 47 57 99 59 9 6 79 77 81 10 73
95 5 9 36 30 84 4 58 42 57 46 29 59 59 49 7 65 95 42 48 71 17 40 39 3 86 83 26 79 64
80 59 78 61 55 71 91 31 79 65 30 97 47 99 31 48 16 53 68 33 28 59 75 57 76 8 38 35 89 53
1 77 48 2 8 3 52 46 62 7 0 73 81 25 54 71 82 73 13 5 18 68 93 34 58 24 98 99 78 20
47 0 97 61 64 38 90 72 61 88 57 23 70 47 26 45 1 48 17 6 37 48 6 56 81 35 60 35 32 0
19 38 49 79 77 66 21 48 57 94 58 48 92 51 87 51 73 98 89 3 99 29 25 12 58 42 52 49 24 68
95 0 35 24 55 75 5 56 52 65 72 80 39 98 88 27 40 47 12 62 84 85 43 33 59 79 26 57 84 86
0 63 97 85 81 48 89 50 0 4 34 67 29 30 13 34 73 44 7 95 12 51 21 14 22 22 60 77 92 15
73 80 41 19 40 39 89 17 44 35 35 92 85 84 48 26 10 78 75 58 64 54 22 13 2 85 61 12 93 84
69 19 31 88 5 98 17 46 74 71 83 38 38 17 67 91 84 38 76 72 32 85 75 82 71 32 95 67 40 27
65 26 99 56 86 89 55 21 16 88 28 90 30 37 93 85 83 13 17 22 73 84 84 3 97 35 65 32 36 1
95 4 26 76 54 1 87 87 60 72 14 44 25 87 82 87 36 11 78 25 60 21 83 4 75 51 79 67 93 67
30 1 15 90 67 57 35 13 95 10 90 94 83 92 17 12 1 14 60 25 39 47 53 61 2 45 55 27 65 31
23 31 46 58 45 44 21 41 73 38 94 8 24 92 84 11 36 51 14 19 12 65 96 50 67 55 45 46 79 91
87 77 1 53 21 32 85 35 65 47 29 6 79 54 43 32 74 76 95 25 19 74 93 80 21 54 3 5 43 66
5 66 71 56 54 98 62 58 88 42 15 42 94 36 68 48 33 40 98 59 85 93 79 27 61 31 27 24 91 94
46 91 97 33 37 15 89 66 39 46 63 58 32 44 87 31 93 8 85 4 98 33 77 48 24 98 24 89 72 77
92 95 20 27 23 35 93 1 91 93 93 78 73 84 19 17 58 80 3 81 95 73 3 70 22 20 52 82 51 38
52 76 95 64 48 6 58 75 44 58 28 53 28 9 36 33 20 74 88 58 65 33 64 55 39 38 52 73 29 46
60 71 10 35 19 46 31 82 78 20 84 31 43 54 20 69 25 28 21 78 84 28 63 55 96 22 21 5 76 11
86 30 26 92 27 14 13 68 86 33 65 95 0 61 64 40 8 59 67 6 51 37 87 35 99 63 2 5 56 36
84 69 23 50 80 16 29 22 57 47 48 60 8 87 71 89 93 92 1 57 45 11 82 12 64 14 91 95 95 95
46 97 47 21 6 91 7 69 83 17 58 83 70 89 98 43 69 52 17 26 73 11 95 1 27 8 15 82 75 11
95 47 83 50 13 77 70 16 44 90 98 6 55 63 20 67 31 72 57 87 99 94 68 44 8 42 40 82 66 46
4 97 27 74 52 56 12 82 14 60 86 25 25 44 15 61 86 66 8 44 91 32 83 84 94 53 31 14 20 36
75 95 48 61 18 51 29 75 53 17 7 29 81 35 59 32 37 34 70 81 36 89 19 19 93 20 29 7 65 6
7 24 31 7 93 35 1 15 84 65 24 99 84 6 32 88 34 23 46 29 94 32 25 99 82 80 33 64 15 49

1579 2587 3772 2888 2186 2483 3350 1984 3854 3722 2283 2277 3107 1720 3379 1616 2230 2246 1333 3689 2322 2556 1891 3292 719 3223 659 1486 1043 1189

12484 12355 12494 6904 12315 13624 4301 3860 13690 12406 11384 4461 5359 1820 13315 13506 1411 7706 4116 12103 1250 13298 13304 13162 1433 11312 6584 2058 11463 11134

14 27 15 12 15 13 22 29 24 29 11 26 21 19 21 16 27 24 28 14 26 11 10 14 21 15 25 22 12 19 27 20 10 26 23 22 16 12 11 26 15 25 20 28 17 29 29 22 15 19 25 13 29 12 29 28 29 16 26 14 25 11 12 27 22 14 23 14 26 22 21 23 23 27 15

62 106 57 125 116 93 96 28 59 120 21 110 34 51 85 32 62 71 85 113 55 39 21 80 28 95 109 42 92 92
