75
30

9 56 52 50 53 20 26 51 25 94 77 80 2 41 89 60 41 36 89 71 0 14 56 59 53 63 86 29 55 87
78 80 94 25 30 99 28 74 65 9 87 65 37 57 2 0 62 73 75 29 95 43 19 40 45 73 17 82 90 39
85 49 42 53 50 2 65 84 46 87 64 18 26 88 80 42 24 35 61 96 11 39 7 11 38 14 94 43 59 45
34 68 77 82 24 88 49 66 90 71 52 42 25 27 93 98 90 93 13 31 11 62 17 42 0 8 37 6 84 74
3 63 16 16 81 32 1 49 5 44 66 12 8 48 56 49 33 28 29 0 78 42 89 17 4 65 74 55 11 10
1 32 64 42 14 18 17 15 3 14 76 10 87 44 94 33 71 55 82 10 42 93 97 99 27 15 25 85 62 58
74 43 34 47 49 88 88 45 71 25 16 67 62 91 73 92 6 52 88 78 69 75 51 34 14 5 14 25 75 23
25 7 55 46 80 4 58 6 73 4 95 25 78 6 2 58 76 66 59 82 27 11 13 50 58 24 42 37 92 24
92 52 54 81 2 81 36 55 82 98 89 37 11 55 86 40 81 33 77 60 82 23 17 10 29 62 46 99 59 45
57 1 56 93 71 44 80 37 8 9 6 66 31 24 7 26 88 88 25 84 88 56 25 0 90 90 20 38 78 30
12 53 62 55 87 13 26 44 70 24 5 37 5 8 77 79 36 23 88 79 1 31 48 22 53 59 80 28 85 0
93 25 13 58 12 97 51 31 99 17 71 77 41 72 48 23 83 54 21 6 44 55 19 39 27 11 47 72 31 61
12 71 15 28 45 30 69 49 53 11 0 85 0 52 33 7 95 8 86 33 51 6 70 69 32 23 26 63 9 33
86 88 83 71 43 18 53 14 48 43 41 68 69 55 89 32 5 95 99 57 1 41 82 30 35 83 35 46 74 2
55 60 98 69 72 21 59 11 54 25 19 23 8 64 76 20 90 19 85 51 5 65 23 35 39 56 60 70 63 21
30 41 18 94 20 23 45 36 23 59 30 57 8 43 84 10 19 59 70 44 5 52 50 21 29 10 11 37 23 16
96 7 83 75 51 99 12 33 60 34 75 47 29 72 94 67 45 66 28 38 14 56 2 34 63 17 73 97 58 98
56 17 55 13 51 89 22 65 40 40 67 29 34 1 69 8 11 74 8 39 59 7 23 30 19 95 66 42 89 61
3 40 46 79 3 95 84 51 16 1 72 47 9 34 1 80 33 76 50 49 32 86 3 3 18 65 1 93 72 82
92 5 39 35 34 20 45 60 59 16 37 44 83 20 21 59 54 77 72 62 53 91 20 11 76 51 35 83 99 49
87 24 75 67 26 29 17 69 30 62 83 25 4 51 50 82 29 15 53 25 4 23 19 9 14 67 26 57 27 28
71 42 8 50 14 22 90 42 45 64 46 2 94 5 54 4 57 20 53 11 35 91 15 90 1 23 1 56 31 17
66 70 76 15 27 44 60 78 26 67 24 58 26 31 59 70 43 10 92 81 3 51 19 78 57 68 7 64 8 28
96 13 38 99 80 69 25 86 47 83 94 72 14 10 43 49 74 16 42 95 47 72 83 42 2 24 49 36 0 74
6 82 59 10 50 32 52 68 78 55 87 17 23 95 30 94 15 3 67 30 39 13 20 64 90 88 63 5 79 46
97 5 7 63 86 61 24 7 67 37 51 30 74 0 8 50 41 92 0 89 93 81 40 39 13 84 10 89 59 31
0 22 69 22 66 69 73 5 0 87 5 60 4 86 78 84 12 24 72 99 98 52 38 27 69 72 33 25 24 47
26 49 34 63 43 99 80 41 45 66 34 57 49 84 87 98 53 60 64 78 1 20 53 85 17 9 67 35 90 37
3 60 82 42 69 41 2 22 87 73 58 55 99 27 89 16 45 40 29 53 62 45 63 71 49 29 76 56 89 73
1 34 14 26 22 29 61 2 79 86 70 4 97 67 89 28 17 24 12 82 18 25 69 33 45 79 14 74 89 83
13 56 87 88 10 40 23 63 33 65 67 1 50 25 76 87 9 18 33 37 16 94 10 73 18 22 91 83 17 58
61 90 28 76 73 35 43 96 39 37 74 21 11 84 94 73 40 80 88 76 37 44 78 45 76 31 6 66 98 30
70 68 26 63 45 50 89 69 52 87 8 75 42 38 10 64 10 32 63 3 66 4 39 98 9 2 66 68 0 93
18 82 27 39 48 73 90 17 69 48 71 4 43 40 60 53 20 82 48 39 49 94 3 29 50 9 13 30 11 90
32 3 60 8 84 55 21 80 6 40 55 87 25 36 40 32 22 81 49 90 99 75 30 81 78 1 86 50 87 92
19 38 3 72 83 90 79 48 68 27 53 7 89 66 32 71 72 83 84 6 62 49 98 72 71 74 84 93 70 55
19 50 80 88 79 47 6 22 92 97 42 45 11 26 20 24 1 96 95 64 74 88 78 32 21 10 64 73 32 1
28 18 91 66 63 55 96 49 99 6 46 33 25 48 73 32 3 61 34 96 42 82 84 61 70 24 88 17 31 60
52 46 91 96 74 98 17 87 55 72 87 58 6 32 30 40 53 80 95 37 25 52 26 78 75 31 66 19 59 68
25 6 89 71 93 4 36 3 70 70 25 86 52 2 78 21 99 7 78 52 59 75 61 48 40 31 74 78 49 24
36 90 28 66 6 44 76 21 32 37 30 24 43 32 29 75 13 72 3 24 97 51 63 57 20 63 58 54 76 55
57 56 66 55 50 82 84 54 85 84 12 56 85 7 10 25 7 25 1 10 45 50 73 4 79 28 73 76 32 97
42 88 82 42 36 86 34 82 19 16 68 92 18 10 2 10 98 52 31 9 76 5 55 30 87 62 84 92 82 63
95 47 2 79 70 20 75 53 50 79 27 66 81 6 84 52 29 64 44 77 0 98 13 76 93 97 37 99 60 15
2 0 58 24 52 0 24 42 56 74 0 73 38 67 83 48 37 31 91 33 54 34 68 70 31 92 51 67 38 11
93 24 81 61 12 87 55 98 0 66 91 17 12 49 3 0 36 99 93 95 96 16 99 33 45 18 89 69 48 45
24 21 74 6 59 19 30 29 42 95 8 66 38 97 47 79 87 75 10 2 65 91 30 52 18 54 92 43 90 72
35 19 43 72 0 9 66 42 62 80 11 84 15 23 95 79 96 19 74 23 77 61 54 64 59 12 18 55 29 59
78 14 91 65 63 33 69 44 26 2 40 5 26 32 40 30 2 74 77 14 63 97 16 42 55 56 28 6 73 64
27 88 40 56 25 44 67 93 89 80 56 65 72 6 20 81 59 93 43 44 39 92 74 76 9 70 56 10 62 77
22 84 15 66 5 9 75 3 58 69 67 49 63 98 50 20 93 44 1 27 41 99 61 68 40 61 42 31 35 65
67 5 75 91 73 40 44 32 12 75 54 98 19 44 48 64 43 20 10 9 51 57 64 95 52 44 14 77 9 74
65 61 27 8 6 33 40 65 70 32 32 79 89 41 65 16 4 28 1 16 5 38 49 22 22 40 49 6 65 72
4 8 8 35 6 37 57 35 7 9 39 63 64 20 18 84 27 81 15 49 53 53 80 64 86 68 66 87 21 28
80 18 31 1 21 22 48 81 38 91 19 50 47 30 66 90 10 35 34 14 57 88 7 13 3 97 14 56 89 40
65 68 62 10 93 85 51 56 77 63 26 73 77 79 35 86 24 65 53 25 20 50 1 4 52 11 8 16 33 55
28 51 8 71 32 66 3 51 39 70 96 44 65 22 38 96 85 30 56 7 50 11 23 87 7 51 57 2 98 78
3 46 61 19 7 68 28 28 75 52 17 94 88 20 65 56 10 13 21 13 9 66 24 70 85 82 28 87 69 73
44 10 35 21 8 94 48 75 5 63 29 0 10 58 17 22 5 65 60 50 9 31 59 76 13 5 53 55 12 64
15 51 81 15 97 82 30 71 48 96 36 58 90 70 34 89 24 18 31 12 6 43 58 31 12 57 74 41 80 84
94 34 4 96 14 66 11 45 34 96 53 18 10 26 87 97 98 13 32 13 55 34 23 34 19 8 4 17 79 28
22 12 6 47 21 4 14 14 54 33 65 63 39 17 34 3 55 78 3 56 42 46 56 42 40 80 84 4 0 48
18 38 40 39 69 53 35 8 19 80 57 81 14 14 10 52 32 48 31 70 43 40 35 92 83 18 40 47 89 10
95 27 1 66 1 28 98 99 90 78 36 60 5 38 10 39 2 70 45 43 60 90 3 87 74 64 48 21 62 10
10 68 15 20 50 33 75 2 99 30 13 17 36 22 39 59 27 79 79 4 32 95 89 18 61 16 99 8 34 81
99 59 68 64 14 77 9 80 38 46 72 90 10 66 60 9 56 13 81 19 36 71 68 32 72 93 87 46 30 9
89 2 98 93 24 36 75 34 35 75 70 6 6 22 66 1 15 36 4 81 30 96 96 76 45 9 65 17 42 94
68 86 28 61 62 20 81 68 14 13 7 6 56 88 87 67 46 35 76 94 88 52 74 95 14 9 74 1 31 52
81 74 92 93 36 11 48 62 87 95 73 22 16 87 84 59 87 65 95 17 83 44 69 27 54 49 74 46 82 8
36 19 51 2 62 23 61 74 67 51 28 98 26 55 74 54 50 46 76 53 37 30 46 23 59 18 55 37 87 49
13 53 53 3 90 87 18 2 21 49 86 30 36 8 76 93 8 67 52 41 13 67 77 95 41 40 29 50 3 91
97 65 28 83 57 48 28 43 79 95 1 7 27 51 83 3 55 0 64 10 94 91 49 43 98 67 10 78 0 55
68 88 77 30 6 69 29 60 89 76 42 99 53 93 65 79 84 12 27 30 4 89 84 9 29 14 64 40 64 94
53 79 60 55 28 62 43 3 55 5 88 95 87 50 94 25 30 91 96 9 82 19 8 35 34 67 90 11 18 40
80 18 18 78 32 67 83 68 52 2 25 11 33 5 71 19 12 94 8 72 17 19 42 92 71 2 63 97 59 64

35 78 64 51 79 39 51 47 67 38 78 41 11 67 36 48 80 58 34 57 0 34 52 41 76 40 99 82 85 28
35 26 97 31 98 52 26 71 13 15 15 84 99 2 20 33 98 7 29 75 67 13 41 86 50 47 92 55 82 36
97 12 8 81 51 49 28 28 4 43 84 9 6 96 56 72 83 50 36 27 92 37 5 88 70 79 3 64 71 44
3 50 51 25 8 13 55 93 30 80 10 52 36 57 33 81 51 53 98 57 72 86 31 86 16 82 25 79 17 10
84 71 37 3 62 48 66 64 24 37 20 55 70 84 57 12 92 9 81 50 43 29 91 35 64 74 15 40 71 38
13 21 6 61 50 73 21 0 76 47 29 64 57 49 41 9 55 50 85 10 33 65 75 77 47 0 63 66 55 58
4 96 33 62 14 98 2 36 1 34 0 47 94 68 40 6 8 83 51 68 20 73 87 98 31 48 63 80 54 35
33 81 49 77 31 17 94 29 42 67 52 40 69 27 97 53 14 20 87 50 86 91 8 51 16 48 27 24 26 46
18 69 89 99 63 90 83 96 34 60 16 38 8 44 80 19 72 37 62 31 23 38 17 63 64 56 83 13 60 24
91 44 91 62 3 55 30 33 79 32 28 61 58 22 79 7 97 31 7 45 13 30 90 60 21 54 10 62 47 87
6 2 82 93 65 24 99 36 65 88 28 80 73 59 95 89 55 26 51 43 46 17 36 56 94 18 87 56 71 4
54 65 21 49 89 85 84 71 42 80 12 23 55 19 72 46 48 5 7 36 40 9 86 1 42 94 68 97 27 87
76 76 47 40 40 92 69 86 49 34 40 73 45 93 4 54 33 71 29 39 87 6 31 58 79 57 86 79 76 70
65 85 62 35 58 3 78 93 45 35 13 53 44 50 68 37 33 9 69 46 42 56 22 40 57 89 33 55 63 97
13 94 45 13 67 98 12 42 29 50 11 45 88 80 45 94 14 81 20 36 95 45 84 18 24 81 17 78 10 78
12 77 1 14 28 59 35 44 28 47 69 97 24 3 36 75 77 35 47 37 59 6 33 0 42 89 81 6 80 72
25 17 12 2 93 60 92 32 16 11 15 3 51 5 10 67 76 13 17 53 60 4 63 18 10 7 98 29 63 27
79 92 49 78 88 99 72 47 32 65 62 0 75 94 10 80 62 71 83 78 84 77 74 66 58 90 57 22 25 97
17 94 16 34 10 73 2 46 50 78 60 16 33 72 1 5 58 64 41 20 83 64 39 82 42 91 92 67 8 59
88 50 73 92 60 65 87 29 63 69 69 40 6 64 91 48 81 17 89 35 75 96 61 77 84 95 46 36 27 15
5 98 45 43 38 42 47 27 15 83 20 43 1 7 16 13 3 12 92 10 76 6 57 51 53 35 66 88 98 43
43 26 91 76 44 33 1 1 80 35 85 80 63 89 48 39 54 91 43 7 5 62 72 28 50 12 51 65 70 83
38 39 39 11 18 93 28 70 28 61 31 77 40 81 27 79 40 80 1 47 86 39 84 50 8 87 83 79 4 6
28 50 38 37 28 10 39 9 30 6 67 52 35 16 80 53 87 32 39 64 55 57 15 72 82 50 97 4 52 26
11 8 10 9 98 38 42 83 13 45 77 92 44 38 0 86 60 78 61 16 34 6 32 17 16 34 48 35 30 38
20 0 30 31 32 26 48 27 30 14 5 83 87 74 66 20 95 97 87 45 9 48 46 12 64 48 80 12 20 79
78 80 18 21 72 47 48 18 50 74 58 10 81 66 71 99 20 34 61 30 25 58 34 93 24 69 1 95 3 55
31 51 94 63 44 84 2 38 57 47 91 38 11 3 16 99 30 13 70 54 4 42 92 29 79 63 49 53 9 25
85 72 4 20 6 49 63 55 40 98 1 27 92 61 87 46 87 45 61 58 63 87 97 61 61 83 32 21 29 26
73 30 32 33 55 55 26 42 6 76 62 32 61 18 2 73 5 19 77 32 50 76 24 77 81 90 59 53 22 76
4 34 95 24 52 70 91 20 44 79 74 60 97 53 63 31 99 89 0 22 73 46 75 9 57 7 65 5 68 86
18 88 41 11 92 46 61 75 15 82 30 33 33 96 30 90 74 21 92 10 24 80 66 34 10 93 48 90 23 55
25 38 36 63 40 76 1 56 79 2 17 1 32 13 16 44 99 78 2 97 19 23 47 42 53 6 17 67 60 81
97 63 21 78 29 56 28 33 74 40 27 64 83 41 81 64 25 40 99 67 0 13 48 1 53 78 36 30 52 65
38 66 98 26 3 83 96 73 63 74 81 6 36 37 90 60 85 68 27 90 78 15 62 71 76 2 48 85 20 38
63 23 5 71 1 12 71 44 77 64 32 76 10 86 39 56 6 17 32 41 58 77 40 92 22 23 31 72 53 80
16 21 90 71 65 54 52 66 80 60 52 30 52 0 65 35 72 18 93 68 90 37 21 55 41 79 60 70 69 42
4 6 39 31 66 42 0 13 60 4 42 44 48 22 70 97 67 32 80 83 4 69 9 45 84 53 95 68 95 59
77 27 58 28 9 82 15 64 74 79 3 16 21 17 29 36 63 0 56 79 9 67 86 73 14 89 86 73 69 62
91 87 71 31 86 35 51 48 54 66 28 20 29 65 36 13 5 19 35 30 87 2 12 52 75 31 14 31 29 89
84 74 50 1 97 42 79 39 94 64 92 72 86 39 48 88 61 76 26 65 24 94 34 49 44 77 2 95 95 66
85 50 18 30 21 93 31 35 43 76 72 27 29 8 48 77 42 96 27 62 85 16 95 84 87 94 68 44 89 13
24 28 93 79 1 64 92 6 78 70 2 5 24 93 60 98 96 9 56 73 15 35 17 66 43 79 53 31 49 17
51 32 48 86 58 70 20 24 95 30 73 94 97 9 93 81 70 61 92 47 6 75 66 74 99 53 92 43 57 81
59 18 94 99 91 44 53 93 16 67 3 4 80 38 87 93 27 70 36 19 76 38 72 33 70 67 52 65 97 25
42 86 72 32 16 56 61 42 18 91 83 62 31 17 95 22 47 88 79 99 28 90 68 66 3 51 77 11 35 39
43 64 66 12 68 5 9 47 42 57 60 78 71 87 37 3 41 48 70 46 7 70 9 90 70 50 15 7 89 18
55 61 43 79 5 49 33 42 56 13 0 2 54 44 86 33 22 47 72 9 65 43 72 43 32 35 60 45 91 52
62 7 56 64 41 81 54 10 56 11 33 93 79 24 40 52 86 2 27 83 71 78 60 80 42 43 44 38 99 43
81 11 9 12 26 31 10 62 23 31 31 41 6 25 3 8 28 38 87 6 36 90 51 19 0 79 88 53 84 11
26 72 2 80 96 73 97 90 53 3 39 73 57 19 35 45 78 75 94 12 56 67 76 99 56 79 44 87 86 16
82 65 60 93 39 32 44 45 40 22 3 69 48 18 38 98 73 89 86 79 81 56 17 19 16 89 58 93 73 75
17 40 61 9 99 7 43 11 29 93 70 54 22 13 11 75 82 86 64 89 91 14 98 27 49 9 67 85 58 80
82 36 67 90 37 51 22 48 34 34 81 92 45 61 3 72 9 72 1 57 42 76 37 8 24 55 83 91 82 62
89 45 85 86 26 93 17 95 86 88 97 95 86 28 64 67 66 70 39 64 14 43 39 82 46 23 3 43 9 33
55 45 13 81 10 67 88 39 0 47 31 33 85 58 83 98 67 47 63 17 13 27 42 39 72 34 20 61 47 67
67 13 25 4 20 65 6 41 55 76 78 10 72 26 20 60 67 12 39 19 76 8 62 63 13 98 57 60 43 57
35 79 55 18 71 60 32 61 37 97 29 15 36 83 8 46 89 15 87 87 5 54 15 24 36 95 58 37 97 84
76 83 14 2 24 50 15 82 99 18 85 45 20 26 48 68 14 7 46 8 48 55 34 71 21 34 99 71 14 32
90 31 61 46 96 32 81 18 21 88 1 72 49 20 41 43 85 61 48 61 14 97 7 57 34 34 63 90 34 61
22 22 25 23 18 91 62 41 87 44 95 41 49 43 46 78 12 57 5 60 45 94 82 14 79 44 59 60 42 32
41 61 27 3 84 81 50 96 61 71 57 61 85 58 83 40 8 1 55 24 62 59 22 29 5 65 31 79 2 11
88 85 36 87 80 36 41 23 36 78 6 41 62 11 82 0 70 56 85 94 98 57 0 52 73 23 9 30 85 37
2 99 58 61 54 81 36 42 61 68 37 87 81 42 26 50 19 77 12 69 47 84 73 33 57 30 75 72 83 61
20 2 36 85 43 56 46 8 55 1 3 30 94 11 35 37 30 43 70 51 35 45 77 22 17 89 62 84 82 6
85 83 67 70 25 76 61 54 80 55 1 56 16 26 26 74 83 64 8 66 54 27 0 35 78 85 73 22 36 3
29 91 42 96 14 48 33 30 59 23 43 35 44 10 45 67 32 34 10 35 49 6 28 63 93 76 69 68 86 91
92 72 30 29 43 73 0 53 65 53 17 19 37 81 57 27 22 65 91 88 68 34 96 62 95 64 33 91 86 95
9 16 38 79 78 58 51 61 24 14 68 97 42 83 81 53 18 33 76 30 63 65 72 18 49 41 98 81 67 89
83 11 97 77 70 7 49 53 90 79 35 70 33 66 71 41 14 33 12 13 24 69 86 33 11 20 60 66 24 18
73 64 31 84 10 16 79 38 94 24 56 19 38 73 92 10 71 7 90 25 27 14 80 90 78 96 34 44 37 65
0 23 57 97 18 5 14 34 47 53 48 16 8 50 95 83 18 29 38 78 81 58 53 44 45 98 37 91 63 69
43 82 96 95 56 56 50 91 78 97 49 32 22 12 76 10 20 73 28 70 0 40 74 85 90 73 15 95 40 95
85 46 95 69 25 82 36 92 48 81 78 26 51 52 9 29 55 13 83 26 81 29 13 63 77 80 39 29 79 85
45 17 52 1 65 89 42 78 92 44 52 36 93 9 12 90 82 22 7 47 8 36 76 51 61 4 12 44 6 3

1579 2587 3772 2888 2186 2483 3350 1984 3854 3722 2283 2277 3107 1720 3379 1616 2230 2246 1333 3689 2322 2556 1891 3292 719 3223 659 1486 1043 1189

22943 18466 23100 9233 11433 1829 17900 4194 19629 19272 10276 12589 23480 11472 9925 13801 18758 17396 10702 10787 6715 14160 14469 23314 17496 3519 20218 7666 8584 19875

14 27 15 12 15 13 22 29 24 29 11 26 21 19 21 16 27 24 28 14 26 11 10 14 21 15 25 22 12 19 27 20 10 26 23 22 16 12 11 26 15 25 20 28 17 29 29 22 15 19 25 13 29 12 29 28 29 16 26 14 25 11 12 27 22 14 23 14 26 22 21 23 23 27 15

62 106 57 125 116 93 96 28 59 120 21 110 34 51 85 32 62 71 85 113 55 39 21 80 28 95 109 42 92 92
