75
30

9 56 52 50 53 20 26 51 25 94 77 80 2 41 89 60 41 36 89 71 0 14 56 59 53 63 86 29 55 87
78 80 94 25 30 99 28 74 65 9 87 65 37 57 2 0 62 73 75 29 95 43 19 40 45 73 17 82 90 39
85 49 42 53 50 2 65 84 46 87 64 18 26 88 80 42 24 35 61 96 11 39 7 11 38 14 94 43 59 45
34 68 77 82 24 88 49 66 90 71 52 42 25 27 93 98 90 93 13 31 11 62 17 42 0 8 37 6 84 74
3 63 16 16 81 32 1 49 5 44 66 12 8 48 56 49 33 28 29 0 78 42 89 17 4 65 74 55 11 10
1 32 64 42 14 18 17 15 3 14 76 10 87 44 94 33 71 55 82 10 42 93 97 99 27 15 25 85 62 58
74 43 34 47 49 88 88 45 71 25 16 67 62 91 73 92 6 52 88 78 69 75 51 34 14 5 14 25 75 23
25 7 55 46 80 4 58 6 73 4 95 25 78 6 2 58 76 66 59 82 27 11 13 50 58 24 42 37 92 24
92 52 54 81 2 81 36 55 82 98 89 37 11 55 86 40 81 33 77 60 82 23 17 10 29 62 46 99 59 45
57 1 56 93 71 44 80 37 8 9 6 66 31 24 7 26 88 88 25 84 88 56 25 0 90 90 20 38 78 30
12 53 62 55 87 13 26 44 70 24 5 37 5 8 77 79 36 23 88 79 1 31 48 22 53 59 80 28 85 0
93 25 13 58 12 97 51 31 99 17 71 77 41 72 48 23 83 54 21 6 44 55 19 39 27 11 47 72 31 61
12 71 15 28 45 30 69 49 53 11 0 85 0 52 33 7 95 8 86 33 51 6 70 69 32 23 26 63 9 33
86 88 83 71 43 18 53 14 48 43 41 68 69 55 89 32 5 95 99 57 1 41 82 30 35 83 35 46 74 2
55 60 98 69 72 21 59 11 54 25 19 23 8 64 76 20 90 19 85 51 5 65 23 35 39 56 60 70 63 21
30 41 18 94 20 23 45 36 23 59 30 57 8 43 84 10 19 59 70 44 5 52 50 21 29 10 11 37 23 16
96 7 83 75 51 99 12 33 60 34 75 47 29 72 94 67 45 66 28 38 14 56 2 34 63 17 73 97 58 98
56 17 55 13 51 89 22 65 40 40 67 29 34 1 69 8 11 74 8 39 59 7 23 30 19 95 66 42 89 61
3 40 46 79 3 95 84 51 16 1 72 47 9 34 1 80 33 76 50 49 32 86 3 3 18 65 1 93 72 82
92 5 39 35 34 20 45 60 59 16 37 44 83 20 21 59 54 77 72 62 53 91 20 11 76 51 35 83 99 49
87 24 75 67 26 29 17 69 30 62 83 25 4 51 50 82 29 15 53 25 4 23 19 9 14 67 26 57 27 28
71 42 8 50 14 22 90 42 45 64 46 2 94 5 54 4 57 20 53 11 35 91 15 90 1 23 1 56 31 17
66 70 76 15 27 44 60 78 26 67 24 58 26 31 59 70 43 10 92 81 3 51 19 78 57 68 7 64 8 28
96 13 38 99 80 69 25 86 47 83 94 72 14 10 43 49 74 16 42 95 47 72 83 42 2 24 49 36 0 74
6 82 59 10 50 32 52 68 78 55 87 17 23 95 30 94 15 3 67 30 39 13 20 64 90 88 63 5 79 46
97 5 7 63 86 61 24 7 67 37 51 30 74 0 8 50 41 92 0 89 93 81 40 39 13 84 10 89 59 31
0 22 69 22 66 69 73 5 0 87 5 60 4 86 78 84 12 24 72 99 98 52 38 27 69 72 33 25 24 47
26 49 34 63 43 99 80 41 45 66 34 57 49 84 87 98 53 60 64 78 1 20 53 85 17 9 67 35 90 37
3 60 82 42 69 41 2 22 87 73 58 55 99 27 89 16 45 40 29 53 62 45 63 71 49 29 76 56 89 73
1 34 14 26 22 29 61 2 79 86 70 4 97 67 89 28 17 24 12 82 18 25 69 33 45 79 14 74 89 83
13 56 87 88 10 40 23 63 33 65 67 1 50 25 76 87 9 18 33 37 16 94 10 73 18 22 91 83 17 58
61 90 28 76 73 35 43 96 39 37 74 21 11 84 94 73 40 80 88 76 37 44 78 45 76 31 6 66 98 30
70 68 26 63 45 50 89 69 52 87 8 75 42 38 10 64 10 32 63 3 66 4 39 98 9 2 66 68 0 93
18 82 27 39 48 73 90 17 69 48 71 4 43 40 60 53 20 82 48 39 49 94 3 29 50 9 13 30 11 90
32 3 60 8 84 55 21 80 6 40 55 87 25 36 40 32 22 81 49 90 99 75 30 81 78 1 86 50 87 92
19 38 3 72 83 90 79 48 68 27 53 7 89 66 32 71 72 83 84 6 62 49 98 72 71 74 84 93 70 55
19 50 80 88 79 47 6 22 92 97 42 45 11 26 20 24 1 96 95 64 74 88 78 32 21 10 64 73 32 1
28 18 91 66 63 55 96 49 99 6 46 33 25 48 73 32 3 61 34 96 42 82 84 61 70 24 88 17 31 60
52 46 91 96 74 98 17 87 55 72 87 58 6 32 30 40 53 80 95 37 25 52 26 78 75 31 66 19 59 68
25 6 89 71 93 4 36 3 70 70 25 86 52 2 78 21 99 7 78 52 59 75 61 48 40 31 74 78 49 24
36 90 28 66 6 44 76 21 32 37 30 24 43 32 29 75 13 72 3 24 97 51 63 57 20 63 58 54 76 55
57 56 66 55 50 82 84 54 85 84 12 56 85 7 10 25 7 25 1 10 45 50 73 4 79 28 73 76 32 97
42 88 82 42 36 86 34 82 19 16 68 92 18 10 2 10 98 52 31 9 76 5 55 30 87 62 84 92 82 63
95 47 2 79 70 20 75 53 50 79 27 66 81 6 84 52 29 64 44 77 0 98 13 76 93 97 37 99 60 15
2 0 58 24 52 0 24 42 56 74 0 73 38 67 83 48 37 31 91 33 54 34 68 70 31 92 51 67 38 11
93 24 81 61 12 87 55 98 0 66 91 17 12 49 3 0 36 99 93 95 96 16 99 33 45 18 89 69 48 45
24 21 74 6 59 19 30 29 42 95 8 66 38 97 47 79 87 75 10 2 65 91 30 52 18 54 92 43 90 72
35 19 43 72 0 9 66 42 62 80 11 84 15 23 95 79 96 19 74 23 77 61 54 64 59 12 18 55 29 59
78 14 91 65 63 33 69 44 26 2 40 5 26 32 40 30 2 74 77 14 63 97 16 42 55 56 28 6 73 64
27 88 40 56 25 44 67 93 89 80 56 65 72 6 20 81 59 93 43 44 39 92 74 76 9 70 56 10 62 77
22 84 15 66 5 9 75 3 58 69 67 49 63 98 50 20 93 44 1 27 41 99 61 68 40 61 42 31 35 65
67 5 75 91 73 40 44 32 12 75 54 98 19 44 48 64 43 20 10 9 51 57 64 95 52 44 14 77 9 74
65 61 27 8 6 33 40 65 70 32 32 79 89 41 65 16 4 28 1 16 5 38 49 22 22 40 49 6 65 72
4 8 8 35 6 37 57 35 7 9 39 63 64 20 18 84 27 81 15 49 53 53 80 64 86 68 66 87 21 28
80 18 31 1 21 22 48 81 38 91 19 50 47 30 66 90 10 35 34 14 57 88 7 13 3 97 14 56 89 40
65 68 62 10 93 85 51 56 77 63 26 73 77 79 35 86 24 65 53 25 20 50 1 4 52 11 8 16 33 55
28 51 8 71 32 66 3 51 39 70 96 44 65 22 38 96 85 30 56 7 50 11 23 87 7 51 57 2 98 78
3 46 61 19 7 68 28 28 75 52 17 94 88 20 65 56 10 13 21 13 9 66 24 70 85 82 28 87 69 73
44 10 35 21 8 94 48 75 5 63 29 0 10 58 17 22 5 65 60 50 9 31 59 76 13 5 53 55 12 64
15 51 81 15 97 82 30 71 48 96 36 58 90 70 34 89 24 18 31 12 6 43 58 31 12 57 74 41 80 84
94 34 4 96 14 66 11 45 34 96 53 18 10 26 87 97 98 13 32 13 55 34 23 34 19 8 4 17 79 28
22 12 6 47 21 4 14 14 54 33 65 63 39 17 34 3 55 78 3 56 42 46 56 42 40 80 84 4 0 48
18 38 40 39 69 53 35 8 19 80 57 81 14 14 10 52 32 48 31 70 43 40 35 92 83 18 40 47 89 10
95 27 1 66 1 28 98 99 90 78 36 60 5 38 10 39 2 70 45 43 60 90 3 87 74 64 48 21 62 10
10 68 15 20 50 33 75 2 99 30 13 17 36 22 39 59 27 79 79 4 32 95 89 18 61 16 99 8 34 81
99 59 68 64 14 77 9 80 38 46 72 90 10 66 60 9 56 13 81 19 36 71 68 32 72 93 87 46 30 9
89 2 98 93 24 36 75 34 35 75 70 6 6 22 66 1 15 36 4 81 30 96 96 76 45 9 65 17 42 94
68 86 28 61 62 20 81 68 14 13 7 6 56 88 87 67 46 35 76 94 88 52 74 95 14 9 74 1 31 52
81 74 92 93 36 11 48 62 87 95 73 22 16 87 84 59 87 65 95 17 83 44 69 27 54 49 74 46 82 8
36 19 51 2 62 23 61 74 67 51 28 98 26 55 74 54 50 46 76 53 37 30 46 23 59 18 55 37 87 49
13 53 53 3 90 87 18 2 21 49 86 30 36 8 76 93 8 67 52 41 13 67 77 95 41 40 29 50 3 91
97 65 28 83 57 48 28 43 79 95 1 7 27 51 83 3 55 0 64 10 94 91 49 43 98 67 10 78 0 55
68 88 77 30 6 69 29 60 89 76 42 99 53 93 65 79 84 12 27 30 4 89 84 9 29 14 64 40 64 94
53 79 60 55 28 62 43 3 55 5 88 95 87 50 94 25 30 91 96 9 82 19 8 35 34 67 90 11 18 40
80 18 18 78 32 67 83 68 52 2 25 11 33 5 71 19 12 94 8 72 17 19 42 92 71 2 63 97 59 64

62 57 56 88 82 88 14 57 71 1 32 65 14 28 66 81 25 0 59 23 35 3 82 29 78 80 19 54 92 78
19 7 47 94 1 42 73 54 80 67 54 44 60 15 4 65 4 17 39 93 84 54 23 59 68 76 39 72 90 38
19 75 20 63 37 76 29 42 41 17 15 41 83 62 21 65 75 19 86 97 75 33 96 15 86 3 20 67 17 22
64 31 40 33 62 11 46 62 99 48 82 60 32 23 19 63 44 10 88 66 64 88 79 64 30 24 90 93 65 87
83 96 21 58 62 78 87 39 2 32 73 82 80 65 23 90 88 25 10 56 47 30 20 48 14 51 26 57 92 86
12 58 71 38 97 55 34 83 68 20 51 88 19 27 14 12 63 57 87 3 59 19 96 86 66 18 60 87 30 53
42 34 48 36 85 61 82 70 48 73 5 14 59 59 9 27 55 78 3 72 75 22 81 29 23 55 43 26 14 84
91 11 81 92 42 14 96 55 19 61 37 17 30 67 5 95 20 86 66 43 76 23 83 84 24 22 58 8 22 85
92 80 63 91 43 10 38 20 41 81 9 98 77 35 3 9 88 70 34 71 2 79 94 30 7 61 90 50 73 62
3 94 24 36 6 15 55 37 66 21 25 74 5 60 85 96 15 60 23 81 37 7 9 63 49 52 10 1 34 72
81 86 17 39 61 35 83 65 34 23 31 16 19 44 16 39 22 15 87 21 43 49 20 84 28 65 11 82 22 25
68 61 38 95 24 92 67 87 62 83 91 12 19 41 64 73 5 36 91 58 67 83 97 19 79 48 90 56 32 49
42 25 57 99 44 53 13 10 27 20 17 74 29 51 96 70 66 16 90 65 35 37 35 20 53 58 15 10 19 6
43 20 34 71 22 78 38 72 4 36 41 91 26 3 43 82 8 11 98 2 44 50 41 15 1 95 95 58 33 40
30 82 53 96 31 1 38 5 4 14 45 98 26 76 70 95 20 48 80 9 0 34 94 25 38 2 4 53 23 33
41 69 32 50 53 13 32 32 34 93 66 88 17 14 18 78 37 37 38 88 17 43 82 88 23 36 97 55 12 28
57 21 56 90 26 75 14 46 4 49 95 70 92 51 26 82 69 21 19 77 70 41 3 30 17 13 67 41 32 83
23 40 32 83 95 55 2 19 83 4 79 16 60 72 90 10 12 91 47 53 13 25 79 44 3 23 49 32 17 5
97 40 66 93 1 6 83 79 48 44 90 31 60 65 23 47 12 20 41 13 39 46 19 48 20 34 61 9 87 41
20 9 91 31 97 77 34 96 49 38 38 9 45 10 14 5 32 55 53 83 12 8 50 95 43 78 43 43 1 12
7 11 76 42 52 8 5 71 18 87 26 66 43 73 35 56 77 18 90 66 47 52 52 19 99 19 97 7 86 4
25 93 53 83 42 4 64 71 7 36 58 32 50 62 24 93 30 24 51 58 55 60 73 25 17 79 26 59 94 87
83 48 17 47 37 76 26 7 50 70 48 22 75 12 67 82 33 23 76 1 5 53 41 30 51 52 95 2 84 81
56 30 57 5 39 7 37 78 95 72 77 3 6 62 8 27 21 46 17 16 1 14 77 6 13 78 44 30 1 93
47 74 7 13 26 2 35 41 98 54 67 34 53 15 87 78 13 4 67 33 14 26 13 22 70 92 94 18 56 3
81 39 3 50 77 69 99 65 25 51 32 39 17 36 28 1 26 77 64 92 59 85 53 1 98 23 57 58 61 74
34 66 10 16 61 45 98 94 76 18 13 78 21 46 74 34 97 4 88 50 50 62 60 2 57 92 24 49 74 28
45 83 67 61 96 83 43 19 10 47 51 86 78 98 9 56 21 94 93 16 70 76 79 12 35 48 41 45 36 69
29 97 31 91 86 77 71 87 91 52 57 45 10 89 84 22 13 28 97 93 94 76 96 19 76 59 56 46 10 6
60 87 93 33 61 56 65 56 1 60 64 53 86 67 29 47 70 98 13 92 95 18 20 72 20 30 84 48 97 80
63 19 3 44 6 79 29 45 19 82 81 21 36 49 51 53 80 78 56 9 58 53 63 69 32 41 26 45 60 44
40 96 92 26 49 17 77 52 87 38 6 94 33 74 1 95 8 4 23 0 44 75 63 87 2 56 34 69 30 86
81 36 68 0 79 69 64 17 78 39 37 26 25 75 13 8 68 66 20 81 14 28 13 50 12 46 70 98 72 89
73 61 41 39 71 60 0 88 93 94 52 4 41 10 20 57 4 0 65 62 54 8 98 74 23 27 54 54 79 29
35 83 29 64 51 88 44 3 23 19 59 31 8 83 12 2 74 23 18 12 35 7 81 68 15 53 12 32 7 10
95 91 53 81 2 75 38 43 85 19 7 0 67 48 21 85 19 25 14 2 98 92 41 47 77 6 95 72 1 29
56 83 39 37 97 63 24 60 48 89 97 58 4 64 2 2 34 94 85 13 8 71 18 74 60 52 23 27 60 43
87 17 52 20 87 32 84 55 57 71 42 30 90 31 58 46 25 85 58 66 88 11 67 58 78 77 89 16 6 98
27 72 50 30 14 37 69 51 70 34 94 46 0 99 75 9 5 77 81 25 70 30 62 76 45 38 12 7 41 56
14 45 3 65 46 41 28 27 72 81 54 23 55 8 19 48 71 27 74 87 93 86 15 91 94 73 37 33 80 56
46 12 44 59 86 27 14 55 48 55 34 19 78 96 93 67 12 55 0 77 86 4 62 67 5 24 26 82 79 16
74 2 51 48 94 87 70 60 71 15 93 60 50 73 25 73 89 18 11 20 88 14 53 55 72 5 18 80 55 90
53 8 14 8 21 51 70 40 37 64 15 1 52 52 70 63 21 23 53 44 63 67 69 54 80 67 84 71 1 83
32 97 79 76 53 24 38 32 79 90 64 41 21 27 79 18 97 19 34 66 26 11 35 44 77 74 65 61 40 73
68 30 64 15 21 38 68 84 1 25 36 68 20 88 48 44 96 16 90 81 73 67 77 74 8 21 53 12 97 62
61 55 99 90 12 64 86 59 72 11 25 89 60 68 64 1 30 38 93 78 63 3 92 41 8 71 82 94 45 65
57 89 49 95 41 9 92 77 23 54 2 12 44 3 73 42 49 75 83 33 25 11 83 46 84 51 47 27 75 79
2 93 19 62 83 11 10 3 73 97 21 85 30 80 9 72 3 8 21 4 4 85 17 93 73 85 86 9 53 54
20 18 79 17 50 98 25 52 89 64 82 79 13 64 53 94 88 25 82 39 16 79 67 91 59 76 10 5 78 75
16 49 69 75 35 18 7 13 14 7 25 55 97 89 75 48 1 19 65 12 48 74 63 91 28 80 10 87 27 1
80 59 54 96 90 39 37 39 41 22 70 99 36 14 53 2 23 47 32 7 42 9 43 9 84 28 20 18 93 26
10 81 55 15 15 62 69 21 52 82 94 38 93 88 6 53 39 5 17 17 33 94 39 13 12 4 93 78 58 8
3 64 1 61 9 52 78 4 8 56 54 11 0 71 61 67 85 55 99 98 58 61 24 3 92 47 8 77 95 25
37 88 97 48 96 71 89 21 49 61 29 3 23 53 88 32 34 69 92 80 31 88 90 34 51 44 55 55 86 11
89 55 30 31 3 98 45 49 85 26 67 61 67 43 41 92 75 28 50 60 12 57 90 96 99 36 92 10 98 6
7 45 64 48 90 49 15 8 54 48 30 16 98 17 78 81 96 75 74 67 28 44 97 93 81 52 14 19 53 84
10 92 36 83 2 87 50 87 94 43 84 27 97 93 39 28 33 47 82 12 87 54 64 60 67 65 68 0 3 79
72 30 96 29 42 88 80 51 23 27 67 43 49 59 2 2 17 77 21 92 94 70 11 91 38 82 8 26 69 91
80 65 13 3 78 54 1 84 62 16 1 87 31 23 19 27 5 41 87 36 48 92 35 79 32 82 5 21 76 0
55 89 99 70 74 40 96 31 92 57 8 60 57 21 48 69 18 27 5 53 35 61 37 45 13 29 32 26 3 24
91 86 52 69 57 40 79 67 6 45 99 52 70 56 42 17 49 41 24 62 46 32 78 95 28 76 37 74 82 22
49 74 41 56 42 17 93 67 85 93 83 6 11 77 90 79 88 3 29 74 73 50 13 19 59 65 79 28 25 25
46 67 39 89 82 55 61 29 89 90 76 15 18 46 21 0 4 99 6 39 53 73 51 16 34 3 54 87 65 72
97 55 82 57 48 25 38 4 0 12 67 99 67 15 19 20 27 50 39 86 87 24 52 21 2 99 77 24 67 61
78 0 78 0 38 87 33 70 97 93 4 86 93 31 1 62 11 10 31 16 16 9 1 90 26 71 24 48 54 68
32 73 26 29 99 54 55 48 30 53 17 88 73 79 75 73 54 9 38 16 42 50 47 35 99 8 40 51 69 23
19 70 14 94 37 98 94 74 66 32 52 34 23 30 61 31 63 59 30 97 59 67 72 64 35 28 11 82 26 61
44 95 69 13 6 84 53 71 3 77 96 28 95 14 6 30 79 95 49 71 60 53 51 11 37 29 78 52 45 53
85 76 11 45 41 30 32 85 35 33 69 41 64 25 34 25 24 76 90 32 68 41 9 86 9 22 59 80 63 70
92 0 85 44 86 66 15 1 43 29 62 95 43 6 78 8 22 38 4 25 13 16 95 48 70 97 43 96 63 12
72 42 20 34 59 86 41 61 16 54 24 31 28 90 77 72 41 61 93 60 39 12 21 30 50 21 64 69 84 54
82 80 78 27 78 6 10 97 1 46 6 68 86 92 45 75 30 99 46 70 61 31 88 42 43 69 93 35 44 70
76 39 50 0 45 82 95 0 6 45 46 45 93 68 71 1 43 30 65 9 80 14 19 31 81 96 61 40 28 17
92 58 82 18 9 50 32 64 78 38 84 72 13 95 27 29 51 32 68 59 48 87 22 74 40 74 10 27 14 59
99 40 20 75 83 82 1 69 87 26 16 76 46 92 90 43 98 72 27 44 85 89 54 74 42 29 76 8 38 62

1579 2587 3772 2888 2186 2483 3350 1984 3854 3722 2283 2277 3107 1720 3379 1616 2230 2246 1333 3689 2322 2556 1891 3292 719 3223 659 1486 1043 1189

3008 5268 4559 2669 5526 1066 3025 671 4385 2488 5798 5285 3549 808 879 2659 5945 4566 3557 5233 1329 5250 2605 3605 2087 4451 6240 4464 3431 3066

14 27 15 12 15 13 22 29 24 29 11 26 21 19 21 16 27 24 28 14 26 11 10 14 21 15 25 22 12 19 27 20 10 26 23 22 16 12 11 26 15 25 20 28 17 29 29 22 15 19 25 13 29 12 29 28 29 16 26 14 25 11 12 27 22 14 23 14 26 22 21 23 23 27 15

62 106 57 125 116 93 96 28 59 120 21 110 34 51 85 32 62 71 85 113 55 39 21 80 28 95 109 42 92 92
