75
30

9 56 52 50 53 20 26 51 25 94 77 80 2 41 89 60 41 36 89 71 0 14 56 59 53 63 86 29 55 87
78 80 94 25 30 99 28 74 65 9 87 65 37 57 2 0 62 73 75 29 95 43 19 40 45 73 17 82 90 39
85 49 42 53 50 2 65 84 46 87 64 18 26 88 80 42 24 35 61 96 11 39 7 11 38 14 94 43 59 45
34 68 77 82 24 88 49 66 90 71 52 42 25 27 93 98 90 93 13 31 11 62 17 42 0 8 37 6 84 74
3 63 16 16 81 32 1 49 5 44 66 12 8 48 56 49 33 28 29 0 78 42 89 17 4 65 74 55 11 10
1 32 64 42 14 18 17 15 3 14 76 10 87 44 94 33 71 55 82 10 42 93 97 99 27 15 25 85 62 58
74 43 34 47 49 88 88 45 71 25 16 67 62 91 73 92 6 52 88 78 69 75 51 34 14 5 14 25 75 23
25 7 55 46 80 4 58 6 73 4 95 25 78 6 2 58 76 66 59 82 27 11 13 50 58 24 42 37 92 24
92 52 54 81 2 81 36 55 82 98 89 37 11 55 86 40 81 33 77 60 82 23 17 10 29 62 46 99 59 45
57 1 56 93 71 44 80 37 8 9 6 66 31 24 7 26 88 88 25 84 88 56 25 0 90 90 20 38 78 30
12 53 62 55 87 13 26 44 70 24 5 37 5 8 77 79 36 23 88 79 1 31 48 22 53 59 80 28 85 0
93 25 13 58 12 97 51 31 99 17 71 77 41 72 48 23 83 54 21 6 44 55 19 39 27 11 47 72 31 61
12 71 15 28 45 30 69 49 53 11 0 85 0 52 33 7 95 8 86 33 51 6 70 69 32 23 26 63 9 33
86 88 83 71 43 18 53 14 48 43 41 68 69 55 89 32 5 95 99 57 1 41 82 30 35 83 35 46 74 2
55 60 98 69 72 21 59 11 54 25 19 23 8 64 76 20 90 19 85 51 5 65 23 35 39 56 60 70 63 21
30 41 18 94 20 23 45 36 23 59 30 57 8 43 84 10 19 59 70 44 5 52 50 21 29 10 11 37 23 16
96 7 83 75 51 99 12 33 60 34 75 47 29 72 94 67 45 66 28 38 14 56 2 34 63 17 73 97 58 98
56 17 55 13 51 89 22 65 40 40 67 29 34 1 69 8 11 74 8 39 59 7 23 30 19 95 66 42 89 61
3 40 46 79 3 95 84 51 16 1 72 47 9 34 1 80 33 76 50 49 32 86 3 3 18 65 1 93 72 82
92 5 39 35 34 20 45 60 59 16 37 44 83 20 21 59 54 77 72 62 53 91 20 11 76 51 35 83 99 49
87 24 75 67 26 29 17 69 30 62 83 25 4 51 50 82 29 15 53 25 4 23 19 9 14 67 26 57 27 28
71 42 8 50 14 22 90 42 45 64 46 2 94 5 54 4 57 20 53 11 35 91 15 90 1 23 1 56 31 17
66 70 76 15 27 44 60 78 26 67 24 58 26 31 59 70 43 10 92 81 3 51 19 78 57 68 7 64 8 28
96 13 38 99 80 69 25 86 47 83 94 72 14 10 43 49 74 16 42 95 47 72 83 42 2 24 49 36 0 74
6 82 59 10 50 32 52 68 78 55 87 17 23 95 30 94 15 3 67 30 39 13 20 64 90 88 63 5 79 46
97 5 7 63 86 61 24 7 67 37 51 30 74 0 8 50 41 92 0 89 93 81 40 39 13 84 10 89 59 31
0 22 69 22 66 69 73 5 0 87 5 60 4 86 78 84 12 24 72 99 98 52 38 27 69 72 33 25 24 47
26 49 34 63 43 99 80 41 45 66 34 57 49 84 87 98 53 60 64 78 1 20 53 85 17 9 67 35 90 37
3 60 82 42 69 41 2 22 87 73 58 55 99 27 89 16 45 40 29 53 62 45 63 71 49 29 76 56 89 73
1 34 14 26 22 29 61 2 79 86 70 4 97 67 89 28 17 24 12 82 18 25 69 33 45 79 14 74 89 83
13 56 87 88 10 40 23 63 33 65 67 1 50 25 76 87 9 18 33 37 16 94 10 73 18 22 91 83 17 58
61 90 28 76 73 35 43 96 39 37 74 21 11 84 94 73 40 80 88 76 37 44 78 45 76 31 6 66 98 30
70 68 26 63 45 50 89 69 52 87 8 75 42 38 10 64 10 32 63 3 66 4 39 98 9 2 66 68 0 93
18 82 27 39 48 73 90 17 69 48 71 4 43 40 60 53 20 82 48 39 49 94 3 29 50 9 13 30 11 90
32 3 60 8 84 55 21 80 6 40 55 87 25 36 40 32 22 81 49 90 99 75 30 81 78 1 86 50 87 92
19 38 3 72 83 90 79 48 68 27 53 7 89 66 32 71 72 83 84 6 62 49 98 72 71 74 84 93 70 55
19 50 80 88 79 47 6 22 92 97 42 45 11 26 20 24 1 96 95 64 74 88 78 32 21 10 64 73 32 1
28 18 91 66 63 55 96 49 99 6 46 33 25 48 73 32 3 61 34 96 42 82 84 61 70 24 88 17 31 60
52 46 91 96 74 98 17 87 55 72 87 58 6 32 30 40 53 80 95 37 25 52 26 78 75 31 66 19 59 68
25 6 89 71 93 4 36 3 70 70 25 86 52 2 78 21 99 7 78 52 59 75 61 48 40 31 74 78 49 24
36 90 28 66 6 44 76 21 32 37 30 24 43 32 29 75 13 72 3 24 97 51 63 57 20 63 58 54 76 55
57 56 66 55 50 82 84 54 85 84 12 56 85 7 10 25 7 25 1 10 45 50 73 4 79 28 73 76 32 97
42 88 82 42 36 86 34 82 19 16 68 92 18 10 2 10 98 52 31 9 76 5 55 30 87 62 84 92 82 63
95 47 2 79 70 20 75 53 50 79 27 66 81 6 84 52 29 64 44 77 0 98 13 76 93 97 37 99 60 15
2 0 58 24 52 0 24 42 56 74 0 73 38 67 83 48 37 31 91 33 54 34 68 70 31 92 51 67 38 11
93 24 81 61 12 87 55 98 0 66 91 17 12 49 3 0 36 99 93 95 96 16 99 33 45 18 89 69 48 45
24 21 74 6 59 19 30 29 42 95 8 66 38 97 47 79 87 75 10 2 65 91 30 52 18 54 92 43 90 72
35 19 43 72 0 9 66 42 62 80 11 84 15 23 95 79 96 19 74 23 77 61 54 64 59 12 18 55 29 59
78 14 91 65 63 33 69 44 26 2 40 5 26 32 40 30 2 74 77 14 63 97 16 42 55 56 28 6 73 64
27 88 40 56 25 44 67 93 89 80 56 65 72 6 20 81 59 93 43 44 39 92 74 76 9 70 56 10 62 77
22 84 15 66 5 9 75 3 58 69 67 49 63 98 50 20 93 44 1 27 41 99 61 68 40 61 42 31 35 65
67 5 75 91 73 40 44 32 12 75 54 98 19 44 48 64 43 20 10 9 51 57 64 95 52 44 14 77 9 74
65 61 27 8 6 33 40 65 70 32 32 79 89 41 65 16 4 28 1 16 5 38 49 22 22 40 49 6 65 72
4 8 8 35 6 37 57 35 7 9 39 63 64 20 18 84 27 81 15 49 53 53 80 64 86 68 66 87 21 28
80 18 31 1 21 22 48 81 38 91 19 50 47 30 66 90 10 35 34 14 57 88 7 13 3 97 14 56 89 40
65 68 62 10 93 85 51 56 77 63 26 73 77 79 35 86 24 65 53 25 20 50 1 4 52 11 8 16 33 55
28 51 8 71 32 66 3 51 39 70 96 44 65 22 38 96 85 30 56 7 50 11 23 87 7 51 57 2 98 78
3 46 61 19 7 68 28 28 75 52 17 94 88 20 65 56 10 13 21 13 9 66 24 70 85 82 28 87 69 73
44 10 35 21 8 94 48 75 5 63 29 0 10 58 17 22 5 65 60 50 9 31 59 76 13 5 53 55 12 64
15 51 81 15 97 82 30 71 48 96 36 58 90 70 34 89 24 18 31 12 6 43 58 31 12 57 74 41 80 84
94 34 4 96 14 66 11 45 34 96 53 18 10 26 87 97 98 13 32 13 55 34 23 34 19 8 4 17 79 28
22 12 6 47 21 4 14 14 54 33 65 63 39 17 34 3 55 78 3 56 42 46 56 42 40 80 84 4 0 48
18 38 40 39 69 53 35 8 19 80 57 81 14 14 10 52 32 48 31 70 43 40 35 92 83 18 40 47 89 10
95 27 1 66 1 28 98 99 90 78 36 60 5 38 10 39 2 70 45 43 60 90 3 87 74 64 48 21 62 10
10 68 15 20 50 33 75 2 99 30 13 17 36 22 39 59 27 79 79 4 32 95 89 18 61 16 99 8 34 81
99 59 68 64 14 77 9 80 38 46 72 90 10 66 60 9 56 13 81 19 36 71 68 32 72 93 87 46 30 9
89 2 98 93 24 36 75 34 35 75 70 6 6 22 66 1 15 36 4 81 30 96 96 76 45 9 65 17 42 94
68 86 28 61 62 20 81 68 14 13 7 6 56 88 87 67 46 35 76 94 88 52 74 95 14 9 74 1 31 52
81 74 92 93 36 11 48 62 87 95 73 22 16 87 84 59 87 65 95 17 83 44 69 27 54 49 74 46 82 8
36 19 51 2 62 23 61 74 67 51 28 98 26 55 74 54 50 46 76 53 37 30 46 23 59 18 55 37 87 49
13 53 53 3 90 87 18 2 21 49 86 30 36 8 76 93 8 67 52 41 13 67 77 95 41 40 29 50 3 91
97 65 28 83 57 48 28 43 79 95 1 7 27 51 83 3 55 0 64 10 94 91 49 43 98 67 10 78 0 55
68 88 77 30 6 69 29 60 89 76 42 99 53 93 65 79 84 12 27 30 4 89 84 9 29 14 64 40 64 94
53 79 60 55 28 62 43 3 55 5 88 95 87 50 94 25 30 91 96 9 82 19 8 35 34 67 90 11 18 40
80 18 18 78 32 67 83 68 52 2 25 11 33 5 71 19 12 94 8 72 17 19 42 92 71 2 63 97 59 64

59 29 50 34 37 97 2 28 7 2 21 85 85 97 69 79 5 25 89 42 22 50 33 70 62 72 27 65 3 85
61 23 89 11 63 27 20 29 13 11 41 79 6 5 55 2 52 56 19 56 94 23 92 13 72 58 54 30 55 31
9 46 44 77 48 55 87 36 28 42 85 58 92 4 63 65 45 73 42 96 49 19 44 86 16 11 95 48 2 46
25 62 25 89 79 86 81 74 84 52 11 61 28 98 50 59 64 59 65 47 32 25 61 50 63 16 3 78 16 52
91 1 49 19 97 37 39 35 28 80 92 4 86 83 10 75 43 75 13 68 44 83 21 33 16 88 55 33 28 26
4 94 47 25 71 49 86 36 99 69 20 85 30 53 38 80 51 43 44 31 42 57 27 65 14 71 65 65 5 93
35 36 83 7 39 97 64 88 69 56 41 91 78 97 97 99 18 95 28 66 69 53 14 79 76 0 17 48 53 16
74 87 34 65 30 37 77 42 28 54 43 92 51 70 19 23 71 78 45 49 70 19 75 18 20 70 69 19 45 38
15 73 8 45 2 43 79 39 15 36 97 54 22 59 17 32 50 70 11 59 6 31 63 90 59 50 83 55 5 74
15 72 80 64 28 30 84 74 17 80 48 2 32 79 34 99 36 65 70 41 53 51 54 7 47 75 65 21 53 43
97 43 49 46 69 19 38 42 92 33 87 39 13 12 24 7 28 75 7 20 72 40 16 95 8 15 17 82 75 53
12 29 75 26 73 13 94 65 19 16 6 72 85 3 90 87 94 2 68 75 34 6 38 67 97 71 57 68 21 32
16 15 71 97 89 48 21 89 61 27 34 25 70 13 62 73 1 94 92 12 37 9 27 95 45 22 72 93 56 51
64 53 54 26 70 12 2 56 28 51 67 28 24 77 99 55 26 60 10 52 0 73 32 11 99 19 62 4 97 12
26 22 5 88 0 50 79 28 99 20 34 37 1 92 10 14 74 67 37 83 22 26 26 7 70 40 68 70 49 8
10 15 57 14 56 87 7 4 98 85 78 36 87 45 44 38 94 16 41 93 10 78 87 29 11 21 85 76 57 2
59 29 26 24 5 32 85 15 68 51 57 8 56 21 36 34 71 86 56 0 16 51 17 86 95 25 24 9 26 23
95 32 36 62 40 98 94 56 16 45 22 2 14 8 68 16 37 26 48 54 56 16 82 32 82 62 79 24 63 49
62 10 14 33 17 97 27 31 14 37 25 62 45 17 59 82 65 85 49 0 32 57 35 51 87 99 85 71 13 86
59 6 78 87 51 45 32 25 43 54 24 3 46 61 60 5 11 13 16 18 36 0 74 10 13 30 48 91 60 90
15 18 69 32 76 31 47 63 3 34 23 32 48 52 63 50 29 24 17 71 6 25 69 29 17 26 88 11 49 18
96 7 44 77 81 64 74 38 50 46 42 13 79 68 79 57 20 46 59 77 55 10 37 41 20 51 95 16 40 90
40 65 38 18 2 67 14 24 9 30 10 16 55 45 8 0 76 64 12 78 96 20 34 72 31 24 69 91 34 90
29 97 41 91 83 33 31 41 14 21 36 54 83 51 42 15 81 3 67 94 89 85 31 55 90 82 24 58 98 35
55 56 91 1 35 26 85 72 19 2 59 51 25 76 31 93 91 6 53 85 44 39 59 17 94 32 91 55 70 46
95 29 69 20 46 3 76 76 52 66 93 99 55 94 63 90 18 45 85 99 56 94 69 66 79 37 62 51 33 88
43 17 54 83 78 88 91 42 83 18 46 58 24 30 40 17 57 10 13 71 99 72 3 12 71 14 66 16 49 60
43 66 29 24 72 64 79 64 5 95 44 5 84 99 23 43 80 72 27 76 93 93 99 3 88 55 44 98 89 38
15 53 77 60 35 42 49 3 59 48 43 71 11 61 39 53 46 32 70 97 16 50 36 99 44 69 81 79 52 5
73 97 60 77 20 27 85 71 94 90 98 43 44 17 7 86 36 96 89 41 35 18 77 17 26 33 86 45 34 71
24 94 95 98 27 24 88 8 18 32 17 77 69 45 24 16 20 51 58 12 92 63 33 45 87 87 52 4 68 2
80 60 57 99 91 57 1 34 26 33 92 72 35 76 35 53 79 87 5 2 40 99 35 38 47 74 36 92 7 78
24 13 28 5 15 29 48 1 9 99 10 15 83 59 68 61 55 63 85 84 85 57 73 64 42 56 91 88 32 88
90 86 84 48 71 4 30 62 9 69 21 56 43 55 81 87 41 66 75 68 97 97 50 10 2 25 78 53 12 54
1 55 3 16 66 74 78 92 1 54 71 9 49 93 59 39 97 72 86 88 38 61 53 54 58 26 27 12 51 15
81 27 85 95 53 20 84 60 1 36 92 31 89 81 46 43 24 40 56 53 36 81 76 33 65 16 32 44 3 65
12 78 4 48 45 36 53 10 40 69 68 44 38 96 67 56 9 92 29 15 1 94 31 64 15 73 30 82 65 76
40 35 52 23 14 41 57 27 20 59 31 66 89 55 38 22 68 15 75 70 99 8 95 81 15 14 72 70 21 87
14 10 1 85 5 82 73 19 16 40 75 99 47 12 54 48 59 56 9 51 26 58 87 49 13 23 38 72 58 10
93 99 7 5 5 87 49 35 75 81 34 74 44 26 68 69 32 35 36 22 61 69 83 86 75 55 52 56 52 36
72 77 79 26 35 92 26 26 1 10 43 9 38 47 58 96 66 95 71 66 71 12 49 81 11 30 75 27 24 34
16 68 11 54 93 10 60 80 92 97 23 83 27 75 75 4 53 24 7 47 99 25 33 96 54 15 18 17 30 52
58 39 93 89 60 24 29 28 8 48 86 5 18 80 11 32 8 11 69 88 49 82 26 33 57 14 12 5 52 19
11 6 0 74 50 84 98 66 59 94 74 49 45 68 30 73 5 24 17 58 52 27 41 54 38 48 47 82 11 1
6 61 20 46 15 66 60 95 95 58 35 59 21 10 62 13 48 85 52 78 99 61 50 39 24 15 2 63 73 89
97 59 11 14 87 19 84 66 0 27 13 79 90 9 77 31 83 80 1 85 21 7 69 55 17 86 33 17 67 5
74 96 69 49 45 96 74 57 4 48 51 47 10 3 37 64 39 85 9 17 61 94 14 11 59 2 14 88 94 9
59 41 53 38 81 52 25 75 71 77 92 9 0 80 30 3 66 83 70 21 99 85 42 77 60 75 18 86 4 27
24 39 83 70 83 25 41 57 11 69 98 81 79 70 38 14 14 53 48 59 0 58 61 57 99 50 21 71 11 14
55 47 35 54 27 29 4 38 13 69 6 42 5 61 15 76 61 98 93 22 36 22 27 89 63 14 32 79 85 56
23 18 40 51 30 99 57 91 20 33 14 98 53 6 72 90 68 94 68 42 92 81 59 38 17 84 23 50 81 74
72 73 54 51 37 5 2 16 17 63 7 40 18 70 40 25 7 30 21 16 66 15 25 96 28 7 1 82 18 70
29 97 31 51 20 93 28 33 39 49 33 92 4 61 52 19 96 8 50 29 76 56 64 49 2 34 33 68 79 97
78 88 1 57 40 6 59 43 1 24 21 36 10 56 20 71 98 91 90 13 69 19 51 52 76 36 22 59 45 93
17 18 85 31 63 12 9 39 20 28 47 24 18 17 33 73 30 21 93 43 38 48 62 19 82 65 21 30 78 33
11 92 50 5 80 36 25 69 75 36 75 95 64 43 95 29 66 94 76 32 28 41 93 68 58 34 22 82 24 45
55 19 62 11 77 93 57 52 39 81 6 71 8 16 51 50 6 7 53 8 67 2 49 66 55 77 15 56 41 9
13 55 29 76 5 29 68 90 63 36 98 53 0 2 25 86 16 76 1 85 17 38 81 0 57 7 61 28 18 61
26 79 22 97 70 62 31 65 57 78 2 60 39 35 83 74 45 23 68 11 19 96 62 46 61 69 7 63 95 20
86 12 81 48 87 67 39 34 7 71 47 11 32 5 38 28 13 19 6 70 23 10 93 70 70 26 19 26 11 46
81 4 66 57 29 93 52 25 89 46 80 36 7 17 66 61 17 80 77 52 65 92 1 84 47 38 6 11 32 61
32 80 85 76 33 32 7 17 65 87 67 53 79 86 75 99 70 33 38 88 89 76 93 78 26 8 98 25 11 68
46 37 90 96 15 84 93 56 72 46 76 35 9 6 11 80 54 32 66 33 6 97 98 80 79 40 29 18 55 60
6 2 74 91 59 39 22 21 83 37 98 28 43 9 46 56 62 16 16 63 32 86 66 1 77 39 32 14 42 9
18 65 95 52 95 33 70 65 99 31 68 67 74 36 28 10 0 52 99 27 99 16 98 29 10 43 32 12 74 58
5 39 82 65 59 93 57 48 4 39 82 4 43 23 8 66 95 2 86 40 69 80 8 85 50 7 66 12 99 47
46 57 60 26 32 81 57 38 73 92 0 39 47 82 34 72 24 37 17 7 10 66 98 81 17 40 30 79 10 47
41 75 8 15 57 49 45 33 33 34 25 97 52 52 14 51 93 62 66 92 67 10 70 75 91 71 66 23 32 12
56 37 54 14 35 62 47 47 92 38 5 64 62 65 7 78 44 49 6 30 91 98 28 57 59 9 33 25 61 50
6 86 62 18 62 70 19 51 89 22 34 14 75 48 0 76 67 26 42 61 87 99 77 43 82 54 58 10 91 56
77 10 57 91 29 73 18 32 70 59 44 35 25 77 22 41 20 79 90 17 53 20 79 76 16 41 20 67 44 16
8 12 55 65 45 29 98 35 5 75 15 84 80 10 12 39 5 35 75 99 87 83 67 8 55 55 19 28 37 27
83 65 8 78 5 53 84 11 53 86 37 63 99 52 67 29 34 13 65 57 80 34 25 66 12 57 19 16 15 65
30 20 36 94 97 74 2 82 42 62 22 55 56 43 83 7 82 38 21 9 20 69 20 56 25 20 62 44 3 26
47 35 3 98 54 38 58 56 89 35 43 14 72 20 36 49 46 20 6 41 97 36 68 71 47 8 62 10 31 98

1579 2587 3772 2888 2186 2483 3350 1984 3854 3722 2283 2277 3107 1720 3379 1616 2230 2246 1333 3689 2322 2556 1891 3292 719 3223 659 1486 1043 1189

7620 1395 9866 9760 9715 9047 5239 4853 6939 10054 5030 5360 1535 9865 3937 8982 8846 9823 7051 6450 2981 8701 8789 4834 6477 9080 8489 1726 7075 1363

14 27 15 12 15 13 22 29 24 29 11 26 21 19 21 16 27 24 28 14 26 11 10 14 21 15 25 22 12 19 27 20 10 26 23 22 16 12 11 26 15 25 20 28 17 29 29 22 15 19 25 13 29 12 29 28 29 16 26 14 25 11 12 27 22 14 23 14 26 22 21 23 23 27 15

62 106 57 125 116 93 96 28 59 120 21 110 34 51 85 32 62 71 85 113 55 39 21 80 28 95 109 42 92 92
