75
30

62 57 56 88 82 88 14 57 71 1 32 65 14 28 66 81 25 0 59 23 35 3 82 29 78 80 19 54 92 78
19 7 47 94 1 42 73 54 80 67 54 44 60 15 4 65 4 17 39 93 84 54 23 59 68 76 39 72 90 38
19 75 20 63 37 76 29 42 41 17 15 41 83 62 21 65 75 19 86 97 75 33 96 15 86 3 20 67 17 22
64 31 40 33 62 11 46 62 99 48 82 60 32 23 19 63 44 10 88 66 64 88 79 64 30 24 90 93 65 87
83 96 21 58 62 78 87 39 2 32 73 82 80 65 23 90 88 25 10 56 47 30 20 48 14 51 26 57 92 86
12 58 71 38 97 55 34 83 68 20 51 88 19 27 14 12 63 57 87 3 59 19 96 86 66 18 60 87 30 53
42 34 48 36 85 61 82 70 48 73 5 14 59 59 9 27 55 78 3 72 75 22 81 29 23 55 43 26 14 84
91 11 81 92 42 14 96 55 19 61 37 17 30 67 5 95 20 86 66 43 76 23 83 84 24 22 58 8 22 85
92 80 63 91 43 10 38 20 41 81 9 98 77 35 3 9 88 70 34 71 2 79 94 30 7 61 90 50 73 62
3 94 24 36 6 15 55 37 66 21 25 74 5 60 85 96 15 60 23 81 37 7 9 63 49 52 10 1 34 72
81 86 17 39 61 35 83 65 34 23 31 16 19 44 16 39 22 15 87 21 43 49 20 84 28 65 11 82 22 25
68 61 38 95 24 92 67 87 62 83 91 12 19 41 64 73 5 36 91 58 67 83 97 19 79 48 90 56 32 49
42 25 57 99 44 53 13 10 27 20 17 74 29 51 96 70 66 16 90 65 35 37 35 20 53 58 15 10 19 6
43 20 34 71 22 78 38 72 4 36 41 91 26 3 43 82 8 11 98 2 44 50 41 15 1 95 95 58 33 40
30 82 53 96 31 1 38 5 4 14 45 98 26 76 70 95 20 48 80 9 0 34 94 25 38 2 4 53 23 33
41 69 32 50 53 13 32 32 34 93 66 88 17 14 18 78 37 37 38 88 17 43 82 88 23 36 97 55 12 28
57 21 56 90 26 75 14 46 4 49 95 70 92 51 26 82 69 21 19 77 70 41 3 30 17 13 67 41 32 83
23 40 32 83 95 55 2 19 83 4 79 16 60 72 90 10 12 91 47 53 13 25 79 44 3 23 49 32 17 5
97 40 66 93 1 6 83 79 48 44 90 31 60 65 23 47 12 20 41 13 39 46 19 48 20 34 61 9 87 41
20 9 91 31 97 77 34 96 49 38 38 9 45 10 14 5 32 55 53 83 12 8 50 95 43 78 43 43 1 12
7 11 76 42 52 8 5 71 18 87 26 66 43 73 35 56 77 18 90 66 47 52 52 19 99 19 97 7 86 4
25 93 53 83 42 4 64 71 7 36 58 32 50 62 24 93 30 24 51 58 55 60 73 25 17 79 26 59 94 87
83 48 17 47 37 76 26 7 50 70 48 22 75 12 67 82 33 23 76 1 5 53 41 30 51 52 95 2 84 81
56 30 57 5 39 7 37 78 95 72 77 3 6 62 8 27 21 46 17 16 1 14 77 6 13 78 44 30 1 93
47 74 7 13 26 2 35 41 98 54 67 34 53 15 87 78 13 4 67 33 14 26 13 22 70 92 94 18 56 3
81 39 3 50 77 69 99 65 25 51 32 39 17 36 28 1 26 77 64 92 59 85 53 1 98 23 57 58 61 74
34 66 10 16 61 45 98 94 76 18 13 78 21 46 74 34 97 4 88 50 50 62 60 2 57 92 24 49 74 28
45 83 67 61 96 83 43 19 10 47 51 86 78 98 9 56 21 94 93 16 70 76 79 12 35 48 41 45 36 69
29 97 31 91 86 77 71 87 91 52 57 45 10 89 84 22 13 28 97 93 94 76 96 19 76 59 56 46 10 6
60 87 93 33 61 56 65 56 1 60 64 53 86 67 29 47 70 98 13 92 95 18 20 72 20 30 84 48 97 80
63 19 3 44 6 79 29 45 19 82 81 21 36 49 51 53 80 78 56 9 58 53 63 69 32 41 26 45 60 44
40 96 92 26 49 17 77 52 87 38 6 94 33 74 1 95 8 4 23 0 44 75 63 87 2 56 34 69 30 86
81 36 68 0 79 69 64 17 78 39 37 26 25 75 13 8 68 66 20 81 14 28 13 50 12 46 70 98 72 89
73 61 41 39 71 60 0 88 93 94 52 4 41 10 20 57 4 0 65 62 54 8 98 74 23 27 54 54 79 29
35 83 29 64 51 88 44 3 23 19 59 31 8 83 12 2 74 23 18 12 35 7 81 68 15 53 12 32 7 10
95 91 53 81 2 75 38 43 85 19 7 0 67 48 21 85 19 25 14 2 98 92 41 47 77 6 95 72 1 29
56 83 39 37 97 63 24 60 48 89 97 58 4 64 2 2 34 94 85 13 8 71 18 74 60 52 23 27 60 43
87 17 52 20 87 32 84 55 57 71 42 30 90 31 58 46 25 85 58 66 88 11 67 58 78 77 89 16 6 98
27 72 50 30 14 37 69 51 70 34 94 46 0 99 75 9 5 77 81 25 70 30 62 76 45 38 12 7 41 56
14 45 3 65 46 41 28 27 72 81 54 23 55 8 19 48 71 27 74 87 93 86 15 91 94 73 37 33 80 56
46 12 44 59 86 27 14 55 48 55 34 19 78 96 93 67 12 55 0 77 86 4 62 67 5 24 26 82 79 16
74 2 51 48 94 87 70 60 71 15 93 60 50 73 25 73 89 18 11 20 88 14 53 55 72 5 18 80 55 90
53 8 14 8 21 51 70 40 37 64 15 1 52 52 70 63 21 23 53 44 63 67 69 54 80 67 84 71 1 83
32 97 79 76 53 24 38 32 79 90 64 41 21 27 79 18 97 19 34 66 26 11 35 44 77 74 65 61 40 73
68 30 64 15 21 38 68 84 1 25 36 68 20 88 48 44 96 16 90 81 73 67 77 74 8 21 53 12 97 62
61 55 99 90 12 64 86 59 72 11 25 89 60 68 64 1 30 38 93 78 63 3 92 41 8 71 82 94 45 65
57 89 49 95 41 9 92 77 23 54 2 12 44 3 73 42 49 75 83 33 25 11 83 46 84 51 47 27 75 79
2 93 19 62 83 11 10 3 73 97 21 85 30 80 9 72 3 8 21 4 4 85 17 93 73 85 86 9 53 54
20 18 79 17 50 98 25 52 89 64 82 79 13 64 53 94 88 25 82 39 16 79 67 91 59 76 10 5 78 75
16 49 69 75 35 18 7 13 14 7 25 55 97 89 75 48 1 19 65 12 48 74 63 91 28 80 10 87 27 1
80 59 54 96 90 39 37 39 41 22 70 99 36 14 53 2 23 47 32 7 42 9 43 9 84 28 20 18 93 26
10 81 55 15 15 62 69 21 52 82 94 38 93 88 6 53 39 5 17 17 33 94 39 13 12 4 93 78 58 8
3 64 1 61 9 52 78 4 8 56 54 11 0 71 61 67 85 55 99 98 58 61 24 3 92 47 8 77 95 25
37 88 97 48 96 71 89 21 49 61 29 3 23 53 88 32 34 69 92 80 31 88 90 34 51 44 55 55 86 11
89 55 30 31 3 98 45 49 85 26 67 61 67 43 41 92 75 28 50 60 12 57 90 96 99 36 92 10 98 6
7 45 64 48 90 49 15 8 54 48 30 16 98 17 78 81 96 75 74 67 28 44 97 93 81 52 14 19 53 84
10 92 36 83 2 87 50 87 94 43 84 27 97 93 39 28 33 47 82 12 87 54 64 60 67 65 68 0 3 79
72 30 96 29 42 88 80 51 23 27 67 43 49 59 2 2 17 77 21 92 94 70 11 91 38 82 8 26 69 91
80 65 13 3 78 54 1 84 62 16 1 87 31 23 19 27 5 41 87 36 48 92 35 79 32 82 5 21 76 0
55 89 99 70 74 40 96 31 92 57 8 60 57 21 48 69 18 27 5 53 35 61 37 45 13 29 32 26 3 24
91 86 52 69 57 40 79 67 6 45 99 52 70 56 42 17 49 41 24 62 46 32 78 95 28 76 37 74 82 22
49 74 41 56 42 17 93 67 85 93 83 6 11 77 90 79 88 3 29 74 73 50 13 19 59 65 79 28 25 25
46 67 39 89 82 55 61 29 89 90 76 15 18 46 21 0 4 99 6 39 53 73 51 16 34 3 54 87 65 72
97 55 82 57 48 25 38 4 0 12 67 99 67 15 19 20 27 50 39 86 87 24 52 21 2 99 77 24 67 61
78 0 78 0 38 87 33 70 97 93 4 86 93 31 1 62 11 10 31 16 16 9 1 90 26 71 24 48 54 68
32 73 26 29 99 54 55 48 30 53 17 88 73 79 75 73 54 9 38 16 42 50 47 35 99 8 40 51 69 23
19 70 14 94 37 98 94 74 66 32 52 34 23 30 61 31 63 59 30 97 59 67 72 64 35 28 11 82 26 61
44 95 69 13 6 84 53 71 3 77 96 28 95 14 6 30 79 95 49 71 60 53 51 11 37 29 78 52 45 53
85 76 11 45 41 30 32 85 35 33 69 41 64 25 34 25 24 76 90 32 68 41 9 86 9 22 59 80 63 70
92 0 85 44 86 66 15 1 43 29 62 95 43 6 78 8 22 38 4 25 13 16 95 48 70 97 43 96 63 12
72 42 20 34 59 86 41 61 16 54 24 31 28 90 77 72 41 61 93 60 39 12 21 30 50 21 64 69 84 54
82 80 78 27 78 6 10 97 1 46 6 68 86 92 45 75 30 99 46 70 61 31 88 42 43 69 93 35 44 70
76 39 50 0 45 82 95 0 6 45 46 45 93 68 71 1 43 30 65 9 80 14 19 31 81 96 61 40 28 17
92 58 82 18 9 50 32 64 78 38 84 72 13 95 27 29 51 32 68 59 48 87 22 74 40 74 10 27 14 59
99 40 20 75 83 82 1 69 87 26 16 76 46 92 90 43 98 72 27 44 85 89 54 74 42 29 76 8 38 62

97 91 91 69 87 76 24 3 78 67 91 83 92 29 15 3 48 9 83 28 78 4 65 34 26 82 27 56 52 73
50 35 70 75 49 97 72 10 49 6 7 57 85 60 46 21 12 50 30 29 41 70 86 65 60 65 66 67 73 57
34 70 96 75 14 56 79 85 63 41 37 4 49 24 22 26 36 64 64 3 98 68 60 74 41 3 92 6 79 69
3 10 97 89 59 42 15 6 84 2 18 4 31 86 16 65 48 58 60 62 29 53 24 33 68 14 23 78 71 38
33 95 67 72 33 32 39 97 77 22 69 78 84 33 57 75 83 50 65 46 57 67 95 77 94 56 98 27 99 47
85 77 64 27 66 14 78 52 61 83 21 20 44 5 2 60 16 32 94 21 27 91 11 79 78 37 12 93 89 9
32 68 1 78 74 20 59 18 11 47 83 32 85 44 26 34 3 16 93 51 61 96 45 4 43 49 26 82 1 23
82 18 74 95 69 28 33 3 59 74 51 68 91 60 24 58 34 81 13 31 49 67 61 65 84 7 22 73 14 47
98 47 26 73 71 82 15 53 77 76 33 85 61 10 2 71 10 52 92 18 48 31 28 45 41 90 64 34 56 97
49 53 61 92 72 54 61 81 47 14 11 15 2 66 46 19 61 51 34 37 30 81 16 44 50 90 12 9 58 28
94 17 67 5 62 5 76 1 74 42 52 7 5 70 44 41 52 88 44 77 1 50 82 66 20 94 19 42 55 32
95 46 31 75 33 97 92 60 1 17 33 15 96 65 99 61 89 46 69 60 57 8 36 50 87 31 52 4 16 77
16 43 60 52 1 62 42 7 58 53 13 64 51 45 25 57 97 84 23 27 28 26 34 91 79 19 88 93 98 96
1 5 11 99 90 25 82 19 19 99 84 3 81 64 35 80 67 87 73 9 88 42 1 24 41 58 90 63 33 32
36 88 16 75 19 31 78 52 93 33 19 24 14 52 82 4 84 63 26 96 67 77 78 59 5 42 71 27 44 12
75 87 35 0 81 70 90 43 73 32 96 42 26 17 6 67 95 28 89 37 88 60 85 5 43 57 98 16 48 3
33 18 72 59 57 49 96 10 40 12 77 75 94 30 53 1 35 37 6 42 33 43 17 92 3 81 89 27 79 30
27 76 67 58 85 10 58 49 42 49 51 89 45 1 33 31 45 84 97 76 3 14 91 19 60 40 61 69 75 71
90 16 90 21 74 33 81 63 82 15 78 80 74 0 92 43 3 27 74 60 1 19 82 72 32 5 39 88 68 4
14 0 16 58 52 1 98 64 33 1 69 58 42 28 26 40 82 43 33 49 44 9 75 28 41 5 14 36 60 56
1 96 76 37 83 83 54 63 0 99 15 70 49 89 55 58 91 83 37 55 95 75 87 97 65 85 83 63 89 48
5 1 2 29 84 17 61 70 69 42 58 8 10 74 46 17 15 69 21 72 33 42 5 33 65 75 32 98 17 57
2 72 40 15 82 58 16 85 59 45 99 58 70 85 2 80 75 50 0 96 35 26 0 82 20 98 71 82 56 95
55 60 89 42 6 25 18 13 5 96 31 85 77 16 47 45 81 15 43 92 69 9 20 37 24 59 39 95 27 42
34 32 16 4 78 87 26 96 54 97 39 17 72 11 63 7 20 31 44 69 49 49 58 16 27 68 44 72 2 97
83 63 80 85 21 82 90 35 4 27 4 89 60 27 19 96 50 10 36 5 89 89 86 23 86 59 79 60 55 29
94 23 20 41 24 55 98 51 38 13 22 55 45 36 64 14 53 60 57 87 60 55 21 87 37 16 49 17 62 23
6 49 41 45 51 59 14 66 78 24 27 48 41 51 24 64 3 77 95 72 36 90 74 91 49 34 78 26 25 6
31 43 1 61 9 80 14 83 17 65 98 80 53 62 3 22 54 70 84 28 8 49 67 52 76 48 86 62 78 53
69 75 8 79 99 8 11 94 81 66 14 23 98 56 7 78 29 13 16 22 68 87 0 57 60 95 84 84 52 63
97 92 19 11 83 63 13 42 96 2 50 49 5 35 25 49 70 17 21 3 58 67 70 88 19 10 55 27 29 79
68 92 88 38 89 37 11 1 11 24 61 68 53 57 8 18 28 21 16 97 59 8 95 21 61 74 55 69 20 41
63 39 63 63 96 85 75 11 18 71 16 30 41 3 46 0 56 13 63 90 10 37 4 79 9 74 65 99 40 47
55 16 54 90 69 54 57 24 54 28 92 27 5 43 16 67 21 76 0 86 90 38 12 52 95 3 49 92 62 28
50 3 89 17 85 84 24 99 1 47 78 18 92 94 10 61 7 68 95 68 10 24 74 9 70 56 52 3 31 12
88 38 3 43 81 95 60 96 69 98 50 40 84 47 44 72 18 89 76 65 16 45 71 38 82 4 28 64 76 40
41 44 30 16 56 26 17 87 98 25 50 9 16 92 85 18 39 33 71 45 30 62 63 62 85 64 90 88 20 85
44 8 27 74 33 61 13 54 17 17 34 91 20 51 7 88 76 69 37 24 64 58 16 13 43 59 73 60 76 86
74 30 16 38 9 59 94 80 16 82 27 93 24 40 33 5 19 13 30 73 65 65 49 67 23 21 94 65 72 8
23 84 8 7 30 98 72 31 69 95 51 10 26 9 37 41 51 12 43 47 0 42 17 48 30 23 84 36 82 90
37 13 19 29 34 22 5 90 68 95 63 35 46 90 18 47 62 86 39 75 62 73 19 20 53 40 69 87 72 58
4 36 39 4 56 30 54 81 38 53 18 29 40 44 73 19 43 73 3 89 66 58 49 69 1 90 2 82 79 32
5 34 87 84 66 33 32 54 66 87 8 62 7 85 17 74 42 44 64 41 84 90 7 84 72 14 38 70 60 87
31 40 40 60 87 8 25 75 50 31 56 43 70 29 89 88 65 88 9 60 79 87 43 52 43 39 90 82 1 13
89 41 49 7 79 81 89 62 40 30 14 53 4 47 63 0 87 37 12 62 70 12 13 38 38 59 55 69 53 50
42 10 19 5 11 37 64 89 10 90 49 20 38 71 83 0 2 57 89 3 39 80 65 90 22 3 43 21 34 81
5 90 94 85 46 13 52 46 80 27 93 19 12 90 36 97 58 98 84 19 49 32 81 40 75 37 89 79 48 71
73 43 81 74 67 1 36 71 59 61 55 83 15 65 3 11 31 5 84 37 86 41 92 44 30 49 23 41 31 48
62 64 70 84 10 71 52 55 19 62 76 21 57 97 78 27 13 75 46 30 11 12 62 13 6 30 31 25 75 40
91 78 11 80 27 94 11 49 20 80 94 38 0 75 0 55 19 92 52 98 13 67 79 14 49 62 49 56 83 98
38 19 44 24 37 23 53 25 95 76 20 47 27 27 84 81 36 92 0 32 45 20 66 72 21 36 61 50 46 62
41 8 62 12 93 25 0 18 58 87 68 17 83 59 51 31 35 11 62 91 16 5 38 3 44 62 64 65 93 76
88 60 15 7 40 4 71 8 78 15 61 53 25 36 18 59 66 23 15 47 16 85 89 54 90 35 92 16 24 91
20 73 33 36 70 56 5 24 43 85 64 87 82 58 56 94 15 24 39 52 39 81 78 54 72 11 78 25 59 73
11 0 95 12 8 51 23 29 35 53 0 53 70 32 48 95 41 52 43 67 4 38 80 17 71 28 49 90 99 7
98 33 27 75 53 99 5 36 48 10 48 18 65 97 24 68 90 21 53 69 50 38 65 77 62 69 60 82 31 94
65 38 67 57 67 1 7 77 86 99 74 94 5 96 90 87 73 41 43 51 57 2 64 20 88 36 67 64 51 44
61 11 4 97 29 67 16 59 50 22 77 18 82 86 8 13 57 77 80 16 48 64 11 8 95 35 11 58 30 36
94 87 9 14 63 89 53 46 52 29 55 50 73 48 12 4 4 41 78 10 24 84 49 98 63 40 28 41 36 57
40 35 80 34 79 62 7 40 9 37 47 90 75 9 36 16 54 75 79 3 94 14 3 59 96 51 57 52 33 29
35 21 42 17 43 56 0 2 16 2 76 46 64 19 41 87 94 21 57 39 64 68 76 1 33 79 43 85 25 94
55 29 44 13 36 53 58 73 33 65 89 47 35 37 56 90 67 4 46 37 21 45 30 56 25 72 43 3 51 20
95 17 22 5 68 68 75 21 43 52 70 68 40 75 72 39 73 78 43 18 53 11 2 53 90 34 70 12 84 17
81 38 83 67 41 59 81 94 68 15 59 10 29 16 3 5 78 38 52 55 41 23 46 64 13 35 2 17 72 92
22 27 3 83 2 92 97 26 20 75 78 34 7 12 62 96 27 82 50 83 26 92 11 49 23 89 18 74 64 69
21 70 39 66 89 58 52 36 56 80 92 65 23 94 33 71 47 85 79 73 86 83 17 58 86 61 49 54 37 62
16 3 35 88 37 86 18 29 30 43 63 28 71 94 76 16 22 49 94 43 43 70 94 9 44 20 74 60 56 0
46 6 40 80 65 77 33 67 72 21 22 55 45 16 97 63 65 37 4 55 41 19 20 88 82 92 12 45 66 84
44 41 75 19 63 9 88 50 62 9 38 21 8 12 6 23 79 50 71 2 50 49 58 44 30 64 64 25 23 96
32 6 79 64 8 28 50 48 13 10 77 38 8 78 59 52 30 66 91 4 31 68 72 37 42 38 7 61 61 60
70 37 22 36 95 32 84 70 12 3 78 43 45 1 78 98 38 12 83 97 76 47 36 2 27 76 21 7 5 62
96 11 36 29 63 18 92 77 97 94 0 28 52 22 55 71 50 53 1 29 7 4 43 75 34 83 12 68 53 40
93 77 97 55 0 33 66 35 40 9 95 58 7 28 31 6 9 42 30 72 97 36 26 12 70 59 24 0 66 66
26 14 59 37 98 26 29 5 19 2 72 9 81 32 70 53 42 40 29 33 27 48 66 65 44 79 99 42 61 55
72 71 57 93 7 97 37 23 85 2 89 72 92 31 14 98 66 4 44 55 51 85 58 32 39 48 45 4 43 39

3008 5268 4559 2669 5526 1066 3025 671 4385 2488 5798 5285 3549 808 879 2659 5945 4566 3557 5233 1329 5250 2605 3605 2087 4451 6240 4464 3431 3066

3455 15537 9015 1899 16746 8298 5213 6813 9293 5708 4705 6636 8959 10547 1900 5309 11276 6744 7273 10767 13790 12116 10624 13881 12755 10494 16589 8417 10302 9647

16 13 17 25 29 18 19 16 22 11 16 17 25 20 27 19 15 10 19 15 11 19 24 24 19 25 11 22 23 12 18 27 28 23 25 22 26 15 20 25 12 11 29 13 13 27 18 10 22 27 16 21 24 17 13 13 13 13 22 21 24 15 18 14 23 17 22 17 14 28 10 19 12 11 25

53 33 83 112 94 185 91 100 112 95 142 191 150 214 119 200 190 62 197 37 160 142 93 149 28 33 64 118 193 88
