75
30

62 57 56 88 82 88 14 57 71 1 32 65 14 28 66 81 25 0 59 23 35 3 82 29 78 80 19 54 92 78
19 7 47 94 1 42 73 54 80 67 54 44 60 15 4 65 4 17 39 93 84 54 23 59 68 76 39 72 90 38
19 75 20 63 37 76 29 42 41 17 15 41 83 62 21 65 75 19 86 97 75 33 96 15 86 3 20 67 17 22
64 31 40 33 62 11 46 62 99 48 82 60 32 23 19 63 44 10 88 66 64 88 79 64 30 24 90 93 65 87
83 96 21 58 62 78 87 39 2 32 73 82 80 65 23 90 88 25 10 56 47 30 20 48 14 51 26 57 92 86
12 58 71 38 97 55 34 83 68 20 51 88 19 27 14 12 63 57 87 3 59 19 96 86 66 18 60 87 30 53
42 34 48 36 85 61 82 70 48 73 5 14 59 59 9 27 55 78 3 72 75 22 81 29 23 55 43 26 14 84
91 11 81 92 42 14 96 55 19 61 37 17 30 67 5 95 20 86 66 43 76 23 83 84 24 22 58 8 22 85
92 80 63 91 43 10 38 20 41 81 9 98 77 35 3 9 88 70 34 71 2 79 94 30 7 61 90 50 73 62
3 94 24 36 6 15 55 37 66 21 25 74 5 60 85 96 15 60 23 81 37 7 9 63 49 52 10 1 34 72
81 86 17 39 61 35 83 65 34 23 31 16 19 44 16 39 22 15 87 21 43 49 20 84 28 65 11 82 22 25
68 61 38 95 24 92 67 87 62 83 91 12 19 41 64 73 5 36 91 58 67 83 97 19 79 48 90 56 32 49
42 25 57 99 44 53 13 10 27 20 17 74 29 51 96 70 66 16 90 65 35 37 35 20 53 58 15 10 19 6
43 20 34 71 22 78 38 72 4 36 41 91 26 3 43 82 8 11 98 2 44 50 41 15 1 95 95 58 33 40
30 82 53 96 31 1 38 5 4 14 45 98 26 76 70 95 20 48 80 9 0 34 94 25 38 2 4 53 23 33
41 69 32 50 53 13 32 32 34 93 66 88 17 14 18 78 37 37 38 88 17 43 82 88 23 36 97 55 12 28
57 21 56 90 26 75 14 46 4 49 95 70 92 51 26 82 69 21 19 77 70 41 3 30 17 13 67 41 32 83
23 40 32 83 95 55 2 19 83 4 79 16 60 72 90 10 12 91 47 53 13 25 79 44 3 23 49 32 17 5
97 40 66 93 1 6 83 79 48 44 90 31 60 65 23 47 12 20 41 13 39 46 19 48 20 34 61 9 87 41
20 9 91 31 97 77 34 96 49 38 38 9 45 10 14 5 32 55 53 83 12 8 50 95 43 78 43 43 1 12
7 11 76 42 52 8 5 71 18 87 26 66 43 73 35 56 77 18 90 66 47 52 52 19 99 19 97 7 86 4
25 93 53 83 42 4 64 71 7 36 58 32 50 62 24 93 30 24 51 58 55 60 73 25 17 79 26 59 94 87
83 48 17 47 37 76 26 7 50 70 48 22 75 12 67 82 33 23 76 1 5 53 41 30 51 52 95 2 84 81
56 30 57 5 39 7 37 78 95 72 77 3 6 62 8 27 21 46 17 16 1 14 77 6 13 78 44 30 1 93
47 74 7 13 26 2 35 41 98 54 67 34 53 15 87 78 13 4 67 33 14 26 13 22 70 92 94 18 56 3
81 39 3 50 77 69 99 65 25 51 32 39 17 36 28 1 26 77 64 92 59 85 53 1 98 23 57 58 61 74
34 66 10 16 61 45 98 94 76 18 13 78 21 46 74 34 97 4 88 50 50 62 60 2 57 92 24 49 74 28
45 83 67 61 96 83 43 19 10 47 51 86 78 98 9 56 21 94 93 16 70 76 79 12 35 48 41 45 36 69
29 97 31 91 86 77 71 87 91 52 57 45 10 89 84 22 13 28 97 93 94 76 96 19 76 59 56 46 10 6
60 87 93 33 61 56 65 56 1 60 64 53 86 67 29 47 70 98 13 92 95 18 20 72 20 30 84 48 97 80
63 19 3 44 6 79 29 45 19 82 81 21 36 49 51 53 80 78 56 9 58 53 63 69 32 41 26 45 60 44
40 96 92 26 49 17 77 52 87 38 6 94 33 74 1 95 8 4 23 0 44 75 63 87 2 56 34 69 30 86
81 36 68 0 79 69 64 17 78 39 37 26 25 75 13 8 68 66 20 81 14 28 13 50 12 46 70 98 72 89
73 61 41 39 71 60 0 88 93 94 52 4 41 10 20 57 4 0 65 62 54 8 98 74 23 27 54 54 79 29
35 83 29 64 51 88 44 3 23 19 59 31 8 83 12 2 74 23 18 12 35 7 81 68 15 53 12 32 7 10
95 91 53 81 2 75 38 43 85 19 7 0 67 48 21 85 19 25 14 2 98 92 41 47 77 6 95 72 1 29
56 83 39 37 97 63 24 60 48 89 97 58 4 64 2 2 34 94 85 13 8 71 18 74 60 52 23 27 60 43
87 17 52 20 87 32 84 55 57 71 42 30 90 31 58 46 25 85 58 66 88 11 67 58 78 77 89 16 6 98
27 72 50 30 14 37 69 51 70 34 94 46 0 99 75 9 5 77 81 25 70 30 62 76 45 38 12 7 41 56
14 45 3 65 46 41 28 27 72 81 54 23 55 8 19 48 71 27 74 87 93 86 15 91 94 73 37 33 80 56
46 12 44 59 86 27 14 55 48 55 34 19 78 96 93 67 12 55 0 77 86 4 62 67 5 24 26 82 79 16
74 2 51 48 94 87 70 60 71 15 93 60 50 73 25 73 89 18 11 20 88 14 53 55 72 5 18 80 55 90
53 8 14 8 21 51 70 40 37 64 15 1 52 52 70 63 21 23 53 44 63 67 69 54 80 67 84 71 1 83
32 97 79 76 53 24 38 32 79 90 64 41 21 27 79 18 97 19 34 66 26 11 35 44 77 74 65 61 40 73
68 30 64 15 21 38 68 84 1 25 36 68 20 88 48 44 96 16 90 81 73 67 77 74 8 21 53 12 97 62
61 55 99 90 12 64 86 59 72 11 25 89 60 68 64 1 30 38 93 78 63 3 92 41 8 71 82 94 45 65
57 89 49 95 41 9 92 77 23 54 2 12 44 3 73 42 49 75 83 33 25 11 83 46 84 51 47 27 75 79
2 93 19 62 83 11 10 3 73 97 21 85 30 80 9 72 3 8 21 4 4 85 17 93 73 85 86 9 53 54
20 18 79 17 50 98 25 52 89 64 82 79 13 64 53 94 88 25 82 39 16 79 67 91 59 76 10 5 78 75
16 49 69 75 35 18 7 13 14 7 25 55 97 89 75 48 1 19 65 12 48 74 63 91 28 80 10 87 27 1
80 59 54 96 90 39 37 39 41 22 70 99 36 14 53 2 23 47 32 7 42 9 43 9 84 28 20 18 93 26
10 81 55 15 15 62 69 21 52 82 94 38 93 88 6 53 39 5 17 17 33 94 39 13 12 4 93 78 58 8
3 64 1 61 9 52 78 4 8 56 54 11 0 71 61 67 85 55 99 98 58 61 24 3 92 47 8 77 95 25
37 88 97 48 96 71 89 21 49 61 29 3 23 53 88 32 34 69 92 80 31 88 90 34 51 44 55 55 86 11
89 55 30 31 3 98 45 49 85 26 67 61 67 43 41 92 75 28 50 60 12 57 90 96 99 36 92 10 98 6
7 45 64 48 90 49 15 8 54 48 30 16 98 17 78 81 96 75 74 67 28 44 97 93 81 52 14 19 53 84
10 92 36 83 2 87 50 87 94 43 84 27 97 93 39 28 33 47 82 12 87 54 64 60 67 65 68 0 3 79
72 30 96 29 42 88 80 51 23 27 67 43 49 59 2 2 17 77 21 92 94 70 11 91 38 82 8 26 69 91
80 65 13 3 78 54 1 84 62 16 1 87 31 23 19 27 5 41 87 36 48 92 35 79 32 82 5 21 76 0
55 89 99 70 74 40 96 31 92 57 8 60 57 21 48 69 18 27 5 53 35 61 37 45 13 29 32 26 3 24
91 86 52 69 57 40 79 67 6 45 99 52 70 56 42 17 49 41 24 62 46 32 78 95 28 76 37 74 82 22
49 74 41 56 42 17 93 67 85 93 83 6 11 77 90 79 88 3 29 74 73 50 13 19 59 65 79 28 25 25
46 67 39 89 82 55 61 29 89 90 76 15 18 46 21 0 4 99 6 39 53 73 51 16 34 3 54 87 65 72
97 55 82 57 48 25 38 4 0 12 67 99 67 15 19 20 27 50 39 86 87 24 52 21 2 99 77 24 67 61
78 0 78 0 38 87 33 70 97 93 4 86 93 31 1 62 11 10 31 16 16 9 1 90 26 71 24 48 54 68
32 73 26 29 99 54 55 48 30 53 17 88 73 79 75 73 54 9 38 16 42 50 47 35 99 8 40 51 69 23
19 70 14 94 37 98 94 74 66 32 52 34 23 30 61 31 63 59 30 97 59 67 72 64 35 28 11 82 26 61
44 95 69 13 6 84 53 71 3 77 96 28 95 14 6 30 79 95 49 71 60 53 51 11 37 29 78 52 45 53
85 76 11 45 41 30 32 85 35 33 69 41 64 25 34 25 24 76 90 32 68 41 9 86 9 22 59 80 63 70
92 0 85 44 86 66 15 1 43 29 62 95 43 6 78 8 22 38 4 25 13 16 95 48 70 97 43 96 63 12
72 42 20 34 59 86 41 61 16 54 24 31 28 90 77 72 41 61 93 60 39 12 21 30 50 21 64 69 84 54
82 80 78 27 78 6 10 97 1 46 6 68 86 92 45 75 30 99 46 70 61 31 88 42 43 69 93 35 44 70
76 39 50 0 45 82 95 0 6 45 46 45 93 68 71 1 43 30 65 9 80 14 19 31 81 96 61 40 28 17
92 58 82 18 9 50 32 64 78 38 84 72 13 95 27 29 51 32 68 59 48 87 22 74 40 74 10 27 14 59
99 40 20 75 83 82 1 69 87 26 16 76 46 92 90 43 98 72 27 44 85 89 54 74 42 29 76 8 38 62

59 29 50 34 37 97 2 28 7 2 21 85 85 97 69 79 5 25 89 42 22 50 33 70 62 72 27 65 3 85
61 23 89 11 63 27 20 29 13 11 41 79 6 5 55 2 52 56 19 56 94 23 92 13 72 58 54 30 55 31
9 46 44 77 48 55 87 36 28 42 85 58 92 4 63 65 45 73 42 96 49 19 44 86 16 11 95 48 2 46
25 62 25 89 79 86 81 74 84 52 11 61 28 98 50 59 64 59 65 47 32 25 61 50 63 16 3 78 16 52
91 1 49 19 97 37 39 35 28 80 92 4 86 83 10 75 43 75 13 68 44 83 21 33 16 88 55 33 28 26
4 94 47 25 71 49 86 36 99 69 20 85 30 53 38 80 51 43 44 31 42 57 27 65 14 71 65 65 5 93
35 36 83 7 39 97 64 88 69 56 41 91 78 97 97 99 18 95 28 66 69 53 14 79 76 0 17 48 53 16
74 87 34 65 30 37 77 42 28 54 43 92 51 70 19 23 71 78 45 49 70 19 75 18 20 70 69 19 45 38
15 73 8 45 2 43 79 39 15 36 97 54 22 59 17 32 50 70 11 59 6 31 63 90 59 50 83 55 5 74
15 72 80 64 28 30 84 74 17 80 48 2 32 79 34 99 36 65 70 41 53 51 54 7 47 75 65 21 53 43
97 43 49 46 69 19 38 42 92 33 87 39 13 12 24 7 28 75 7 20 72 40 16 95 8 15 17 82 75 53
12 29 75 26 73 13 94 65 19 16 6 72 85 3 90 87 94 2 68 75 34 6 38 67 97 71 57 68 21 32
16 15 71 97 89 48 21 89 61 27 34 25 70 13 62 73 1 94 92 12 37 9 27 95 45 22 72 93 56 51
64 53 54 26 70 12 2 56 28 51 67 28 24 77 99 55 26 60 10 52 0 73 32 11 99 19 62 4 97 12
26 22 5 88 0 50 79 28 99 20 34 37 1 92 10 14 74 67 37 83 22 26 26 7 70 40 68 70 49 8
10 15 57 14 56 87 7 4 98 85 78 36 87 45 44 38 94 16 41 93 10 78 87 29 11 21 85 76 57 2
59 29 26 24 5 32 85 15 68 51 57 8 56 21 36 34 71 86 56 0 16 51 17 86 95 25 24 9 26 23
95 32 36 62 40 98 94 56 16 45 22 2 14 8 68 16 37 26 48 54 56 16 82 32 82 62 79 24 63 49
62 10 14 33 17 97 27 31 14 37 25 62 45 17 59 82 65 85 49 0 32 57 35 51 87 99 85 71 13 86
59 6 78 87 51 45 32 25 43 54 24 3 46 61 60 5 11 13 16 18 36 0 74 10 13 30 48 91 60 90
15 18 69 32 76 31 47 63 3 34 23 32 48 52 63 50 29 24 17 71 6 25 69 29 17 26 88 11 49 18
96 7 44 77 81 64 74 38 50 46 42 13 79 68 79 57 20 46 59 77 55 10 37 41 20 51 95 16 40 90
40 65 38 18 2 67 14 24 9 30 10 16 55 45 8 0 76 64 12 78 96 20 34 72 31 24 69 91 34 90
29 97 41 91 83 33 31 41 14 21 36 54 83 51 42 15 81 3 67 94 89 85 31 55 90 82 24 58 98 35
55 56 91 1 35 26 85 72 19 2 59 51 25 76 31 93 91 6 53 85 44 39 59 17 94 32 91 55 70 46
95 29 69 20 46 3 76 76 52 66 93 99 55 94 63 90 18 45 85 99 56 94 69 66 79 37 62 51 33 88
43 17 54 83 78 88 91 42 83 18 46 58 24 30 40 17 57 10 13 71 99 72 3 12 71 14 66 16 49 60
43 66 29 24 72 64 79 64 5 95 44 5 84 99 23 43 80 72 27 76 93 93 99 3 88 55 44 98 89 38
15 53 77 60 35 42 49 3 59 48 43 71 11 61 39 53 46 32 70 97 16 50 36 99 44 69 81 79 52 5
73 97 60 77 20 27 85 71 94 90 98 43 44 17 7 86 36 96 89 41 35 18 77 17 26 33 86 45 34 71
24 94 95 98 27 24 88 8 18 32 17 77 69 45 24 16 20 51 58 12 92 63 33 45 87 87 52 4 68 2
80 60 57 99 91 57 1 34 26 33 92 72 35 76 35 53 79 87 5 2 40 99 35 38 47 74 36 92 7 78
24 13 28 5 15 29 48 1 9 99 10 15 83 59 68 61 55 63 85 84 85 57 73 64 42 56 91 88 32 88
90 86 84 48 71 4 30 62 9 69 21 56 43 55 81 87 41 66 75 68 97 97 50 10 2 25 78 53 12 54
1 55 3 16 66 74 78 92 1 54 71 9 49 93 59 39 97 72 86 88 38 61 53 54 58 26 27 12 51 15
81 27 85 95 53 20 84 60 1 36 92 31 89 81 46 43 24 40 56 53 36 81 76 33 65 16 32 44 3 65
12 78 4 48 45 36 53 10 40 69 68 44 38 96 67 56 9 92 29 15 1 94 31 64 15 73 30 82 65 76
40 35 52 23 14 41 57 27 20 59 31 66 89 55 38 22 68 15 75 70 99 8 95 81 15 14 72 70 21 87
14 10 1 85 5 82 73 19 16 40 75 99 47 12 54 48 59 56 9 51 26 58 87 49 13 23 38 72 58 10
93 99 7 5 5 87 49 35 75 81 34 74 44 26 68 69 32 35 36 22 61 69 83 86 75 55 52 56 52 36
72 77 79 26 35 92 26 26 1 10 43 9 38 47 58 96 66 95 71 66 71 12 49 81 11 30 75 27 24 34
16 68 11 54 93 10 60 80 92 97 23 83 27 75 75 4 53 24 7 47 99 25 33 96 54 15 18 17 30 52
58 39 93 89 60 24 29 28 8 48 86 5 18 80 11 32 8 11 69 88 49 82 26 33 57 14 12 5 52 19
11 6 0 74 50 84 98 66 59 94 74 49 45 68 30 73 5 24 17 58 52 27 41 54 38 48 47 82 11 1
6 61 20 46 15 66 60 95 95 58 35 59 21 10 62 13 48 85 52 78 99 61 50 39 24 15 2 63 73 89
97 59 11 14 87 19 84 66 0 27 13 79 90 9 77 31 83 80 1 85 21 7 69 55 17 86 33 17 67 5
74 96 69 49 45 96 74 57 4 48 51 47 10 3 37 64 39 85 9 17 61 94 14 11 59 2 14 88 94 9
59 41 53 38 81 52 25 75 71 77 92 9 0 80 30 3 66 83 70 21 99 85 42 77 60 75 18 86 4 27
24 39 83 70 83 25 41 57 11 69 98 81 79 70 38 14 14 53 48 59 0 58 61 57 99 50 21 71 11 14
55 47 35 54 27 29 4 38 13 69 6 42 5 61 15 76 61 98 93 22 36 22 27 89 63 14 32 79 85 56
23 18 40 51 30 99 57 91 20 33 14 98 53 6 72 90 68 94 68 42 92 81 59 38 17 84 23 50 81 74
72 73 54 51 37 5 2 16 17 63 7 40 18 70 40 25 7 30 21 16 66 15 25 96 28 7 1 82 18 70
29 97 31 51 20 93 28 33 39 49 33 92 4 61 52 19 96 8 50 29 76 56 64 49 2 34 33 68 79 97
78 88 1 57 40 6 59 43 1 24 21 36 10 56 20 71 98 91 90 13 69 19 51 52 76 36 22 59 45 93
17 18 85 31 63 12 9 39 20 28 47 24 18 17 33 73 30 21 93 43 38 48 62 19 82 65 21 30 78 33
11 92 50 5 80 36 25 69 75 36 75 95 64 43 95 29 66 94 76 32 28 41 93 68 58 34 22 82 24 45
55 19 62 11 77 93 57 52 39 81 6 71 8 16 51 50 6 7 53 8 67 2 49 66 55 77 15 56 41 9
13 55 29 76 5 29 68 90 63 36 98 53 0 2 25 86 16 76 1 85 17 38 81 0 57 7 61 28 18 61
26 79 22 97 70 62 31 65 57 78 2 60 39 35 83 74 45 23 68 11 19 96 62 46 61 69 7 63 95 20
86 12 81 48 87 67 39 34 7 71 47 11 32 5 38 28 13 19 6 70 23 10 93 70 70 26 19 26 11 46
81 4 66 57 29 93 52 25 89 46 80 36 7 17 66 61 17 80 77 52 65 92 1 84 47 38 6 11 32 61
32 80 85 76 33 32 7 17 65 87 67 53 79 86 75 99 70 33 38 88 89 76 93 78 26 8 98 25 11 68
46 37 90 96 15 84 93 56 72 46 76 35 9 6 11 80 54 32 66 33 6 97 98 80 79 40 29 18 55 60
6 2 74 91 59 39 22 21 83 37 98 28 43 9 46 56 62 16 16 63 32 86 66 1 77 39 32 14 42 9
18 65 95 52 95 33 70 65 99 31 68 67 74 36 28 10 0 52 99 27 99 16 98 29 10 43 32 12 74 58
5 39 82 65 59 93 57 48 4 39 82 4 43 23 8 66 95 2 86 40 69 80 8 85 50 7 66 12 99 47
46 57 60 26 32 81 57 38 73 92 0 39 47 82 34 72 24 37 17 7 10 66 98 81 17 40 30 79 10 47
41 75 8 15 57 49 45 33 33 34 25 97 52 52 14 51 93 62 66 92 67 10 70 75 91 71 66 23 32 12
56 37 54 14 35 62 47 47 92 38 5 64 62 65 7 78 44 49 6 30 91 98 28 57 59 9 33 25 61 50
6 86 62 18 62 70 19 51 89 22 34 14 75 48 0 76 67 26 42 61 87 99 77 43 82 54 58 10 91 56
77 10 57 91 29 73 18 32 70 59 44 35 25 77 22 41 20 79 90 17 53 20 79 76 16 41 20 67 44 16
8 12 55 65 45 29 98 35 5 75 15 84 80 10 12 39 5 35 75 99 87 83 67 8 55 55 19 28 37 27
83 65 8 78 5 53 84 11 53 86 37 63 99 52 67 29 34 13 65 57 80 34 25 66 12 57 19 16 15 65
30 20 36 94 97 74 2 82 42 62 22 55 56 43 83 7 82 38 21 9 20 69 20 56 25 20 62 44 3 26
47 35 3 98 54 38 58 56 89 35 43 14 72 20 36 49 46 20 6 41 97 36 68 71 47 8 62 10 31 98

3008 5268 4559 2669 5526 1066 3025 671 4385 2488 5798 5285 3549 808 879 2659 5945 4566 3557 5233 1329 5250 2605 3605 2087 4451 6240 4464 3431 3066

7620 1395 9866 9760 9715 9047 5239 4853 6939 10054 5030 5360 1535 9865 3937 8982 8846 9823 7051 6450 2981 8701 8789 4834 6477 9080 8489 1726 7075 1363

16 13 17 25 29 18 19 16 22 11 16 17 25 20 27 19 15 10 19 15 11 19 24 24 19 25 11 22 23 12 18 27 28 23 25 22 26 15 20 25 12 11 29 13 13 27 18 10 22 27 16 21 24 17 13 13 13 13 22 21 24 15 18 14 23 17 22 17 14 28 10 19 12 11 25

53 33 83 112 94 185 91 100 112 95 142 191 150 214 119 200 190 62 197 37 160 142 93 149 28 33 64 118 193 88
