75
30

62 57 56 88 82 88 14 57 71 1 32 65 14 28 66 81 25 0 59 23 35 3 82 29 78 80 19 54 92 78
19 7 47 94 1 42 73 54 80 67 54 44 60 15 4 65 4 17 39 93 84 54 23 59 68 76 39 72 90 38
19 75 20 63 37 76 29 42 41 17 15 41 83 62 21 65 75 19 86 97 75 33 96 15 86 3 20 67 17 22
64 31 40 33 62 11 46 62 99 48 82 60 32 23 19 63 44 10 88 66 64 88 79 64 30 24 90 93 65 87
83 96 21 58 62 78 87 39 2 32 73 82 80 65 23 90 88 25 10 56 47 30 20 48 14 51 26 57 92 86
12 58 71 38 97 55 34 83 68 20 51 88 19 27 14 12 63 57 87 3 59 19 96 86 66 18 60 87 30 53
42 34 48 36 85 61 82 70 48 73 5 14 59 59 9 27 55 78 3 72 75 22 81 29 23 55 43 26 14 84
91 11 81 92 42 14 96 55 19 61 37 17 30 67 5 95 20 86 66 43 76 23 83 84 24 22 58 8 22 85
92 80 63 91 43 10 38 20 41 81 9 98 77 35 3 9 88 70 34 71 2 79 94 30 7 61 90 50 73 62
3 94 24 36 6 15 55 37 66 21 25 74 5 60 85 96 15 60 23 81 37 7 9 63 49 52 10 1 34 72
81 86 17 39 61 35 83 65 34 23 31 16 19 44 16 39 22 15 87 21 43 49 20 84 28 65 11 82 22 25
68 61 38 95 24 92 67 87 62 83 91 12 19 41 64 73 5 36 91 58 67 83 97 19 79 48 90 56 32 49
42 25 57 99 44 53 13 10 27 20 17 74 29 51 96 70 66 16 90 65 35 37 35 20 53 58 15 10 19 6
43 20 34 71 22 78 38 72 4 36 41 91 26 3 43 82 8 11 98 2 44 50 41 15 1 95 95 58 33 40
30 82 53 96 31 1 38 5 4 14 45 98 26 76 70 95 20 48 80 9 0 34 94 25 38 2 4 53 23 33
41 69 32 50 53 13 32 32 34 93 66 88 17 14 18 78 37 37 38 88 17 43 82 88 23 36 97 55 12 28
57 21 56 90 26 75 14 46 4 49 95 70 92 51 26 82 69 21 19 77 70 41 3 30 17 13 67 41 32 83
23 40 32 83 95 55 2 19 83 4 79 16 60 72 90 10 12 91 47 53 13 25 79 44 3 23 49 32 17 5
97 40 66 93 1 6 83 79 48 44 90 31 60 65 23 47 12 20 41 13 39 46 19 48 20 34 61 9 87 41
20 9 91 31 97 77 34 96 49 38 38 9 45 10 14 5 32 55 53 83 12 8 50 95 43 78 43 43 1 12
7 11 76 42 52 8 5 71 18 87 26 66 43 73 35 56 77 18 90 66 47 52 52 19 99 19 97 7 86 4
25 93 53 83 42 4 64 71 7 36 58 32 50 62 24 93 30 24 51 58 55 60 73 25 17 79 26 59 94 87
83 48 17 47 37 76 26 7 50 70 48 22 75 12 67 82 33 23 76 1 5 53 41 30 51 52 95 2 84 81
56 30 57 5 39 7 37 78 95 72 77 3 6 62 8 27 21 46 17 16 1 14 77 6 13 78 44 30 1 93
47 74 7 13 26 2 35 41 98 54 67 34 53 15 87 78 13 4 67 33 14 26 13 22 70 92 94 18 56 3
81 39 3 50 77 69 99 65 25 51 32 39 17 36 28 1 26 77 64 92 59 85 53 1 98 23 57 58 61 74
34 66 10 16 61 45 98 94 76 18 13 78 21 46 74 34 97 4 88 50 50 62 60 2 57 92 24 49 74 28
45 83 67 61 96 83 43 19 10 47 51 86 78 98 9 56 21 94 93 16 70 76 79 12 35 48 41 45 36 69
29 97 31 91 86 77 71 87 91 52 57 45 10 89 84 22 13 28 97 93 94 76 96 19 76 59 56 46 10 6
60 87 93 33 61 56 65 56 1 60 64 53 86 67 29 47 70 98 13 92 95 18 20 72 20 30 84 48 97 80
63 19 3 44 6 79 29 45 19 82 81 21 36 49 51 53 80 78 56 9 58 53 63 69 32 41 26 45 60 44
40 96 92 26 49 17 77 52 87 38 6 94 33 74 1 95 8 4 23 0 44 75 63 87 2 56 34 69 30 86
81 36 68 0 79 69 64 17 78 39 37 26 25 75 13 8 68 66 20 81 14 28 13 50 12 46 70 98 72 89
73 61 41 39 71 60 0 88 93 94 52 4 41 10 20 57 4 0 65 62 54 8 98 74 23 27 54 54 79 29
35 83 29 64 51 88 44 3 23 19 59 31 8 83 12 2 74 23 18 12 35 7 81 68 15 53 12 32 7 10
95 91 53 81 2 75 38 43 85 19 7 0 67 48 21 85 19 25 14 2 98 92 41 47 77 6 95 72 1 29
56 83 39 37 97 63 24 60 48 89 97 58 4 64 2 2 34 94 85 13 8 71 18 74 60 52 23 27 60 43
87 17 52 20 87 32 84 55 57 71 42 30 90 31 58 46 25 85 58 66 88 11 67 58 78 77 89 16 6 98
27 72 50 30 14 37 69 51 70 34 94 46 0 99 75 9 5 77 81 25 70 30 62 76 45 38 12 7 41 56
14 45 3 65 46 41 28 27 72 81 54 23 55 8 19 48 71 27 74 87 93 86 15 91 94 73 37 33 80 56
46 12 44 59 86 27 14 55 48 55 34 19 78 96 93 67 12 55 0 77 86 4 62 67 5 24 26 82 79 16
74 2 51 48 94 87 70 60 71 15 93 60 50 73 25 73 89 18 11 20 88 14 53 55 72 5 18 80 55 90
53 8 14 8 21 51 70 40 37 64 15 1 52 52 70 63 21 23 53 44 63 67 69 54 80 67 84 71 1 83
32 97 79 76 53 24 38 32 79 90 64 41 21 27 79 18 97 19 34 66 26 11 35 44 77 74 65 61 40 73
68 30 64 15 21 38 68 84 1 25 36 68 20 88 48 44 96 16 90 81 73 67 77 74 8 21 53 12 97 62
61 55 99 90 12 64 86 59 72 11 25 89 60 68 64 1 30 38 93 78 63 3 92 41 8 71 82 94 45 65
57 89 49 95 41 9 92 77 23 54 2 12 44 3 73 42 49 75 83 33 25 11 83 46 84 51 47 27 75 79
2 93 19 62 83 11 10 3 73 97 21 85 30 80 9 72 3 8 21 4 4 85 17 93 73 85 86 9 53 54
20 18 79 17 50 98 25 52 89 64 82 79 13 64 53 94 88 25 82 39 16 79 67 91 59 76 10 5 78 75
16 49 69 75 35 18 7 13 14 7 25 55 97 89 75 48 1 19 65 12 48 74 63 91 28 80 10 87 27 1
80 59 54 96 90 39 37 39 41 22 70 99 36 14 53 2 23 47 32 7 42 9 43 9 84 28 20 18 93 26
10 81 55 15 15 62 69 21 52 82 94 38 93 88 6 53 39 5 17 17 33 94 39 13 12 4 93 78 58 8
3 64 1 61 9 52 78 4 8 56 54 11 0 71 61 67 85 55 99 98 58 61 24 3 92 47 8 77 95 25
37 88 97 48 96 71 89 21 49 61 29 3 23 53 88 32 34 69 92 80 31 88 90 34 51 44 55 55 86 11
89 55 30 31 3 98 45 49 85 26 67 61 67 43 41 92 75 28 50 60 12 57 90 96 99 36 92 10 98 6
7 45 64 48 90 49 15 8 54 48 30 16 98 17 78 81 96 75 74 67 28 44 97 93 81 52 14 19 53 84
10 92 36 83 2 87 50 87 94 43 84 27 97 93 39 28 33 47 82 12 87 54 64 60 67 65 68 0 3 79
72 30 96 29 42 88 80 51 23 27 67 43 49 59 2 2 17 77 21 92 94 70 11 91 38 82 8 26 69 91
80 65 13 3 78 54 1 84 62 16 1 87 31 23 19 27 5 41 87 36 48 92 35 79 32 82 5 21 76 0
55 89 99 70 74 40 96 31 92 57 8 60 57 21 48 69 18 27 5 53 35 61 37 45 13 29 32 26 3 24
91 86 52 69 57 40 79 67 6 45 99 52 70 56 42 17 49 41 24 62 46 32 78 95 28 76 37 74 82 22
49 74 41 56 42 17 93 67 85 93 83 6 11 77 90 79 88 3 29 74 73 50 13 19 59 65 79 28 25 25
46 67 39 89 82 55 61 29 89 90 76 15 18 46 21 0 4 99 6 39 53 73 51 16 34 3 54 87 65 72
97 55 82 57 48 25 38 4 0 12 67 99 67 15 19 20 27 50 39 86 87 24 52 21 2 99 77 24 67 61
78 0 78 0 38 87 33 70 97 93 4 86 93 31 1 62 11 10 31 16 16 9 1 90 26 71 24 48 54 68
32 73 26 29 99 54 55 48 30 53 17 88 73 79 75 73 54 9 38 16 42 50 47 35 99 8 40 51 69 23
19 70 14 94 37 98 94 74 66 32 52 34 23 30 61 31 63 59 30 97 59 67 72 64 35 28 11 82 26 61
44 95 69 13 6 84 53 71 3 77 96 28 95 14 6 30 79 95 49 71 60 53 51 11 37 29 78 52 45 53
85 76 11 45 41 30 32 85 35 33 69 41 64 25 34 25 24 76 90 32 68 41 9 86 9 22 59 80 63 70
92 0 85 44 86 66 15 1 43 29 62 95 43 6 78 8 22 38 4 25 13 16 95 48 70 97 43 96 63 12
72 42 20 34 59 86 41 61 16 54 24 31 28 90 77 72 41 61 93 60 39 12 21 30 50 21 64 69 84 54
82 80 78 27 78 6 10 97 1 46 6 68 86 92 45 75 30 99 46 70 61 31 88 42 43 69 93 35 44 70
76 39 50 0 45 82 95 0 6 45 46 45 93 68 71 1 43 30 65 9 80 14 19 31 81 96 61 40 28 17
92 58 82 18 9 50 32 64 78 38 84 72 13 95 27 29 51 32 68 59 48 87 22 74 40 74 10 27 14 59
99 40 20 75 83 82 1 69 87 26 16 76 46 92 90 43 98 72 27 44 85 89 54 74 42 29 76 8 38 62

28 53 69 97 31 68 89 81 96 21 30 90 85 38 77 51 54 53 73 3 11 36 93 92 25 5 80 75 8 5
35 50 83 22 77 17 7 64 34 36 13 16 94 37 93 65 57 0 35 45 55 6 83 41 26 39 91 76 79 68
78 42 56 60 13 55 4 96 89 71 8 80 52 56 28 89 19 16 70 71 73 34 67 15 31 64 48 46 28 69
36 98 64 23 83 97 89 1 47 42 39 28 75 66 54 64 22 12 18 44 43 69 23 7 32 45 39 66 88 59
38 19 46 12 16 3 83 32 96 32 7 26 15 68 80 80 30 35 25 85 88 55 36 85 54 72 79 69 84 6
55 60 88 32 56 70 28 85 55 26 39 41 91 77 63 27 46 48 54 40 35 98 67 99 34 96 54 60 42 24
36 44 37 64 15 92 71 41 36 20 25 23 37 49 8 88 25 36 77 30 73 21 9 51 39 79 56 65 26 26
58 7 56 36 2 25 19 53 47 7 19 9 50 54 29 97 74 11 32 27 55 21 96 96 57 56 27 43 47 40
93 50 70 75 97 36 99 32 71 42 98 59 95 1 17 35 71 50 9 59 9 28 43 54 2 54 43 34 99 89
84 56 93 33 25 49 5 99 55 10 8 62 91 0 29 91 42 69 34 98 38 6 73 68 84 96 36 59 88 20
61 62 74 33 82 1 75 6 18 76 77 20 34 89 47 45 23 25 71 45 8 52 90 88 33 73 0 50 12 47
66 57 65 59 52 79 34 3 78 89 65 17 53 58 19 70 44 17 26 97 80 36 1 48 98 0 89 67 92 58
8 29 5 1 5 20 83 85 39 12 93 99 70 73 48 57 3 27 12 52 27 49 73 4 35 46 3 1 36 73
43 94 72 89 89 18 14 39 63 30 4 23 88 98 45 88 10 86 91 57 37 97 55 72 87 95 53 28 46 7
58 13 12 71 18 84 56 84 71 54 17 78 54 56 32 10 99 11 63 50 56 28 61 10 85 5 85 42 12 0
76 99 33 7 42 35 27 45 0 88 94 55 99 80 31 53 2 20 29 83 15 88 38 82 78 58 33 35 62 61
88 92 47 15 32 72 53 70 49 75 68 28 46 77 93 72 95 80 78 72 27 49 50 78 44 36 38 21 56 98
42 59 73 56 14 58 15 27 44 95 98 52 63 15 30 5 13 75 20 28 44 73 76 49 33 31 48 78 47 90
53 79 79 24 78 69 42 88 38 85 96 67 58 28 41 70 93 74 3 99 2 10 90 90 51 22 9 97 92 71
63 66 68 10 56 32 30 31 95 28 47 61 68 75 78 26 15 23 22 66 36 37 51 61 10 52 19 7 3 59
84 52 2 60 85 73 86 47 73 65 47 62 81 67 0 48 77 45 50 18 48 10 15 68 94 42 2 48 41 40
19 37 1 29 30 97 29 97 12 16 68 17 72 35 69 13 11 49 39 55 69 8 43 86 72 60 76 36 72 28
67 55 40 88 85 87 73 10 70 60 7 72 94 58 53 52 36 8 99 77 14 2 46 58 23 22 71 64 61 50
25 2 44 85 30 4 48 81 8 44 18 89 73 35 48 81 74 80 96 60 43 66 23 3 12 43 44 92 3 17
27 14 77 43 5 63 33 12 65 41 67 55 28 59 42 12 41 3 26 46 57 75 0 88 52 51 53 50 6 21
89 43 70 83 44 84 81 19 70 77 83 70 40 10 92 94 75 93 4 65 4 38 19 56 9 49 52 9 8 76
49 82 82 52 5 32 48 19 92 80 45 99 13 46 67 87 51 64 63 58 84 30 7 7 72 7 87 93 46 18
72 29 58 95 61 40 63 63 17 1 49 74 41 13 33 18 46 75 82 92 28 68 47 87 40 61 1 29 31 99
21 87 94 29 57 31 39 88 92 0 82 48 60 26 18 92 91 10 28 72 8 44 19 73 74 44 11 72 83 21
17 80 31 4 78 5 16 7 56 63 57 90 79 35 20 61 19 42 99 19 19 91 92 39 19 10 64 37 35 73
84 81 3 88 98 27 83 0 44 90 81 20 41 4 50 1 19 99 64 8 39 16 82 52 42 41 35 99 32 24
31 56 67 6 25 10 12 87 22 64 93 94 14 97 43 37 41 43 39 63 56 69 57 44 30 88 4 66 9 48
13 85 20 76 83 91 97 67 29 91 63 61 57 83 86 19 81 5 1 22 53 70 74 40 69 22 35 43 71 76
9 50 57 24 30 46 78 29 17 19 73 17 29 65 75 69 55 98 88 51 86 57 28 39 79 74 58 39 21 70
74 80 34 83 31 70 95 44 88 12 58 60 34 19 97 60 23 11 9 31 17 39 56 30 21 86 11 57 72 59
69 35 89 40 14 14 21 75 52 6 43 29 76 19 71 22 99 43 24 18 69 1 34 56 75 83 84 25 90 13
28 22 13 15 33 62 6 94 29 12 41 30 63 71 7 65 7 25 22 19 40 48 82 77 27 16 12 20 57 69
16 1 9 37 41 97 64 4 99 58 73 80 11 74 64 23 63 97 37 2 7 8 78 5 25 14 98 51 42 4
77 29 66 16 68 90 98 78 85 68 11 31 90 1 11 58 50 72 38 56 19 98 51 37 84 44 8 53 66 22
42 61 69 16 1 90 21 38 82 67 39 10 89 21 35 20 98 62 20 1 8 15 80 33 5 46 48 67 66 21
70 9 96 77 54 36 59 89 54 13 47 86 12 30 10 23 77 5 32 29 63 93 24 83 14 2 73 85 3 24
67 30 63 19 93 98 42 97 58 17 19 19 99 64 32 77 81 18 5 49 79 60 62 28 20 8 82 69 16 16
22 15 8 80 18 78 24 33 37 5 95 12 37 35 2 44 70 52 39 72 24 66 9 19 92 86 9 70 12 75
49 11 22 88 15 55 23 41 86 50 34 61 49 50 94 13 73 79 37 0 50 38 57 96 96 30 19 45 83 89
99 34 41 54 61 38 44 25 84 82 83 80 22 69 77 40 43 78 84 31 89 17 10 55 43 1 19 79 3 80
14 16 7 32 17 38 40 10 82 47 24 1 20 12 79 29 15 31 8 28 61 77 22 46 44 46 38 67 63 11
93 67 55 43 65 31 56 69 3 98 43 64 84 19 9 99 80 39 81 4 74 36 86 1 76 80 8 23 17 2
17 34 35 78 35 96 70 62 91 63 33 42 72 4 21 83 66 53 87 98 70 78 0 46 94 0 31 59 87 82
71 40 73 15 62 86 67 34 87 35 11 47 59 32 45 80 10 62 12 47 57 99 59 9 6 79 77 81 10 73
95 5 9 36 30 84 4 58 42 57 46 29 59 59 49 7 65 95 42 48 71 17 40 39 3 86 83 26 79 64
80 59 78 61 55 71 91 31 79 65 30 97 47 99 31 48 16 53 68 33 28 59 75 57 76 8 38 35 89 53
1 77 48 2 8 3 52 46 62 7 0 73 81 25 54 71 82 73 13 5 18 68 93 34 58 24 98 99 78 20
47 0 97 61 64 38 90 72 61 88 57 23 70 47 26 45 1 48 17 6 37 48 6 56 81 35 60 35 32 0
19 38 49 79 77 66 21 48 57 94 58 48 92 51 87 51 73 98 89 3 99 29 25 12 58 42 52 49 24 68
95 0 35 24 55 75 5 56 52 65 72 80 39 98 88 27 40 47 12 62 84 85 43 33 59 79 26 57 84 86
0 63 97 85 81 48 89 50 0 4 34 67 29 30 13 34 73 44 7 95 12 51 21 14 22 22 60 77 92 15
73 80 41 19 40 39 89 17 44 35 35 92 85 84 48 26 10 78 75 58 64 54 22 13 2 85 61 12 93 84
69 19 31 88 5 98 17 46 74 71 83 38 38 17 67 91 84 38 76 72 32 85 75 82 71 32 95 67 40 27
65 26 99 56 86 89 55 21 16 88 28 90 30 37 93 85 83 13 17 22 73 84 84 3 97 35 65 32 36 1
95 4 26 76 54 1 87 87 60 72 14 44 25 87 82 87 36 11 78 25 60 21 83 4 75 51 79 67 93 67
30 1 15 90 67 57 35 13 95 10 90 94 83 92 17 12 1 14 60 25 39 47 53 61 2 45 55 27 65 31
23 31 46 58 45 44 21 41 73 38 94 8 24 92 84 11 36 51 14 19 12 65 96 50 67 55 45 46 79 91
87 77 1 53 21 32 85 35 65 47 29 6 79 54 43 32 74 76 95 25 19 74 93 80 21 54 3 5 43 66
5 66 71 56 54 98 62 58 88 42 15 42 94 36 68 48 33 40 98 59 85 93 79 27 61 31 27 24 91 94
46 91 97 33 37 15 89 66 39 46 63 58 32 44 87 31 93 8 85 4 98 33 77 48 24 98 24 89 72 77
92 95 20 27 23 35 93 1 91 93 93 78 73 84 19 17 58 80 3 81 95 73 3 70 22 20 52 82 51 38
52 76 95 64 48 6 58 75 44 58 28 53 28 9 36 33 20 74 88 58 65 33 64 55 39 38 52 73 29 46
60 71 10 35 19 46 31 82 78 20 84 31 43 54 20 69 25 28 21 78 84 28 63 55 96 22 21 5 76 11
86 30 26 92 27 14 13 68 86 33 65 95 0 61 64 40 8 59 67 6 51 37 87 35 99 63 2 5 56 36
84 69 23 50 80 16 29 22 57 47 48 60 8 87 71 89 93 92 1 57 45 11 82 12 64 14 91 95 95 95
46 97 47 21 6 91 7 69 83 17 58 83 70 89 98 43 69 52 17 26 73 11 95 1 27 8 15 82 75 11
95 47 83 50 13 77 70 16 44 90 98 6 55 63 20 67 31 72 57 87 99 94 68 44 8 42 40 82 66 46
4 97 27 74 52 56 12 82 14 60 86 25 25 44 15 61 86 66 8 44 91 32 83 84 94 53 31 14 20 36
75 95 48 61 18 51 29 75 53 17 7 29 81 35 59 32 37 34 70 81 36 89 19 19 93 20 29 7 65 6
7 24 31 7 93 35 1 15 84 65 24 99 84 6 32 88 34 23 46 29 94 32 25 99 82 80 33 64 15 49

3008 5268 4559 2669 5526 1066 3025 671 4385 2488 5798 5285 3549 808 879 2659 5945 4566 3557 5233 1329 5250 2605 3605 2087 4451 6240 4464 3431 3066

12484 12355 12494 6904 12315 13624 4301 3860 13690 12406 11384 4461 5359 1820 13315 13506 1411 7706 4116 12103 1250 13298 13304 13162 1433 11312 6584 2058 11463 11134

16 13 17 25 29 18 19 16 22 11 16 17 25 20 27 19 15 10 19 15 11 19 24 24 19 25 11 22 23 12 18 27 28 23 25 22 26 15 20 25 12 11 29 13 13 27 18 10 22 27 16 21 24 17 13 13 13 13 22 21 24 15 18 14 23 17 22 17 14 28 10 19 12 11 25

53 33 83 112 94 185 91 100 112 95 142 191 150 214 119 200 190 62 197 37 160 142 93 149 28 33 64 118 193 88
