75
30

62 57 56 88 82 88 14 57 71 1 32 65 14 28 66 81 25 0 59 23 35 3 82 29 78 80 19 54 92 78
19 7 47 94 1 42 73 54 80 67 54 44 60 15 4 65 4 17 39 93 84 54 23 59 68 76 39 72 90 38
19 75 20 63 37 76 29 42 41 17 15 41 83 62 21 65 75 19 86 97 75 33 96 15 86 3 20 67 17 22
64 31 40 33 62 11 46 62 99 48 82 60 32 23 19 63 44 10 88 66 64 88 79 64 30 24 90 93 65 87
83 96 21 58 62 78 87 39 2 32 73 82 80 65 23 90 88 25 10 56 47 30 20 48 14 51 26 57 92 86
12 58 71 38 97 55 34 83 68 20 51 88 19 27 14 12 63 57 87 3 59 19 96 86 66 18 60 87 30 53
42 34 48 36 85 61 82 70 48 73 5 14 59 59 9 27 55 78 3 72 75 22 81 29 23 55 43 26 14 84
91 11 81 92 42 14 96 55 19 61 37 17 30 67 5 95 20 86 66 43 76 23 83 84 24 22 58 8 22 85
92 80 63 91 43 10 38 20 41 81 9 98 77 35 3 9 88 70 34 71 2 79 94 30 7 61 90 50 73 62
3 94 24 36 6 15 55 37 66 21 25 74 5 60 85 96 15 60 23 81 37 7 9 63 49 52 10 1 34 72
81 86 17 39 61 35 83 65 34 23 31 16 19 44 16 39 22 15 87 21 43 49 20 84 28 65 11 82 22 25
68 61 38 95 24 92 67 87 62 83 91 12 19 41 64 73 5 36 91 58 67 83 97 19 79 48 90 56 32 49
42 25 57 99 44 53 13 10 27 20 17 74 29 51 96 70 66 16 90 65 35 37 35 20 53 58 15 10 19 6
43 20 34 71 22 78 38 72 4 36 41 91 26 3 43 82 8 11 98 2 44 50 41 15 1 95 95 58 33 40
30 82 53 96 31 1 38 5 4 14 45 98 26 76 70 95 20 48 80 9 0 34 94 25 38 2 4 53 23 33
41 69 32 50 53 13 32 32 34 93 66 88 17 14 18 78 37 37 38 88 17 43 82 88 23 36 97 55 12 28
57 21 56 90 26 75 14 46 4 49 95 70 92 51 26 82 69 21 19 77 70 41 3 30 17 13 67 41 32 83
23 40 32 83 95 55 2 19 83 4 79 16 60 72 90 10 12 91 47 53 13 25 79 44 3 23 49 32 17 5
97 40 66 93 1 6 83 79 48 44 90 31 60 65 23 47 12 20 41 13 39 46 19 48 20 34 61 9 87 41
20 9 91 31 97 77 34 96 49 38 38 9 45 10 14 5 32 55 53 83 12 8 50 95 43 78 43 43 1 12
7 11 76 42 52 8 5 71 18 87 26 66 43 73 35 56 77 18 90 66 47 52 52 19 99 19 97 7 86 4
25 93 53 83 42 4 64 71 7 36 58 32 50 62 24 93 30 24 51 58 55 60 73 25 17 79 26 59 94 87
83 48 17 47 37 76 26 7 50 70 48 22 75 12 67 82 33 23 76 1 5 53 41 30 51 52 95 2 84 81
56 30 57 5 39 7 37 78 95 72 77 3 6 62 8 27 21 46 17 16 1 14 77 6 13 78 44 30 1 93
47 74 7 13 26 2 35 41 98 54 67 34 53 15 87 78 13 4 67 33 14 26 13 22 70 92 94 18 56 3
81 39 3 50 77 69 99 65 25 51 32 39 17 36 28 1 26 77 64 92 59 85 53 1 98 23 57 58 61 74
34 66 10 16 61 45 98 94 76 18 13 78 21 46 74 34 97 4 88 50 50 62 60 2 57 92 24 49 74 28
45 83 67 61 96 83 43 19 10 47 51 86 78 98 9 56 21 94 93 16 70 76 79 12 35 48 41 45 36 69
29 97 31 91 86 77 71 87 91 52 57 45 10 89 84 22 13 28 97 93 94 76 96 19 76 59 56 46 10 6
60 87 93 33 61 56 65 56 1 60 64 53 86 67 29 47 70 98 13 92 95 18 20 72 20 30 84 48 97 80
63 19 3 44 6 79 29 45 19 82 81 21 36 49 51 53 80 78 56 9 58 53 63 69 32 41 26 45 60 44
40 96 92 26 49 17 77 52 87 38 6 94 33 74 1 95 8 4 23 0 44 75 63 87 2 56 34 69 30 86
81 36 68 0 79 69 64 17 78 39 37 26 25 75 13 8 68 66 20 81 14 28 13 50 12 46 70 98 72 89
73 61 41 39 71 60 0 88 93 94 52 4 41 10 20 57 4 0 65 62 54 8 98 74 23 27 54 54 79 29
35 83 29 64 51 88 44 3 23 19 59 31 8 83 12 2 74 23 18 12 35 7 81 68 15 53 12 32 7 10
95 91 53 81 2 75 38 43 85 19 7 0 67 48 21 85 19 25 14 2 98 92 41 47 77 6 95 72 1 29
56 83 39 37 97 63 24 60 48 89 97 58 4 64 2 2 34 94 85 13 8 71 18 74 60 52 23 27 60 43
87 17 52 20 87 32 84 55 57 71 42 30 90 31 58 46 25 85 58 66 88 11 67 58 78 77 89 16 6 98
27 72 50 30 14 37 69 51 70 34 94 46 0 99 75 9 5 77 81 25 70 30 62 76 45 38 12 7 41 56
14 45 3 65 46 41 28 27 72 81 54 23 55 8 19 48 71 27 74 87 93 86 15 91 94 73 37 33 80 56
46 12 44 59 86 27 14 55 48 55 34 19 78 96 93 67 12 55 0 77 86 4 62 67 5 24 26 82 79 16
74 2 51 48 94 87 70 60 71 15 93 60 50 73 25 73 89 18 11 20 88 14 53 55 72 5 18 80 55 90
53 8 14 8 21 51 70 40 37 64 15 1 52 52 70 63 21 23 53 44 63 67 69 54 80 67 84 71 1 83
32 97 79 76 53 24 38 32 79 90 64 41 21 27 79 18 97 19 34 66 26 11 35 44 77 74 65 61 40 73
68 30 64 15 21 38 68 84 1 25 36 68 20 88 48 44 96 16 90 81 73 67 77 74 8 21 53 12 97 62
61 55 99 90 12 64 86 59 72 11 25 89 60 68 64 1 30 38 93 78 63 3 92 41 8 71 82 94 45 65
57 89 49 95 41 9 92 77 23 54 2 12 44 3 73 42 49 75 83 33 25 11 83 46 84 51 47 27 75 79
2 93 19 62 83 11 10 3 73 97 21 85 30 80 9 72 3 8 21 4 4 85 17 93 73 85 86 9 53 54
20 18 79 17 50 98 25 52 89 64 82 79 13 64 53 94 88 25 82 39 16 79 67 91 59 76 10 5 78 75
16 49 69 75 35 18 7 13 14 7 25 55 97 89 75 48 1 19 65 12 48 74 63 91 28 80 10 87 27 1
80 59 54 96 90 39 37 39 41 22 70 99 36 14 53 2 23 47 32 7 42 9 43 9 84 28 20 18 93 26
10 81 55 15 15 62 69 21 52 82 94 38 93 88 6 53 39 5 17 17 33 94 39 13 12 4 93 78 58 8
3 64 1 61 9 52 78 4 8 56 54 11 0 71 61 67 85 55 99 98 58 61 24 3 92 47 8 77 95 25
37 88 97 48 96 71 89 21 49 61 29 3 23 53 88 32 34 69 92 80 31 88 90 34 51 44 55 55 86 11
89 55 30 31 3 98 45 49 85 26 67 61 67 43 41 92 75 28 50 60 12 57 90 96 99 36 92 10 98 6
7 45 64 48 90 49 15 8 54 48 30 16 98 17 78 81 96 75 74 67 28 44 97 93 81 52 14 19 53 84
10 92 36 83 2 87 50 87 94 43 84 27 97 93 39 28 33 47 82 12 87 54 64 60 67 65 68 0 3 79
72 30 96 29 42 88 80 51 23 27 67 43 49 59 2 2 17 77 21 92 94 70 11 91 38 82 8 26 69 91
80 65 13 3 78 54 1 84 62 16 1 87 31 23 19 27 5 41 87 36 48 92 35 79 32 82 5 21 76 0
55 89 99 70 74 40 96 31 92 57 8 60 57 21 48 69 18 27 5 53 35 61 37 45 13 29 32 26 3 24
91 86 52 69 57 40 79 67 6 45 99 52 70 56 42 17 49 41 24 62 46 32 78 95 28 76 37 74 82 22
49 74 41 56 42 17 93 67 85 93 83 6 11 77 90 79 88 3 29 74 73 50 13 19 59 65 79 28 25 25
46 67 39 89 82 55 61 29 89 90 76 15 18 46 21 0 4 99 6 39 53 73 51 16 34 3 54 87 65 72
97 55 82 57 48 25 38 4 0 12 67 99 67 15 19 20 27 50 39 86 87 24 52 21 2 99 77 24 67 61
78 0 78 0 38 87 33 70 97 93 4 86 93 31 1 62 11 10 31 16 16 9 1 90 26 71 24 48 54 68
32 73 26 29 99 54 55 48 30 53 17 88 73 79 75 73 54 9 38 16 42 50 47 35 99 8 40 51 69 23
19 70 14 94 37 98 94 74 66 32 52 34 23 30 61 31 63 59 30 97 59 67 72 64 35 28 11 82 26 61
44 95 69 13 6 84 53 71 3 77 96 28 95 14 6 30 79 95 49 71 60 53 51 11 37 29 78 52 45 53
85 76 11 45 41 30 32 85 35 33 69 41 64 25 34 25 24 76 90 32 68 41 9 86 9 22 59 80 63 70
92 0 85 44 86 66 15 1 43 29 62 95 43 6 78 8 22 38 4 25 13 16 95 48 70 97 43 96 63 12
72 42 20 34 59 86 41 61 16 54 24 31 28 90 77 72 41 61 93 60 39 12 21 30 50 21 64 69 84 54
82 80 78 27 78 6 10 97 1 46 6 68 86 92 45 75 30 99 46 70 61 31 88 42 43 69 93 35 44 70
76 39 50 0 45 82 95 0 6 45 46 45 93 68 71 1 43 30 65 9 80 14 19 31 81 96 61 40 28 17
92 58 82 18 9 50 32 64 78 38 84 72 13 95 27 29 51 32 68 59 48 87 22 74 40 74 10 27 14 59
99 40 20 75 83 82 1 69 87 26 16 76 46 92 90 43 98 72 27 44 85 89 54 74 42 29 76 8 38 62

35 78 64 51 79 39 51 47 67 38 78 41 11 67 36 48 80 58 34 57 0 34 52 41 76 40 99 82 85 28
35 26 97 31 98 52 26 71 13 15 15 84 99 2 20 33 98 7 29 75 67 13 41 86 50 47 92 55 82 36
97 12 8 81 51 49 28 28 4 43 84 9 6 96 56 72 83 50 36 27 92 37 5 88 70 79 3 64 71 44
3 50 51 25 8 13 55 93 30 80 10 52 36 57 33 81 51 53 98 57 72 86 31 86 16 82 25 79 17 10
84 71 37 3 62 48 66 64 24 37 20 55 70 84 57 12 92 9 81 50 43 29 91 35 64 74 15 40 71 38
13 21 6 61 50 73 21 0 76 47 29 64 57 49 41 9 55 50 85 10 33 65 75 77 47 0 63 66 55 58
4 96 33 62 14 98 2 36 1 34 0 47 94 68 40 6 8 83 51 68 20 73 87 98 31 48 63 80 54 35
33 81 49 77 31 17 94 29 42 67 52 40 69 27 97 53 14 20 87 50 86 91 8 51 16 48 27 24 26 46
18 69 89 99 63 90 83 96 34 60 16 38 8 44 80 19 72 37 62 31 23 38 17 63 64 56 83 13 60 24
91 44 91 62 3 55 30 33 79 32 28 61 58 22 79 7 97 31 7 45 13 30 90 60 21 54 10 62 47 87
6 2 82 93 65 24 99 36 65 88 28 80 73 59 95 89 55 26 51 43 46 17 36 56 94 18 87 56 71 4
54 65 21 49 89 85 84 71 42 80 12 23 55 19 72 46 48 5 7 36 40 9 86 1 42 94 68 97 27 87
76 76 47 40 40 92 69 86 49 34 40 73 45 93 4 54 33 71 29 39 87 6 31 58 79 57 86 79 76 70
65 85 62 35 58 3 78 93 45 35 13 53 44 50 68 37 33 9 69 46 42 56 22 40 57 89 33 55 63 97
13 94 45 13 67 98 12 42 29 50 11 45 88 80 45 94 14 81 20 36 95 45 84 18 24 81 17 78 10 78
12 77 1 14 28 59 35 44 28 47 69 97 24 3 36 75 77 35 47 37 59 6 33 0 42 89 81 6 80 72
25 17 12 2 93 60 92 32 16 11 15 3 51 5 10 67 76 13 17 53 60 4 63 18 10 7 98 29 63 27
79 92 49 78 88 99 72 47 32 65 62 0 75 94 10 80 62 71 83 78 84 77 74 66 58 90 57 22 25 97
17 94 16 34 10 73 2 46 50 78 60 16 33 72 1 5 58 64 41 20 83 64 39 82 42 91 92 67 8 59
88 50 73 92 60 65 87 29 63 69 69 40 6 64 91 48 81 17 89 35 75 96 61 77 84 95 46 36 27 15
5 98 45 43 38 42 47 27 15 83 20 43 1 7 16 13 3 12 92 10 76 6 57 51 53 35 66 88 98 43
43 26 91 76 44 33 1 1 80 35 85 80 63 89 48 39 54 91 43 7 5 62 72 28 50 12 51 65 70 83
38 39 39 11 18 93 28 70 28 61 31 77 40 81 27 79 40 80 1 47 86 39 84 50 8 87 83 79 4 6
28 50 38 37 28 10 39 9 30 6 67 52 35 16 80 53 87 32 39 64 55 57 15 72 82 50 97 4 52 26
11 8 10 9 98 38 42 83 13 45 77 92 44 38 0 86 60 78 61 16 34 6 32 17 16 34 48 35 30 38
20 0 30 31 32 26 48 27 30 14 5 83 87 74 66 20 95 97 87 45 9 48 46 12 64 48 80 12 20 79
78 80 18 21 72 47 48 18 50 74 58 10 81 66 71 99 20 34 61 30 25 58 34 93 24 69 1 95 3 55
31 51 94 63 44 84 2 38 57 47 91 38 11 3 16 99 30 13 70 54 4 42 92 29 79 63 49 53 9 25
85 72 4 20 6 49 63 55 40 98 1 27 92 61 87 46 87 45 61 58 63 87 97 61 61 83 32 21 29 26
73 30 32 33 55 55 26 42 6 76 62 32 61 18 2 73 5 19 77 32 50 76 24 77 81 90 59 53 22 76
4 34 95 24 52 70 91 20 44 79 74 60 97 53 63 31 99 89 0 22 73 46 75 9 57 7 65 5 68 86
18 88 41 11 92 46 61 75 15 82 30 33 33 96 30 90 74 21 92 10 24 80 66 34 10 93 48 90 23 55
25 38 36 63 40 76 1 56 79 2 17 1 32 13 16 44 99 78 2 97 19 23 47 42 53 6 17 67 60 81
97 63 21 78 29 56 28 33 74 40 27 64 83 41 81 64 25 40 99 67 0 13 48 1 53 78 36 30 52 65
38 66 98 26 3 83 96 73 63 74 81 6 36 37 90 60 85 68 27 90 78 15 62 71 76 2 48 85 20 38
63 23 5 71 1 12 71 44 77 64 32 76 10 86 39 56 6 17 32 41 58 77 40 92 22 23 31 72 53 80
16 21 90 71 65 54 52 66 80 60 52 30 52 0 65 35 72 18 93 68 90 37 21 55 41 79 60 70 69 42
4 6 39 31 66 42 0 13 60 4 42 44 48 22 70 97 67 32 80 83 4 69 9 45 84 53 95 68 95 59
77 27 58 28 9 82 15 64 74 79 3 16 21 17 29 36 63 0 56 79 9 67 86 73 14 89 86 73 69 62
91 87 71 31 86 35 51 48 54 66 28 20 29 65 36 13 5 19 35 30 87 2 12 52 75 31 14 31 29 89
84 74 50 1 97 42 79 39 94 64 92 72 86 39 48 88 61 76 26 65 24 94 34 49 44 77 2 95 95 66
85 50 18 30 21 93 31 35 43 76 72 27 29 8 48 77 42 96 27 62 85 16 95 84 87 94 68 44 89 13
24 28 93 79 1 64 92 6 78 70 2 5 24 93 60 98 96 9 56 73 15 35 17 66 43 79 53 31 49 17
51 32 48 86 58 70 20 24 95 30 73 94 97 9 93 81 70 61 92 47 6 75 66 74 99 53 92 43 57 81
59 18 94 99 91 44 53 93 16 67 3 4 80 38 87 93 27 70 36 19 76 38 72 33 70 67 52 65 97 25
42 86 72 32 16 56 61 42 18 91 83 62 31 17 95 22 47 88 79 99 28 90 68 66 3 51 77 11 35 39
43 64 66 12 68 5 9 47 42 57 60 78 71 87 37 3 41 48 70 46 7 70 9 90 70 50 15 7 89 18
55 61 43 79 5 49 33 42 56 13 0 2 54 44 86 33 22 47 72 9 65 43 72 43 32 35 60 45 91 52
62 7 56 64 41 81 54 10 56 11 33 93 79 24 40 52 86 2 27 83 71 78 60 80 42 43 44 38 99 43
81 11 9 12 26 31 10 62 23 31 31 41 6 25 3 8 28 38 87 6 36 90 51 19 0 79 88 53 84 11
26 72 2 80 96 73 97 90 53 3 39 73 57 19 35 45 78 75 94 12 56 67 76 99 56 79 44 87 86 16
82 65 60 93 39 32 44 45 40 22 3 69 48 18 38 98 73 89 86 79 81 56 17 19 16 89 58 93 73 75
17 40 61 9 99 7 43 11 29 93 70 54 22 13 11 75 82 86 64 89 91 14 98 27 49 9 67 85 58 80
82 36 67 90 37 51 22 48 34 34 81 92 45 61 3 72 9 72 1 57 42 76 37 8 24 55 83 91 82 62
89 45 85 86 26 93 17 95 86 88 97 95 86 28 64 67 66 70 39 64 14 43 39 82 46 23 3 43 9 33
55 45 13 81 10 67 88 39 0 47 31 33 85 58 83 98 67 47 63 17 13 27 42 39 72 34 20 61 47 67
67 13 25 4 20 65 6 41 55 76 78 10 72 26 20 60 67 12 39 19 76 8 62 63 13 98 57 60 43 57
35 79 55 18 71 60 32 61 37 97 29 15 36 83 8 46 89 15 87 87 5 54 15 24 36 95 58 37 97 84
76 83 14 2 24 50 15 82 99 18 85 45 20 26 48 68 14 7 46 8 48 55 34 71 21 34 99 71 14 32
90 31 61 46 96 32 81 18 21 88 1 72 49 20 41 43 85 61 48 61 14 97 7 57 34 34 63 90 34 61
22 22 25 23 18 91 62 41 87 44 95 41 49 43 46 78 12 57 5 60 45 94 82 14 79 44 59 60 42 32
41 61 27 3 84 81 50 96 61 71 57 61 85 58 83 40 8 1 55 24 62 59 22 29 5 65 31 79 2 11
88 85 36 87 80 36 41 23 36 78 6 41 62 11 82 0 70 56 85 94 98 57 0 52 73 23 9 30 85 37
2 99 58 61 54 81 36 42 61 68 37 87 81 42 26 50 19 77 12 69 47 84 73 33 57 30 75 72 83 61
20 2 36 85 43 56 46 8 55 1 3 30 94 11 35 37 30 43 70 51 35 45 77 22 17 89 62 84 82 6
85 83 67 70 25 76 61 54 80 55 1 56 16 26 26 74 83 64 8 66 54 27 0 35 78 85 73 22 36 3
29 91 42 96 14 48 33 30 59 23 43 35 44 10 45 67 32 34 10 35 49 6 28 63 93 76 69 68 86 91
92 72 30 29 43 73 0 53 65 53 17 19 37 81 57 27 22 65 91 88 68 34 96 62 95 64 33 91 86 95
9 16 38 79 78 58 51 61 24 14 68 97 42 83 81 53 18 33 76 30 63 65 72 18 49 41 98 81 67 89
83 11 97 77 70 7 49 53 90 79 35 70 33 66 71 41 14 33 12 13 24 69 86 33 11 20 60 66 24 18
73 64 31 84 10 16 79 38 94 24 56 19 38 73 92 10 71 7 90 25 27 14 80 90 78 96 34 44 37 65
0 23 57 97 18 5 14 34 47 53 48 16 8 50 95 83 18 29 38 78 81 58 53 44 45 98 37 91 63 69
43 82 96 95 56 56 50 91 78 97 49 32 22 12 76 10 20 73 28 70 0 40 74 85 90 73 15 95 40 95
85 46 95 69 25 82 36 92 48 81 78 26 51 52 9 29 55 13 83 26 81 29 13 63 77 80 39 29 79 85
45 17 52 1 65 89 42 78 92 44 52 36 93 9 12 90 82 22 7 47 8 36 76 51 61 4 12 44 6 3

3008 5268 4559 2669 5526 1066 3025 671 4385 2488 5798 5285 3549 808 879 2659 5945 4566 3557 5233 1329 5250 2605 3605 2087 4451 6240 4464 3431 3066

22943 18466 23100 9233 11433 1829 17900 4194 19629 19272 10276 12589 23480 11472 9925 13801 18758 17396 10702 10787 6715 14160 14469 23314 17496 3519 20218 7666 8584 19875

16 13 17 25 29 18 19 16 22 11 16 17 25 20 27 19 15 10 19 15 11 19 24 24 19 25 11 22 23 12 18 27 28 23 25 22 26 15 20 25 12 11 29 13 13 27 18 10 22 27 16 21 24 17 13 13 13 13 22 21 24 15 18 14 23 17 22 17 14 28 10 19 12 11 25

53 33 83 112 94 185 91 100 112 95 142 191 150 214 119 200 190 62 197 37 160 142 93 149 28 33 64 118 193 88
