75
30

28 53 69 97 31 68 89 81 96 21 30 90 85 38 77 51 54 53 73 3 11 36 93 92 25 5 80 75 8 5
35 50 83 22 77 17 7 64 34 36 13 16 94 37 93 65 57 0 35 45 55 6 83 41 26 39 91 76 79 68
78 42 56 60 13 55 4 96 89 71 8 80 52 56 28 89 19 16 70 71 73 34 67 15 31 64 48 46 28 69
36 98 64 23 83 97 89 1 47 42 39 28 75 66 54 64 22 12 18 44 43 69 23 7 32 45 39 66 88 59
38 19 46 12 16 3 83 32 96 32 7 26 15 68 80 80 30 35 25 85 88 55 36 85 54 72 79 69 84 6
55 60 88 32 56 70 28 85 55 26 39 41 91 77 63 27 46 48 54 40 35 98 67 99 34 96 54 60 42 24
36 44 37 64 15 92 71 41 36 20 25 23 37 49 8 88 25 36 77 30 73 21 9 51 39 79 56 65 26 26
58 7 56 36 2 25 19 53 47 7 19 9 50 54 29 97 74 11 32 27 55 21 96 96 57 56 27 43 47 40
93 50 70 75 97 36 99 32 71 42 98 59 95 1 17 35 71 50 9 59 9 28 43 54 2 54 43 34 99 89
84 56 93 33 25 49 5 99 55 10 8 62 91 0 29 91 42 69 34 98 38 6 73 68 84 96 36 59 88 20
61 62 74 33 82 1 75 6 18 76 77 20 34 89 47 45 23 25 71 45 8 52 90 88 33 73 0 50 12 47
66 57 65 59 52 79 34 3 78 89 65 17 53 58 19 70 44 17 26 97 80 36 1 48 98 0 89 67 92 58
8 29 5 1 5 20 83 85 39 12 93 99 70 73 48 57 3 27 12 52 27 49 73 4 35 46 3 1 36 73
43 94 72 89 89 18 14 39 63 30 4 23 88 98 45 88 10 86 91 57 37 97 55 72 87 95 53 28 46 7
58 13 12 71 18 84 56 84 71 54 17 78 54 56 32 10 99 11 63 50 56 28 61 10 85 5 85 42 12 0
76 99 33 7 42 35 27 45 0 88 94 55 99 80 31 53 2 20 29 83 15 88 38 82 78 58 33 35 62 61
88 92 47 15 32 72 53 70 49 75 68 28 46 77 93 72 95 80 78 72 27 49 50 78 44 36 38 21 56 98
42 59 73 56 14 58 15 27 44 95 98 52 63 15 30 5 13 75 20 28 44 73 76 49 33 31 48 78 47 90
53 79 79 24 78 69 42 88 38 85 96 67 58 28 41 70 93 74 3 99 2 10 90 90 51 22 9 97 92 71
63 66 68 10 56 32 30 31 95 28 47 61 68 75 78 26 15 23 22 66 36 37 51 61 10 52 19 7 3 59
84 52 2 60 85 73 86 47 73 65 47 62 81 67 0 48 77 45 50 18 48 10 15 68 94 42 2 48 41 40
19 37 1 29 30 97 29 97 12 16 68 17 72 35 69 13 11 49 39 55 69 8 43 86 72 60 76 36 72 28
67 55 40 88 85 87 73 10 70 60 7 72 94 58 53 52 36 8 99 77 14 2 46 58 23 22 71 64 61 50
25 2 44 85 30 4 48 81 8 44 18 89 73 35 48 81 74 80 96 60 43 66 23 3 12 43 44 92 3 17
27 14 77 43 5 63 33 12 65 41 67 55 28 59 42 12 41 3 26 46 57 75 0 88 52 51 53 50 6 21
89 43 70 83 44 84 81 19 70 77 83 70 40 10 92 94 75 93 4 65 4 38 19 56 9 49 52 9 8 76
49 82 82 52 5 32 48 19 92 80 45 99 13 46 67 87 51 64 63 58 84 30 7 7 72 7 87 93 46 18
72 29 58 95 61 40 63 63 17 1 49 74 41 13 33 18 46 75 82 92 28 68 47 87 40 61 1 29 31 99
21 87 94 29 57 31 39 88 92 0 82 48 60 26 18 92 91 10 28 72 8 44 19 73 74 44 11 72 83 21
17 80 31 4 78 5 16 7 56 63 57 90 79 35 20 61 19 42 99 19 19 91 92 39 19 10 64 37 35 73
84 81 3 88 98 27 83 0 44 90 81 20 41 4 50 1 19 99 64 8 39 16 82 52 42 41 35 99 32 24
31 56 67 6 25 10 12 87 22 64 93 94 14 97 43 37 41 43 39 63 56 69 57 44 30 88 4 66 9 48
13 85 20 76 83 91 97 67 29 91 63 61 57 83 86 19 81 5 1 22 53 70 74 40 69 22 35 43 71 76
9 50 57 24 30 46 78 29 17 19 73 17 29 65 75 69 55 98 88 51 86 57 28 39 79 74 58 39 21 70
74 80 34 83 31 70 95 44 88 12 58 60 34 19 97 60 23 11 9 31 17 39 56 30 21 86 11 57 72 59
69 35 89 40 14 14 21 75 52 6 43 29 76 19 71 22 99 43 24 18 69 1 34 56 75 83 84 25 90 13
28 22 13 15 33 62 6 94 29 12 41 30 63 71 7 65 7 25 22 19 40 48 82 77 27 16 12 20 57 69
16 1 9 37 41 97 64 4 99 58 73 80 11 74 64 23 63 97 37 2 7 8 78 5 25 14 98 51 42 4
77 29 66 16 68 90 98 78 85 68 11 31 90 1 11 58 50 72 38 56 19 98 51 37 84 44 8 53 66 22
42 61 69 16 1 90 21 38 82 67 39 10 89 21 35 20 98 62 20 1 8 15 80 33 5 46 48 67 66 21
70 9 96 77 54 36 59 89 54 13 47 86 12 30 10 23 77 5 32 29 63 93 24 83 14 2 73 85 3 24
67 30 63 19 93 98 42 97 58 17 19 19 99 64 32 77 81 18 5 49 79 60 62 28 20 8 82 69 16 16
22 15 8 80 18 78 24 33 37 5 95 12 37 35 2 44 70 52 39 72 24 66 9 19 92 86 9 70 12 75
49 11 22 88 15 55 23 41 86 50 34 61 49 50 94 13 73 79 37 0 50 38 57 96 96 30 19 45 83 89
99 34 41 54 61 38 44 25 84 82 83 80 22 69 77 40 43 78 84 31 89 17 10 55 43 1 19 79 3 80
14 16 7 32 17 38 40 10 82 47 24 1 20 12 79 29 15 31 8 28 61 77 22 46 44 46 38 67 63 11
93 67 55 43 65 31 56 69 3 98 43 64 84 19 9 99 80 39 81 4 74 36 86 1 76 80 8 23 17 2
17 34 35 78 35 96 70 62 91 63 33 42 72 4 21 83 66 53 87 98 70 78 0 46 94 0 31 59 87 82
71 40 73 15 62 86 67 34 87 35 11 47 59 32 45 80 10 62 12 47 57 99 59 9 6 79 77 81 10 73
95 5 9 36 30 84 4 58 42 57 46 29 59 59 49 7 65 95 42 48 71 17 40 39 3 86 83 26 79 64
80 59 78 61 55 71 91 31 79 65 30 97 47 99 31 48 16 53 68 33 28 59 75 57 76 8 38 35 89 53
1 77 48 2 8 3 52 46 62 7 0 73 81 25 54 71 82 73 13 5 18 68 93 34 58 24 98 99 78 20
47 0 97 61 64 38 90 72 61 88 57 23 70 47 26 45 1 48 17 6 37 48 6 56 81 35 60 35 32 0
19 38 49 79 77 66 21 48 57 94 58 48 92 51 87 51 73 98 89 3 99 29 25 12 58 42 52 49 24 68
95 0 35 24 55 75 5 56 52 65 72 80 39 98 88 27 40 47 12 62 84 85 43 33 59 79 26 57 84 86
0 63 97 85 81 48 89 50 0 4 34 67 29 30 13 34 73 44 7 95 12 51 21 14 22 22 60 77 92 15
73 80 41 19 40 39 89 17 44 35 35 92 85 84 48 26 10 78 75 58 64 54 22 13 2 85 61 12 93 84
69 19 31 88 5 98 17 46 74 71 83 38 38 17 67 91 84 38 76 72 32 85 75 82 71 32 95 67 40 27
65 26 99 56 86 89 55 21 16 88 28 90 30 37 93 85 83 13 17 22 73 84 84 3 97 35 65 32 36 1
95 4 26 76 54 1 87 87 60 72 14 44 25 87 82 87 36 11 78 25 60 21 83 4 75 51 79 67 93 67
30 1 15 90 67 57 35 13 95 10 90 94 83 92 17 12 1 14 60 25 39 47 53 61 2 45 55 27 65 31
23 31 46 58 45 44 21 41 73 38 94 8 24 92 84 11 36 51 14 19 12 65 96 50 67 55 45 46 79 91
87 77 1 53 21 32 85 35 65 47 29 6 79 54 43 32 74 76 95 25 19 74 93 80 21 54 3 5 43 66
5 66 71 56 54 98 62 58 88 42 15 42 94 36 68 48 33 40 98 59 85 93 79 27 61 31 27 24 91 94
46 91 97 33 37 15 89 66 39 46 63 58 32 44 87 31 93 8 85 4 98 33 77 48 24 98 24 89 72 77
92 95 20 27 23 35 93 1 91 93 93 78 73 84 19 17 58 80 3 81 95 73 3 70 22 20 52 82 51 38
52 76 95 64 48 6 58 75 44 58 28 53 28 9 36 33 20 74 88 58 65 33 64 55 39 38 52 73 29 46
60 71 10 35 19 46 31 82 78 20 84 31 43 54 20 69 25 28 21 78 84 28 63 55 96 22 21 5 76 11
86 30 26 92 27 14 13 68 86 33 65 95 0 61 64 40 8 59 67 6 51 37 87 35 99 63 2 5 56 36
84 69 23 50 80 16 29 22 57 47 48 60 8 87 71 89 93 92 1 57 45 11 82 12 64 14 91 95 95 95
46 97 47 21 6 91 7 69 83 17 58 83 70 89 98 43 69 52 17 26 73 11 95 1 27 8 15 82 75 11
95 47 83 50 13 77 70 16 44 90 98 6 55 63 20 67 31 72 57 87 99 94 68 44 8 42 40 82 66 46
4 97 27 74 52 56 12 82 14 60 86 25 25 44 15 61 86 66 8 44 91 32 83 84 94 53 31 14 20 36
75 95 48 61 18 51 29 75 53 17 7 29 81 35 59 32 37 34 70 81 36 89 19 19 93 20 29 7 65 6
7 24 31 7 93 35 1 15 84 65 24 99 84 6 32 88 34 23 46 29 94 32 25 99 82 80 33 64 15 49

35 78 64 51 79 39 51 47 67 38 78 41 11 67 36 48 80 58 34 57 0 34 52 41 76 40 99 82 85 28
35 26 97 31 98 52 26 71 13 15 15 84 99 2 20 33 98 7 29 75 67 13 41 86 50 47 92 55 82 36
97 12 8 81 51 49 28 28 4 43 84 9 6 96 56 72 83 50 36 27 92 37 5 88 70 79 3 64 71 44
3 50 51 25 8 13 55 93 30 80 10 52 36 57 33 81 51 53 98 57 72 86 31 86 16 82 25 79 17 10
84 71 37 3 62 48 66 64 24 37 20 55 70 84 57 12 92 9 81 50 43 29 91 35 64 74 15 40 71 38
13 21 6 61 50 73 21 0 76 47 29 64 57 49 41 9 55 50 85 10 33 65 75 77 47 0 63 66 55 58
4 96 33 62 14 98 2 36 1 34 0 47 94 68 40 6 8 83 51 68 20 73 87 98 31 48 63 80 54 35
33 81 49 77 31 17 94 29 42 67 52 40 69 27 97 53 14 20 87 50 86 91 8 51 16 48 27 24 26 46
18 69 89 99 63 90 83 96 34 60 16 38 8 44 80 19 72 37 62 31 23 38 17 63 64 56 83 13 60 24
91 44 91 62 3 55 30 33 79 32 28 61 58 22 79 7 97 31 7 45 13 30 90 60 21 54 10 62 47 87
6 2 82 93 65 24 99 36 65 88 28 80 73 59 95 89 55 26 51 43 46 17 36 56 94 18 87 56 71 4
54 65 21 49 89 85 84 71 42 80 12 23 55 19 72 46 48 5 7 36 40 9 86 1 42 94 68 97 27 87
76 76 47 40 40 92 69 86 49 34 40 73 45 93 4 54 33 71 29 39 87 6 31 58 79 57 86 79 76 70
65 85 62 35 58 3 78 93 45 35 13 53 44 50 68 37 33 9 69 46 42 56 22 40 57 89 33 55 63 97
13 94 45 13 67 98 12 42 29 50 11 45 88 80 45 94 14 81 20 36 95 45 84 18 24 81 17 78 10 78
12 77 1 14 28 59 35 44 28 47 69 97 24 3 36 75 77 35 47 37 59 6 33 0 42 89 81 6 80 72
25 17 12 2 93 60 92 32 16 11 15 3 51 5 10 67 76 13 17 53 60 4 63 18 10 7 98 29 63 27
79 92 49 78 88 99 72 47 32 65 62 0 75 94 10 80 62 71 83 78 84 77 74 66 58 90 57 22 25 97
17 94 16 34 10 73 2 46 50 78 60 16 33 72 1 5 58 64 41 20 83 64 39 82 42 91 92 67 8 59
88 50 73 92 60 65 87 29 63 69 69 40 6 64 91 48 81 17 89 35 75 96 61 77 84 95 46 36 27 15
5 98 45 43 38 42 47 27 15 83 20 43 1 7 16 13 3 12 92 10 76 6 57 51 53 35 66 88 98 43
43 26 91 76 44 33 1 1 80 35 85 80 63 89 48 39 54 91 43 7 5 62 72 28 50 12 51 65 70 83
38 39 39 11 18 93 28 70 28 61 31 77 40 81 27 79 40 80 1 47 86 39 84 50 8 87 83 79 4 6
28 50 38 37 28 10 39 9 30 6 67 52 35 16 80 53 87 32 39 64 55 57 15 72 82 50 97 4 52 26
11 8 10 9 98 38 42 83 13 45 77 92 44 38 0 86 60 78 61 16 34 6 32 17 16 34 48 35 30 38
20 0 30 31 32 26 48 27 30 14 5 83 87 74 66 20 95 97 87 45 9 48 46 12 64 48 80 12 20 79
78 80 18 21 72 47 48 18 50 74 58 10 81 66 71 99 20 34 61 30 25 58 34 93 24 69 1 95 3 55
31 51 94 63 44 84 2 38 57 47 91 38 11 3 16 99 30 13 70 54 4 42 92 29 79 63 49 53 9 25
85 72 4 20 6 49 63 55 40 98 1 27 92 61 87 46 87 45 61 58 63 87 97 61 61 83 32 21 29 26
73 30 32 33 55 55 26 42 6 76 62 32 61 18 2 73 5 19 77 32 50 76 24 77 81 90 59 53 22 76
4 34 95 24 52 70 91 20 44 79 74 60 97 53 63 31 99 89 0 22 73 46 75 9 57 7 65 5 68 86
18 88 41 11 92 46 61 75 15 82 30 33 33 96 30 90 74 21 92 10 24 80 66 34 10 93 48 90 23 55
25 38 36 63 40 76 1 56 79 2 17 1 32 13 16 44 99 78 2 97 19 23 47 42 53 6 17 67 60 81
97 63 21 78 29 56 28 33 74 40 27 64 83 41 81 64 25 40 99 67 0 13 48 1 53 78 36 30 52 65
38 66 98 26 3 83 96 73 63 74 81 6 36 37 90 60 85 68 27 90 78 15 62 71 76 2 48 85 20 38
63 23 5 71 1 12 71 44 77 64 32 76 10 86 39 56 6 17 32 41 58 77 40 92 22 23 31 72 53 80
16 21 90 71 65 54 52 66 80 60 52 30 52 0 65 35 72 18 93 68 90 37 21 55 41 79 60 70 69 42
4 6 39 31 66 42 0 13 60 4 42 44 48 22 70 97 67 32 80 83 4 69 9 45 84 53 95 68 95 59
77 27 58 28 9 82 15 64 74 79 3 16 21 17 29 36 63 0 56 79 9 67 86 73 14 89 86 73 69 62
91 87 71 31 86 35 51 48 54 66 28 20 29 65 36 13 5 19 35 30 87 2 12 52 75 31 14 31 29 89
84 74 50 1 97 42 79 39 94 64 92 72 86 39 48 88 61 76 26 65 24 94 34 49 44 77 2 95 95 66
85 50 18 30 21 93 31 35 43 76 72 27 29 8 48 77 42 96 27 62 85 16 95 84 87 94 68 44 89 13
24 28 93 79 1 64 92 6 78 70 2 5 24 93 60 98 96 9 56 73 15 35 17 66 43 79 53 31 49 17
51 32 48 86 58 70 20 24 95 30 73 94 97 9 93 81 70 61 92 47 6 75 66 74 99 53 92 43 57 81
59 18 94 99 91 44 53 93 16 67 3 4 80 38 87 93 27 70 36 19 76 38 72 33 70 67 52 65 97 25
42 86 72 32 16 56 61 42 18 91 83 62 31 17 95 22 47 88 79 99 28 90 68 66 3 51 77 11 35 39
43 64 66 12 68 5 9 47 42 57 60 78 71 87 37 3 41 48 70 46 7 70 9 90 70 50 15 7 89 18
55 61 43 79 5 49 33 42 56 13 0 2 54 44 86 33 22 47 72 9 65 43 72 43 32 35 60 45 91 52
62 7 56 64 41 81 54 10 56 11 33 93 79 24 40 52 86 2 27 83 71 78 60 80 42 43 44 38 99 43
81 11 9 12 26 31 10 62 23 31 31 41 6 25 3 8 28 38 87 6 36 90 51 19 0 79 88 53 84 11
26 72 2 80 96 73 97 90 53 3 39 73 57 19 35 45 78 75 94 12 56 67 76 99 56 79 44 87 86 16
82 65 60 93 39 32 44 45 40 22 3 69 48 18 38 98 73 89 86 79 81 56 17 19 16 89 58 93 73 75
17 40 61 9 99 7 43 11 29 93 70 54 22 13 11 75 82 86 64 89 91 14 98 27 49 9 67 85 58 80
82 36 67 90 37 51 22 48 34 34 81 92 45 61 3 72 9 72 1 57 42 76 37 8 24 55 83 91 82 62
89 45 85 86 26 93 17 95 86 88 97 95 86 28 64 67 66 70 39 64 14 43 39 82 46 23 3 43 9 33
55 45 13 81 10 67 88 39 0 47 31 33 85 58 83 98 67 47 63 17 13 27 42 39 72 34 20 61 47 67
67 13 25 4 20 65 6 41 55 76 78 10 72 26 20 60 67 12 39 19 76 8 62 63 13 98 57 60 43 57
35 79 55 18 71 60 32 61 37 97 29 15 36 83 8 46 89 15 87 87 5 54 15 24 36 95 58 37 97 84
76 83 14 2 24 50 15 82 99 18 85 45 20 26 48 68 14 7 46 8 48 55 34 71 21 34 99 71 14 32
90 31 61 46 96 32 81 18 21 88 1 72 49 20 41 43 85 61 48 61 14 97 7 57 34 34 63 90 34 61
22 22 25 23 18 91 62 41 87 44 95 41 49 43 46 78 12 57 5 60 45 94 82 14 79 44 59 60 42 32
41 61 27 3 84 81 50 96 61 71 57 61 85 58 83 40 8 1 55 24 62 59 22 29 5 65 31 79 2 11
88 85 36 87 80 36 41 23 36 78 6 41 62 11 82 0 70 56 85 94 98 57 0 52 73 23 9 30 85 37
2 99 58 61 54 81 36 42 61 68 37 87 81 42 26 50 19 77 12 69 47 84 73 33 57 30 75 72 83 61
20 2 36 85 43 56 46 8 55 1 3 30 94 11 35 37 30 43 70 51 35 45 77 22 17 89 62 84 82 6
85 83 67 70 25 76 61 54 80 55 1 56 16 26 26 74 83 64 8 66 54 27 0 35 78 85 73 22 36 3
29 91 42 96 14 48 33 30 59 23 43 35 44 10 45 67 32 34 10 35 49 6 28 63 93 76 69 68 86 91
92 72 30 29 43 73 0 53 65 53 17 19 37 81 57 27 22 65 91 88 68 34 96 62 95 64 33 91 86 95
9 16 38 79 78 58 51 61 24 14 68 97 42 83 81 53 18 33 76 30 63 65 72 18 49 41 98 81 67 89
83 11 97 77 70 7 49 53 90 79 35 70 33 66 71 41 14 33 12 13 24 69 86 33 11 20 60 66 24 18
73 64 31 84 10 16 79 38 94 24 56 19 38 73 92 10 71 7 90 25 27 14 80 90 78 96 34 44 37 65
0 23 57 97 18 5 14 34 47 53 48 16 8 50 95 83 18 29 38 78 81 58 53 44 45 98 37 91 63 69
43 82 96 95 56 56 50 91 78 97 49 32 22 12 76 10 20 73 28 70 0 40 74 85 90 73 15 95 40 95
85 46 95 69 25 82 36 92 48 81 78 26 51 52 9 29 55 13 83 26 81 29 13 63 77 80 39 29 79 85
45 17 52 1 65 89 42 78 92 44 52 36 93 9 12 90 82 22 7 47 8 36 76 51 61 4 12 44 6 3

12484 12355 12494 6904 12315 13624 4301 3860 13690 12406 11384 4461 5359 1820 13315 13506 1411 7706 4116 12103 1250 13298 13304 13162 1433 11312 6584 2058 11463 11134

22943 18466 23100 9233 11433 1829 17900 4194 19629 19272 10276 12589 23480 11472 9925 13801 18758 17396 10702 10787 6715 14160 14469 23314 17496 3519 20218 7666 8584 19875

12 12 16 15 22 14 21 26 25 23 23 17 10 10 22 18 29 21 23 29 17 24 26 21 27 15 29 13 13 21 22 11 13 12 26 14 10 28 14 26 10 23 13 26 21 26 23 21 25 22 21 18 22 10 25 28 23 17 29 27 28 16 10 20 26 13 29 10 18 24 17 20 16 20 10

27 135 78 38 210 104 61 208 41 167 134 80 109 107 74 147 57 78 179 184 102 141 141 143 54 204 203 117 222 71
