75
30

28 53 69 97 31 68 89 81 96 21 30 90 85 38 77 51 54 53 73 3 11 36 93 92 25 5 80 75 8 5
35 50 83 22 77 17 7 64 34 36 13 16 94 37 93 65 57 0 35 45 55 6 83 41 26 39 91 76 79 68
78 42 56 60 13 55 4 96 89 71 8 80 52 56 28 89 19 16 70 71 73 34 67 15 31 64 48 46 28 69
36 98 64 23 83 97 89 1 47 42 39 28 75 66 54 64 22 12 18 44 43 69 23 7 32 45 39 66 88 59
38 19 46 12 16 3 83 32 96 32 7 26 15 68 80 80 30 35 25 85 88 55 36 85 54 72 79 69 84 6
55 60 88 32 56 70 28 85 55 26 39 41 91 77 63 27 46 48 54 40 35 98 67 99 34 96 54 60 42 24
36 44 37 64 15 92 71 41 36 20 25 23 37 49 8 88 25 36 77 30 73 21 9 51 39 79 56 65 26 26
58 7 56 36 2 25 19 53 47 7 19 9 50 54 29 97 74 11 32 27 55 21 96 96 57 56 27 43 47 40
93 50 70 75 97 36 99 32 71 42 98 59 95 1 17 35 71 50 9 59 9 28 43 54 2 54 43 34 99 89
84 56 93 33 25 49 5 99 55 10 8 62 91 0 29 91 42 69 34 98 38 6 73 68 84 96 36 59 88 20
61 62 74 33 82 1 75 6 18 76 77 20 34 89 47 45 23 25 71 45 8 52 90 88 33 73 0 50 12 47
66 57 65 59 52 79 34 3 78 89 65 17 53 58 19 70 44 17 26 97 80 36 1 48 98 0 89 67 92 58
8 29 5 1 5 20 83 85 39 12 93 99 70 73 48 57 3 27 12 52 27 49 73 4 35 46 3 1 36 73
43 94 72 89 89 18 14 39 63 30 4 23 88 98 45 88 10 86 91 57 37 97 55 72 87 95 53 28 46 7
58 13 12 71 18 84 56 84 71 54 17 78 54 56 32 10 99 11 63 50 56 28 61 10 85 5 85 42 12 0
76 99 33 7 42 35 27 45 0 88 94 55 99 80 31 53 2 20 29 83 15 88 38 82 78 58 33 35 62 61
88 92 47 15 32 72 53 70 49 75 68 28 46 77 93 72 95 80 78 72 27 49 50 78 44 36 38 21 56 98
42 59 73 56 14 58 15 27 44 95 98 52 63 15 30 5 13 75 20 28 44 73 76 49 33 31 48 78 47 90
53 79 79 24 78 69 42 88 38 85 96 67 58 28 41 70 93 74 3 99 2 10 90 90 51 22 9 97 92 71
63 66 68 10 56 32 30 31 95 28 47 61 68 75 78 26 15 23 22 66 36 37 51 61 10 52 19 7 3 59
84 52 2 60 85 73 86 47 73 65 47 62 81 67 0 48 77 45 50 18 48 10 15 68 94 42 2 48 41 40
19 37 1 29 30 97 29 97 12 16 68 17 72 35 69 13 11 49 39 55 69 8 43 86 72 60 76 36 72 28
67 55 40 88 85 87 73 10 70 60 7 72 94 58 53 52 36 8 99 77 14 2 46 58 23 22 71 64 61 50
25 2 44 85 30 4 48 81 8 44 18 89 73 35 48 81 74 80 96 60 43 66 23 3 12 43 44 92 3 17
27 14 77 43 5 63 33 12 65 41 67 55 28 59 42 12 41 3 26 46 57 75 0 88 52 51 53 50 6 21
89 43 70 83 44 84 81 19 70 77 83 70 40 10 92 94 75 93 4 65 4 38 19 56 9 49 52 9 8 76
49 82 82 52 5 32 48 19 92 80 45 99 13 46 67 87 51 64 63 58 84 30 7 7 72 7 87 93 46 18
72 29 58 95 61 40 63 63 17 1 49 74 41 13 33 18 46 75 82 92 28 68 47 87 40 61 1 29 31 99
21 87 94 29 57 31 39 88 92 0 82 48 60 26 18 92 91 10 28 72 8 44 19 73 74 44 11 72 83 21
17 80 31 4 78 5 16 7 56 63 57 90 79 35 20 61 19 42 99 19 19 91 92 39 19 10 64 37 35 73
84 81 3 88 98 27 83 0 44 90 81 20 41 4 50 1 19 99 64 8 39 16 82 52 42 41 35 99 32 24
31 56 67 6 25 10 12 87 22 64 93 94 14 97 43 37 41 43 39 63 56 69 57 44 30 88 4 66 9 48
13 85 20 76 83 91 97 67 29 91 63 61 57 83 86 19 81 5 1 22 53 70 74 40 69 22 35 43 71 76
9 50 57 24 30 46 78 29 17 19 73 17 29 65 75 69 55 98 88 51 86 57 28 39 79 74 58 39 21 70
74 80 34 83 31 70 95 44 88 12 58 60 34 19 97 60 23 11 9 31 17 39 56 30 21 86 11 57 72 59
69 35 89 40 14 14 21 75 52 6 43 29 76 19 71 22 99 43 24 18 69 1 34 56 75 83 84 25 90 13
28 22 13 15 33 62 6 94 29 12 41 30 63 71 7 65 7 25 22 19 40 48 82 77 27 16 12 20 57 69
16 1 9 37 41 97 64 4 99 58 73 80 11 74 64 23 63 97 37 2 7 8 78 5 25 14 98 51 42 4
77 29 66 16 68 90 98 78 85 68 11 31 90 1 11 58 50 72 38 56 19 98 51 37 84 44 8 53 66 22
42 61 69 16 1 90 21 38 82 67 39 10 89 21 35 20 98 62 20 1 8 15 80 33 5 46 48 67 66 21
70 9 96 77 54 36 59 89 54 13 47 86 12 30 10 23 77 5 32 29 63 93 24 83 14 2 73 85 3 24
67 30 63 19 93 98 42 97 58 17 19 19 99 64 32 77 81 18 5 49 79 60 62 28 20 8 82 69 16 16
22 15 8 80 18 78 24 33 37 5 95 12 37 35 2 44 70 52 39 72 24 66 9 19 92 86 9 70 12 75
49 11 22 88 15 55 23 41 86 50 34 61 49 50 94 13 73 79 37 0 50 38 57 96 96 30 19 45 83 89
99 34 41 54 61 38 44 25 84 82 83 80 22 69 77 40 43 78 84 31 89 17 10 55 43 1 19 79 3 80
14 16 7 32 17 38 40 10 82 47 24 1 20 12 79 29 15 31 8 28 61 77 22 46 44 46 38 67 63 11
93 67 55 43 65 31 56 69 3 98 43 64 84 19 9 99 80 39 81 4 74 36 86 1 76 80 8 23 17 2
17 34 35 78 35 96 70 62 91 63 33 42 72 4 21 83 66 53 87 98 70 78 0 46 94 0 31 59 87 82
71 40 73 15 62 86 67 34 87 35 11 47 59 32 45 80 10 62 12 47 57 99 59 9 6 79 77 81 10 73
95 5 9 36 30 84 4 58 42 57 46 29 59 59 49 7 65 95 42 48 71 17 40 39 3 86 83 26 79 64
80 59 78 61 55 71 91 31 79 65 30 97 47 99 31 48 16 53 68 33 28 59 75 57 76 8 38 35 89 53
1 77 48 2 8 3 52 46 62 7 0 73 81 25 54 71 82 73 13 5 18 68 93 34 58 24 98 99 78 20
47 0 97 61 64 38 90 72 61 88 57 23 70 47 26 45 1 48 17 6 37 48 6 56 81 35 60 35 32 0
19 38 49 79 77 66 21 48 57 94 58 48 92 51 87 51 73 98 89 3 99 29 25 12 58 42 52 49 24 68
95 0 35 24 55 75 5 56 52 65 72 80 39 98 88 27 40 47 12 62 84 85 43 33 59 79 26 57 84 86
0 63 97 85 81 48 89 50 0 4 34 67 29 30 13 34 73 44 7 95 12 51 21 14 22 22 60 77 92 15
73 80 41 19 40 39 89 17 44 35 35 92 85 84 48 26 10 78 75 58 64 54 22 13 2 85 61 12 93 84
69 19 31 88 5 98 17 46 74 71 83 38 38 17 67 91 84 38 76 72 32 85 75 82 71 32 95 67 40 27
65 26 99 56 86 89 55 21 16 88 28 90 30 37 93 85 83 13 17 22 73 84 84 3 97 35 65 32 36 1
95 4 26 76 54 1 87 87 60 72 14 44 25 87 82 87 36 11 78 25 60 21 83 4 75 51 79 67 93 67
30 1 15 90 67 57 35 13 95 10 90 94 83 92 17 12 1 14 60 25 39 47 53 61 2 45 55 27 65 31
23 31 46 58 45 44 21 41 73 38 94 8 24 92 84 11 36 51 14 19 12 65 96 50 67 55 45 46 79 91
87 77 1 53 21 32 85 35 65 47 29 6 79 54 43 32 74 76 95 25 19 74 93 80 21 54 3 5 43 66
5 66 71 56 54 98 62 58 88 42 15 42 94 36 68 48 33 40 98 59 85 93 79 27 61 31 27 24 91 94
46 91 97 33 37 15 89 66 39 46 63 58 32 44 87 31 93 8 85 4 98 33 77 48 24 98 24 89 72 77
92 95 20 27 23 35 93 1 91 93 93 78 73 84 19 17 58 80 3 81 95 73 3 70 22 20 52 82 51 38
52 76 95 64 48 6 58 75 44 58 28 53 28 9 36 33 20 74 88 58 65 33 64 55 39 38 52 73 29 46
60 71 10 35 19 46 31 82 78 20 84 31 43 54 20 69 25 28 21 78 84 28 63 55 96 22 21 5 76 11
86 30 26 92 27 14 13 68 86 33 65 95 0 61 64 40 8 59 67 6 51 37 87 35 99 63 2 5 56 36
84 69 23 50 80 16 29 22 57 47 48 60 8 87 71 89 93 92 1 57 45 11 82 12 64 14 91 95 95 95
46 97 47 21 6 91 7 69 83 17 58 83 70 89 98 43 69 52 17 26 73 11 95 1 27 8 15 82 75 11
95 47 83 50 13 77 70 16 44 90 98 6 55 63 20 67 31 72 57 87 99 94 68 44 8 42 40 82 66 46
4 97 27 74 52 56 12 82 14 60 86 25 25 44 15 61 86 66 8 44 91 32 83 84 94 53 31 14 20 36
75 95 48 61 18 51 29 75 53 17 7 29 81 35 59 32 37 34 70 81 36 89 19 19 93 20 29 7 65 6
7 24 31 7 93 35 1 15 84 65 24 99 84 6 32 88 34 23 46 29 94 32 25 99 82 80 33 64 15 49

59 29 50 34 37 97 2 28 7 2 21 85 85 97 69 79 5 25 89 42 22 50 33 70 62 72 27 65 3 85
61 23 89 11 63 27 20 29 13 11 41 79 6 5 55 2 52 56 19 56 94 23 92 13 72 58 54 30 55 31
9 46 44 77 48 55 87 36 28 42 85 58 92 4 63 65 45 73 42 96 49 19 44 86 16 11 95 48 2 46
25 62 25 89 79 86 81 74 84 52 11 61 28 98 50 59 64 59 65 47 32 25 61 50 63 16 3 78 16 52
91 1 49 19 97 37 39 35 28 80 92 4 86 83 10 75 43 75 13 68 44 83 21 33 16 88 55 33 28 26
4 94 47 25 71 49 86 36 99 69 20 85 30 53 38 80 51 43 44 31 42 57 27 65 14 71 65 65 5 93
35 36 83 7 39 97 64 88 69 56 41 91 78 97 97 99 18 95 28 66 69 53 14 79 76 0 17 48 53 16
74 87 34 65 30 37 77 42 28 54 43 92 51 70 19 23 71 78 45 49 70 19 75 18 20 70 69 19 45 38
15 73 8 45 2 43 79 39 15 36 97 54 22 59 17 32 50 70 11 59 6 31 63 90 59 50 83 55 5 74
15 72 80 64 28 30 84 74 17 80 48 2 32 79 34 99 36 65 70 41 53 51 54 7 47 75 65 21 53 43
97 43 49 46 69 19 38 42 92 33 87 39 13 12 24 7 28 75 7 20 72 40 16 95 8 15 17 82 75 53
12 29 75 26 73 13 94 65 19 16 6 72 85 3 90 87 94 2 68 75 34 6 38 67 97 71 57 68 21 32
16 15 71 97 89 48 21 89 61 27 34 25 70 13 62 73 1 94 92 12 37 9 27 95 45 22 72 93 56 51
64 53 54 26 70 12 2 56 28 51 67 28 24 77 99 55 26 60 10 52 0 73 32 11 99 19 62 4 97 12
26 22 5 88 0 50 79 28 99 20 34 37 1 92 10 14 74 67 37 83 22 26 26 7 70 40 68 70 49 8
10 15 57 14 56 87 7 4 98 85 78 36 87 45 44 38 94 16 41 93 10 78 87 29 11 21 85 76 57 2
59 29 26 24 5 32 85 15 68 51 57 8 56 21 36 34 71 86 56 0 16 51 17 86 95 25 24 9 26 23
95 32 36 62 40 98 94 56 16 45 22 2 14 8 68 16 37 26 48 54 56 16 82 32 82 62 79 24 63 49
62 10 14 33 17 97 27 31 14 37 25 62 45 17 59 82 65 85 49 0 32 57 35 51 87 99 85 71 13 86
59 6 78 87 51 45 32 25 43 54 24 3 46 61 60 5 11 13 16 18 36 0 74 10 13 30 48 91 60 90
15 18 69 32 76 31 47 63 3 34 23 32 48 52 63 50 29 24 17 71 6 25 69 29 17 26 88 11 49 18
96 7 44 77 81 64 74 38 50 46 42 13 79 68 79 57 20 46 59 77 55 10 37 41 20 51 95 16 40 90
40 65 38 18 2 67 14 24 9 30 10 16 55 45 8 0 76 64 12 78 96 20 34 72 31 24 69 91 34 90
29 97 41 91 83 33 31 41 14 21 36 54 83 51 42 15 81 3 67 94 89 85 31 55 90 82 24 58 98 35
55 56 91 1 35 26 85 72 19 2 59 51 25 76 31 93 91 6 53 85 44 39 59 17 94 32 91 55 70 46
95 29 69 20 46 3 76 76 52 66 93 99 55 94 63 90 18 45 85 99 56 94 69 66 79 37 62 51 33 88
43 17 54 83 78 88 91 42 83 18 46 58 24 30 40 17 57 10 13 71 99 72 3 12 71 14 66 16 49 60
43 66 29 24 72 64 79 64 5 95 44 5 84 99 23 43 80 72 27 76 93 93 99 3 88 55 44 98 89 38
15 53 77 60 35 42 49 3 59 48 43 71 11 61 39 53 46 32 70 97 16 50 36 99 44 69 81 79 52 5
73 97 60 77 20 27 85 71 94 90 98 43 44 17 7 86 36 96 89 41 35 18 77 17 26 33 86 45 34 71
24 94 95 98 27 24 88 8 18 32 17 77 69 45 24 16 20 51 58 12 92 63 33 45 87 87 52 4 68 2
80 60 57 99 91 57 1 34 26 33 92 72 35 76 35 53 79 87 5 2 40 99 35 38 47 74 36 92 7 78
24 13 28 5 15 29 48 1 9 99 10 15 83 59 68 61 55 63 85 84 85 57 73 64 42 56 91 88 32 88
90 86 84 48 71 4 30 62 9 69 21 56 43 55 81 87 41 66 75 68 97 97 50 10 2 25 78 53 12 54
1 55 3 16 66 74 78 92 1 54 71 9 49 93 59 39 97 72 86 88 38 61 53 54 58 26 27 12 51 15
81 27 85 95 53 20 84 60 1 36 92 31 89 81 46 43 24 40 56 53 36 81 76 33 65 16 32 44 3 65
12 78 4 48 45 36 53 10 40 69 68 44 38 96 67 56 9 92 29 15 1 94 31 64 15 73 30 82 65 76
40 35 52 23 14 41 57 27 20 59 31 66 89 55 38 22 68 15 75 70 99 8 95 81 15 14 72 70 21 87
14 10 1 85 5 82 73 19 16 40 75 99 47 12 54 48 59 56 9 51 26 58 87 49 13 23 38 72 58 10
93 99 7 5 5 87 49 35 75 81 34 74 44 26 68 69 32 35 36 22 61 69 83 86 75 55 52 56 52 36
72 77 79 26 35 92 26 26 1 10 43 9 38 47 58 96 66 95 71 66 71 12 49 81 11 30 75 27 24 34
16 68 11 54 93 10 60 80 92 97 23 83 27 75 75 4 53 24 7 47 99 25 33 96 54 15 18 17 30 52
58 39 93 89 60 24 29 28 8 48 86 5 18 80 11 32 8 11 69 88 49 82 26 33 57 14 12 5 52 19
11 6 0 74 50 84 98 66 59 94 74 49 45 68 30 73 5 24 17 58 52 27 41 54 38 48 47 82 11 1
6 61 20 46 15 66 60 95 95 58 35 59 21 10 62 13 48 85 52 78 99 61 50 39 24 15 2 63 73 89
97 59 11 14 87 19 84 66 0 27 13 79 90 9 77 31 83 80 1 85 21 7 69 55 17 86 33 17 67 5
74 96 69 49 45 96 74 57 4 48 51 47 10 3 37 64 39 85 9 17 61 94 14 11 59 2 14 88 94 9
59 41 53 38 81 52 25 75 71 77 92 9 0 80 30 3 66 83 70 21 99 85 42 77 60 75 18 86 4 27
24 39 83 70 83 25 41 57 11 69 98 81 79 70 38 14 14 53 48 59 0 58 61 57 99 50 21 71 11 14
55 47 35 54 27 29 4 38 13 69 6 42 5 61 15 76 61 98 93 22 36 22 27 89 63 14 32 79 85 56
23 18 40 51 30 99 57 91 20 33 14 98 53 6 72 90 68 94 68 42 92 81 59 38 17 84 23 50 81 74
72 73 54 51 37 5 2 16 17 63 7 40 18 70 40 25 7 30 21 16 66 15 25 96 28 7 1 82 18 70
29 97 31 51 20 93 28 33 39 49 33 92 4 61 52 19 96 8 50 29 76 56 64 49 2 34 33 68 79 97
78 88 1 57 40 6 59 43 1 24 21 36 10 56 20 71 98 91 90 13 69 19 51 52 76 36 22 59 45 93
17 18 85 31 63 12 9 39 20 28 47 24 18 17 33 73 30 21 93 43 38 48 62 19 82 65 21 30 78 33
11 92 50 5 80 36 25 69 75 36 75 95 64 43 95 29 66 94 76 32 28 41 93 68 58 34 22 82 24 45
55 19 62 11 77 93 57 52 39 81 6 71 8 16 51 50 6 7 53 8 67 2 49 66 55 77 15 56 41 9
13 55 29 76 5 29 68 90 63 36 98 53 0 2 25 86 16 76 1 85 17 38 81 0 57 7 61 28 18 61
26 79 22 97 70 62 31 65 57 78 2 60 39 35 83 74 45 23 68 11 19 96 62 46 61 69 7 63 95 20
86 12 81 48 87 67 39 34 7 71 47 11 32 5 38 28 13 19 6 70 23 10 93 70 70 26 19 26 11 46
81 4 66 57 29 93 52 25 89 46 80 36 7 17 66 61 17 80 77 52 65 92 1 84 47 38 6 11 32 61
32 80 85 76 33 32 7 17 65 87 67 53 79 86 75 99 70 33 38 88 89 76 93 78 26 8 98 25 11 68
46 37 90 96 15 84 93 56 72 46 76 35 9 6 11 80 54 32 66 33 6 97 98 80 79 40 29 18 55 60
6 2 74 91 59 39 22 21 83 37 98 28 43 9 46 56 62 16 16 63 32 86 66 1 77 39 32 14 42 9
18 65 95 52 95 33 70 65 99 31 68 67 74 36 28 10 0 52 99 27 99 16 98 29 10 43 32 12 74 58
5 39 82 65 59 93 57 48 4 39 82 4 43 23 8 66 95 2 86 40 69 80 8 85 50 7 66 12 99 47
46 57 60 26 32 81 57 38 73 92 0 39 47 82 34 72 24 37 17 7 10 66 98 81 17 40 30 79 10 47
41 75 8 15 57 49 45 33 33 34 25 97 52 52 14 51 93 62 66 92 67 10 70 75 91 71 66 23 32 12
56 37 54 14 35 62 47 47 92 38 5 64 62 65 7 78 44 49 6 30 91 98 28 57 59 9 33 25 61 50
6 86 62 18 62 70 19 51 89 22 34 14 75 48 0 76 67 26 42 61 87 99 77 43 82 54 58 10 91 56
77 10 57 91 29 73 18 32 70 59 44 35 25 77 22 41 20 79 90 17 53 20 79 76 16 41 20 67 44 16
8 12 55 65 45 29 98 35 5 75 15 84 80 10 12 39 5 35 75 99 87 83 67 8 55 55 19 28 37 27
83 65 8 78 5 53 84 11 53 86 37 63 99 52 67 29 34 13 65 57 80 34 25 66 12 57 19 16 15 65
30 20 36 94 97 74 2 82 42 62 22 55 56 43 83 7 82 38 21 9 20 69 20 56 25 20 62 44 3 26
47 35 3 98 54 38 58 56 89 35 43 14 72 20 36 49 46 20 6 41 97 36 68 71 47 8 62 10 31 98

12484 12355 12494 6904 12315 13624 4301 3860 13690 12406 11384 4461 5359 1820 13315 13506 1411 7706 4116 12103 1250 13298 13304 13162 1433 11312 6584 2058 11463 11134

7620 1395 9866 9760 9715 9047 5239 4853 6939 10054 5030 5360 1535 9865 3937 8982 8846 9823 7051 6450 2981 8701 8789 4834 6477 9080 8489 1726 7075 1363

12 12 16 15 22 14 21 26 25 23 23 17 10 10 22 18 29 21 23 29 17 24 26 21 27 15 29 13 13 21 22 11 13 12 26 14 10 28 14 26 10 23 13 26 21 26 23 21 25 22 21 18 22 10 25 28 23 17 29 27 28 16 10 20 26 13 29 10 18 24 17 20 16 20 10

27 135 78 38 210 104 61 208 41 167 134 80 109 107 74 147 57 78 179 184 102 141 141 143 54 204 203 117 222 71
