75
30

28 53 69 97 31 68 89 81 96 21 30 90 85 38 77 51 54 53 73 3 11 36 93 92 25 5 80 75 8 5
35 50 83 22 77 17 7 64 34 36 13 16 94 37 93 65 57 0 35 45 55 6 83 41 26 39 91 76 79 68
78 42 56 60 13 55 4 96 89 71 8 80 52 56 28 89 19 16 70 71 73 34 67 15 31 64 48 46 28 69
36 98 64 23 83 97 89 1 47 42 39 28 75 66 54 64 22 12 18 44 43 69 23 7 32 45 39 66 88 59
38 19 46 12 16 3 83 32 96 32 7 26 15 68 80 80 30 35 25 85 88 55 36 85 54 72 79 69 84 6
55 60 88 32 56 70 28 85 55 26 39 41 91 77 63 27 46 48 54 40 35 98 67 99 34 96 54 60 42 24
36 44 37 64 15 92 71 41 36 20 25 23 37 49 8 88 25 36 77 30 73 21 9 51 39 79 56 65 26 26
58 7 56 36 2 25 19 53 47 7 19 9 50 54 29 97 74 11 32 27 55 21 96 96 57 56 27 43 47 40
93 50 70 75 97 36 99 32 71 42 98 59 95 1 17 35 71 50 9 59 9 28 43 54 2 54 43 34 99 89
84 56 93 33 25 49 5 99 55 10 8 62 91 0 29 91 42 69 34 98 38 6 73 68 84 96 36 59 88 20
61 62 74 33 82 1 75 6 18 76 77 20 34 89 47 45 23 25 71 45 8 52 90 88 33 73 0 50 12 47
66 57 65 59 52 79 34 3 78 89 65 17 53 58 19 70 44 17 26 97 80 36 1 48 98 0 89 67 92 58
8 29 5 1 5 20 83 85 39 12 93 99 70 73 48 57 3 27 12 52 27 49 73 4 35 46 3 1 36 73
43 94 72 89 89 18 14 39 63 30 4 23 88 98 45 88 10 86 91 57 37 97 55 72 87 95 53 28 46 7
58 13 12 71 18 84 56 84 71 54 17 78 54 56 32 10 99 11 63 50 56 28 61 10 85 5 85 42 12 0
76 99 33 7 42 35 27 45 0 88 94 55 99 80 31 53 2 20 29 83 15 88 38 82 78 58 33 35 62 61
88 92 47 15 32 72 53 70 49 75 68 28 46 77 93 72 95 80 78 72 27 49 50 78 44 36 38 21 56 98
42 59 73 56 14 58 15 27 44 95 98 52 63 15 30 5 13 75 20 28 44 73 76 49 33 31 48 78 47 90
53 79 79 24 78 69 42 88 38 85 96 67 58 28 41 70 93 74 3 99 2 10 90 90 51 22 9 97 92 71
63 66 68 10 56 32 30 31 95 28 47 61 68 75 78 26 15 23 22 66 36 37 51 61 10 52 19 7 3 59
84 52 2 60 85 73 86 47 73 65 47 62 81 67 0 48 77 45 50 18 48 10 15 68 94 42 2 48 41 40
19 37 1 29 30 97 29 97 12 16 68 17 72 35 69 13 11 49 39 55 69 8 43 86 72 60 76 36 72 28
67 55 40 88 85 87 73 10 70 60 7 72 94 58 53 52 36 8 99 77 14 2 46 58 23 22 71 64 61 50
25 2 44 85 30 4 48 81 8 44 18 89 73 35 48 81 74 80 96 60 43 66 23 3 12 43 44 92 3 17
27 14 77 43 5 63 33 12 65 41 67 55 28 59 42 12 41 3 26 46 57 75 0 88 52 51 53 50 6 21
89 43 70 83 44 84 81 19 70 77 83 70 40 10 92 94 75 93 4 65 4 38 19 56 9 49 52 9 8 76
49 82 82 52 5 32 48 19 92 80 45 99 13 46 67 87 51 64 63 58 84 30 7 7 72 7 87 93 46 18
72 29 58 95 61 40 63 63 17 1 49 74 41 13 33 18 46 75 82 92 28 68 47 87 40 61 1 29 31 99
21 87 94 29 57 31 39 88 92 0 82 48 60 26 18 92 91 10 28 72 8 44 19 73 74 44 11 72 83 21
17 80 31 4 78 5 16 7 56 63 57 90 79 35 20 61 19 42 99 19 19 91 92 39 19 10 64 37 35 73
84 81 3 88 98 27 83 0 44 90 81 20 41 4 50 1 19 99 64 8 39 16 82 52 42 41 35 99 32 24
31 56 67 6 25 10 12 87 22 64 93 94 14 97 43 37 41 43 39 63 56 69 57 44 30 88 4 66 9 48
13 85 20 76 83 91 97 67 29 91 63 61 57 83 86 19 81 5 1 22 53 70 74 40 69 22 35 43 71 76
9 50 57 24 30 46 78 29 17 19 73 17 29 65 75 69 55 98 88 51 86 57 28 39 79 74 58 39 21 70
74 80 34 83 31 70 95 44 88 12 58 60 34 19 97 60 23 11 9 31 17 39 56 30 21 86 11 57 72 59
69 35 89 40 14 14 21 75 52 6 43 29 76 19 71 22 99 43 24 18 69 1 34 56 75 83 84 25 90 13
28 22 13 15 33 62 6 94 29 12 41 30 63 71 7 65 7 25 22 19 40 48 82 77 27 16 12 20 57 69
16 1 9 37 41 97 64 4 99 58 73 80 11 74 64 23 63 97 37 2 7 8 78 5 25 14 98 51 42 4
77 29 66 16 68 90 98 78 85 68 11 31 90 1 11 58 50 72 38 56 19 98 51 37 84 44 8 53 66 22
42 61 69 16 1 90 21 38 82 67 39 10 89 21 35 20 98 62 20 1 8 15 80 33 5 46 48 67 66 21
70 9 96 77 54 36 59 89 54 13 47 86 12 30 10 23 77 5 32 29 63 93 24 83 14 2 73 85 3 24
67 30 63 19 93 98 42 97 58 17 19 19 99 64 32 77 81 18 5 49 79 60 62 28 20 8 82 69 16 16
22 15 8 80 18 78 24 33 37 5 95 12 37 35 2 44 70 52 39 72 24 66 9 19 92 86 9 70 12 75
49 11 22 88 15 55 23 41 86 50 34 61 49 50 94 13 73 79 37 0 50 38 57 96 96 30 19 45 83 89
99 34 41 54 61 38 44 25 84 82 83 80 22 69 77 40 43 78 84 31 89 17 10 55 43 1 19 79 3 80
14 16 7 32 17 38 40 10 82 47 24 1 20 12 79 29 15 31 8 28 61 77 22 46 44 46 38 67 63 11
93 67 55 43 65 31 56 69 3 98 43 64 84 19 9 99 80 39 81 4 74 36 86 1 76 80 8 23 17 2
17 34 35 78 35 96 70 62 91 63 33 42 72 4 21 83 66 53 87 98 70 78 0 46 94 0 31 59 87 82
71 40 73 15 62 86 67 34 87 35 11 47 59 32 45 80 10 62 12 47 57 99 59 9 6 79 77 81 10 73
95 5 9 36 30 84 4 58 42 57 46 29 59 59 49 7 65 95 42 48 71 17 40 39 3 86 83 26 79 64
80 59 78 61 55 71 91 31 79 65 30 97 47 99 31 48 16 53 68 33 28 59 75 57 76 8 38 35 89 53
1 77 48 2 8 3 52 46 62 7 0 73 81 25 54 71 82 73 13 5 18 68 93 34 58 24 98 99 78 20
47 0 97 61 64 38 90 72 61 88 57 23 70 47 26 45 1 48 17 6 37 48 6 56 81 35 60 35 32 0
19 38 49 79 77 66 21 48 57 94 58 48 92 51 87 51 73 98 89 3 99 29 25 12 58 42 52 49 24 68
95 0 35 24 55 75 5 56 52 65 72 80 39 98 88 27 40 47 12 62 84 85 43 33 59 79 26 57 84 86
0 63 97 85 81 48 89 50 0 4 34 67 29 30 13 34 73 44 7 95 12 51 21 14 22 22 60 77 92 15
73 80 41 19 40 39 89 17 44 35 35 92 85 84 48 26 10 78 75 58 64 54 22 13 2 85 61 12 93 84
69 19 31 88 5 98 17 46 74 71 83 38 38 17 67 91 84 38 76 72 32 85 75 82 71 32 95 67 40 27
65 26 99 56 86 89 55 21 16 88 28 90 30 37 93 85 83 13 17 22 73 84 84 3 97 35 65 32 36 1
95 4 26 76 54 1 87 87 60 72 14 44 25 87 82 87 36 11 78 25 60 21 83 4 75 51 79 67 93 67
30 1 15 90 67 57 35 13 95 10 90 94 83 92 17 12 1 14 60 25 39 47 53 61 2 45 55 27 65 31
23 31 46 58 45 44 21 41 73 38 94 8 24 92 84 11 36 51 14 19 12 65 96 50 67 55 45 46 79 91
87 77 1 53 21 32 85 35 65 47 29 6 79 54 43 32 74 76 95 25 19 74 93 80 21 54 3 5 43 66
5 66 71 56 54 98 62 58 88 42 15 42 94 36 68 48 33 40 98 59 85 93 79 27 61 31 27 24 91 94
46 91 97 33 37 15 89 66 39 46 63 58 32 44 87 31 93 8 85 4 98 33 77 48 24 98 24 89 72 77
92 95 20 27 23 35 93 1 91 93 93 78 73 84 19 17 58 80 3 81 95 73 3 70 22 20 52 82 51 38
52 76 95 64 48 6 58 75 44 58 28 53 28 9 36 33 20 74 88 58 65 33 64 55 39 38 52 73 29 46
60 71 10 35 19 46 31 82 78 20 84 31 43 54 20 69 25 28 21 78 84 28 63 55 96 22 21 5 76 11
86 30 26 92 27 14 13 68 86 33 65 95 0 61 64 40 8 59 67 6 51 37 87 35 99 63 2 5 56 36
84 69 23 50 80 16 29 22 57 47 48 60 8 87 71 89 93 92 1 57 45 11 82 12 64 14 91 95 95 95
46 97 47 21 6 91 7 69 83 17 58 83 70 89 98 43 69 52 17 26 73 11 95 1 27 8 15 82 75 11
95 47 83 50 13 77 70 16 44 90 98 6 55 63 20 67 31 72 57 87 99 94 68 44 8 42 40 82 66 46
4 97 27 74 52 56 12 82 14 60 86 25 25 44 15 61 86 66 8 44 91 32 83 84 94 53 31 14 20 36
75 95 48 61 18 51 29 75 53 17 7 29 81 35 59 32 37 34 70 81 36 89 19 19 93 20 29 7 65 6
7 24 31 7 93 35 1 15 84 65 24 99 84 6 32 88 34 23 46 29 94 32 25 99 82 80 33 64 15 49

97 91 91 69 87 76 24 3 78 67 91 83 92 29 15 3 48 9 83 28 78 4 65 34 26 82 27 56 52 73
50 35 70 75 49 97 72 10 49 6 7 57 85 60 46 21 12 50 30 29 41 70 86 65 60 65 66 67 73 57
34 70 96 75 14 56 79 85 63 41 37 4 49 24 22 26 36 64 64 3 98 68 60 74 41 3 92 6 79 69
3 10 97 89 59 42 15 6 84 2 18 4 31 86 16 65 48 58 60 62 29 53 24 33 68 14 23 78 71 38
33 95 67 72 33 32 39 97 77 22 69 78 84 33 57 75 83 50 65 46 57 67 95 77 94 56 98 27 99 47
85 77 64 27 66 14 78 52 61 83 21 20 44 5 2 60 16 32 94 21 27 91 11 79 78 37 12 93 89 9
32 68 1 78 74 20 59 18 11 47 83 32 85 44 26 34 3 16 93 51 61 96 45 4 43 49 26 82 1 23
82 18 74 95 69 28 33 3 59 74 51 68 91 60 24 58 34 81 13 31 49 67 61 65 84 7 22 73 14 47
98 47 26 73 71 82 15 53 77 76 33 85 61 10 2 71 10 52 92 18 48 31 28 45 41 90 64 34 56 97
49 53 61 92 72 54 61 81 47 14 11 15 2 66 46 19 61 51 34 37 30 81 16 44 50 90 12 9 58 28
94 17 67 5 62 5 76 1 74 42 52 7 5 70 44 41 52 88 44 77 1 50 82 66 20 94 19 42 55 32
95 46 31 75 33 97 92 60 1 17 33 15 96 65 99 61 89 46 69 60 57 8 36 50 87 31 52 4 16 77
16 43 60 52 1 62 42 7 58 53 13 64 51 45 25 57 97 84 23 27 28 26 34 91 79 19 88 93 98 96
1 5 11 99 90 25 82 19 19 99 84 3 81 64 35 80 67 87 73 9 88 42 1 24 41 58 90 63 33 32
36 88 16 75 19 31 78 52 93 33 19 24 14 52 82 4 84 63 26 96 67 77 78 59 5 42 71 27 44 12
75 87 35 0 81 70 90 43 73 32 96 42 26 17 6 67 95 28 89 37 88 60 85 5 43 57 98 16 48 3
33 18 72 59 57 49 96 10 40 12 77 75 94 30 53 1 35 37 6 42 33 43 17 92 3 81 89 27 79 30
27 76 67 58 85 10 58 49 42 49 51 89 45 1 33 31 45 84 97 76 3 14 91 19 60 40 61 69 75 71
90 16 90 21 74 33 81 63 82 15 78 80 74 0 92 43 3 27 74 60 1 19 82 72 32 5 39 88 68 4
14 0 16 58 52 1 98 64 33 1 69 58 42 28 26 40 82 43 33 49 44 9 75 28 41 5 14 36 60 56
1 96 76 37 83 83 54 63 0 99 15 70 49 89 55 58 91 83 37 55 95 75 87 97 65 85 83 63 89 48
5 1 2 29 84 17 61 70 69 42 58 8 10 74 46 17 15 69 21 72 33 42 5 33 65 75 32 98 17 57
2 72 40 15 82 58 16 85 59 45 99 58 70 85 2 80 75 50 0 96 35 26 0 82 20 98 71 82 56 95
55 60 89 42 6 25 18 13 5 96 31 85 77 16 47 45 81 15 43 92 69 9 20 37 24 59 39 95 27 42
34 32 16 4 78 87 26 96 54 97 39 17 72 11 63 7 20 31 44 69 49 49 58 16 27 68 44 72 2 97
83 63 80 85 21 82 90 35 4 27 4 89 60 27 19 96 50 10 36 5 89 89 86 23 86 59 79 60 55 29
94 23 20 41 24 55 98 51 38 13 22 55 45 36 64 14 53 60 57 87 60 55 21 87 37 16 49 17 62 23
6 49 41 45 51 59 14 66 78 24 27 48 41 51 24 64 3 77 95 72 36 90 74 91 49 34 78 26 25 6
31 43 1 61 9 80 14 83 17 65 98 80 53 62 3 22 54 70 84 28 8 49 67 52 76 48 86 62 78 53
69 75 8 79 99 8 11 94 81 66 14 23 98 56 7 78 29 13 16 22 68 87 0 57 60 95 84 84 52 63
97 92 19 11 83 63 13 42 96 2 50 49 5 35 25 49 70 17 21 3 58 67 70 88 19 10 55 27 29 79
68 92 88 38 89 37 11 1 11 24 61 68 53 57 8 18 28 21 16 97 59 8 95 21 61 74 55 69 20 41
63 39 63 63 96 85 75 11 18 71 16 30 41 3 46 0 56 13 63 90 10 37 4 79 9 74 65 99 40 47
55 16 54 90 69 54 57 24 54 28 92 27 5 43 16 67 21 76 0 86 90 38 12 52 95 3 49 92 62 28
50 3 89 17 85 84 24 99 1 47 78 18 92 94 10 61 7 68 95 68 10 24 74 9 70 56 52 3 31 12
88 38 3 43 81 95 60 96 69 98 50 40 84 47 44 72 18 89 76 65 16 45 71 38 82 4 28 64 76 40
41 44 30 16 56 26 17 87 98 25 50 9 16 92 85 18 39 33 71 45 30 62 63 62 85 64 90 88 20 85
44 8 27 74 33 61 13 54 17 17 34 91 20 51 7 88 76 69 37 24 64 58 16 13 43 59 73 60 76 86
74 30 16 38 9 59 94 80 16 82 27 93 24 40 33 5 19 13 30 73 65 65 49 67 23 21 94 65 72 8
23 84 8 7 30 98 72 31 69 95 51 10 26 9 37 41 51 12 43 47 0 42 17 48 30 23 84 36 82 90
37 13 19 29 34 22 5 90 68 95 63 35 46 90 18 47 62 86 39 75 62 73 19 20 53 40 69 87 72 58
4 36 39 4 56 30 54 81 38 53 18 29 40 44 73 19 43 73 3 89 66 58 49 69 1 90 2 82 79 32
5 34 87 84 66 33 32 54 66 87 8 62 7 85 17 74 42 44 64 41 84 90 7 84 72 14 38 70 60 87
31 40 40 60 87 8 25 75 50 31 56 43 70 29 89 88 65 88 9 60 79 87 43 52 43 39 90 82 1 13
89 41 49 7 79 81 89 62 40 30 14 53 4 47 63 0 87 37 12 62 70 12 13 38 38 59 55 69 53 50
42 10 19 5 11 37 64 89 10 90 49 20 38 71 83 0 2 57 89 3 39 80 65 90 22 3 43 21 34 81
5 90 94 85 46 13 52 46 80 27 93 19 12 90 36 97 58 98 84 19 49 32 81 40 75 37 89 79 48 71
73 43 81 74 67 1 36 71 59 61 55 83 15 65 3 11 31 5 84 37 86 41 92 44 30 49 23 41 31 48
62 64 70 84 10 71 52 55 19 62 76 21 57 97 78 27 13 75 46 30 11 12 62 13 6 30 31 25 75 40
91 78 11 80 27 94 11 49 20 80 94 38 0 75 0 55 19 92 52 98 13 67 79 14 49 62 49 56 83 98
38 19 44 24 37 23 53 25 95 76 20 47 27 27 84 81 36 92 0 32 45 20 66 72 21 36 61 50 46 62
41 8 62 12 93 25 0 18 58 87 68 17 83 59 51 31 35 11 62 91 16 5 38 3 44 62 64 65 93 76
88 60 15 7 40 4 71 8 78 15 61 53 25 36 18 59 66 23 15 47 16 85 89 54 90 35 92 16 24 91
20 73 33 36 70 56 5 24 43 85 64 87 82 58 56 94 15 24 39 52 39 81 78 54 72 11 78 25 59 73
11 0 95 12 8 51 23 29 35 53 0 53 70 32 48 95 41 52 43 67 4 38 80 17 71 28 49 90 99 7
98 33 27 75 53 99 5 36 48 10 48 18 65 97 24 68 90 21 53 69 50 38 65 77 62 69 60 82 31 94
65 38 67 57 67 1 7 77 86 99 74 94 5 96 90 87 73 41 43 51 57 2 64 20 88 36 67 64 51 44
61 11 4 97 29 67 16 59 50 22 77 18 82 86 8 13 57 77 80 16 48 64 11 8 95 35 11 58 30 36
94 87 9 14 63 89 53 46 52 29 55 50 73 48 12 4 4 41 78 10 24 84 49 98 63 40 28 41 36 57
40 35 80 34 79 62 7 40 9 37 47 90 75 9 36 16 54 75 79 3 94 14 3 59 96 51 57 52 33 29
35 21 42 17 43 56 0 2 16 2 76 46 64 19 41 87 94 21 57 39 64 68 76 1 33 79 43 85 25 94
55 29 44 13 36 53 58 73 33 65 89 47 35 37 56 90 67 4 46 37 21 45 30 56 25 72 43 3 51 20
95 17 22 5 68 68 75 21 43 52 70 68 40 75 72 39 73 78 43 18 53 11 2 53 90 34 70 12 84 17
81 38 83 67 41 59 81 94 68 15 59 10 29 16 3 5 78 38 52 55 41 23 46 64 13 35 2 17 72 92
22 27 3 83 2 92 97 26 20 75 78 34 7 12 62 96 27 82 50 83 26 92 11 49 23 89 18 74 64 69
21 70 39 66 89 58 52 36 56 80 92 65 23 94 33 71 47 85 79 73 86 83 17 58 86 61 49 54 37 62
16 3 35 88 37 86 18 29 30 43 63 28 71 94 76 16 22 49 94 43 43 70 94 9 44 20 74 60 56 0
46 6 40 80 65 77 33 67 72 21 22 55 45 16 97 63 65 37 4 55 41 19 20 88 82 92 12 45 66 84
44 41 75 19 63 9 88 50 62 9 38 21 8 12 6 23 79 50 71 2 50 49 58 44 30 64 64 25 23 96
32 6 79 64 8 28 50 48 13 10 77 38 8 78 59 52 30 66 91 4 31 68 72 37 42 38 7 61 61 60
70 37 22 36 95 32 84 70 12 3 78 43 45 1 78 98 38 12 83 97 76 47 36 2 27 76 21 7 5 62
96 11 36 29 63 18 92 77 97 94 0 28 52 22 55 71 50 53 1 29 7 4 43 75 34 83 12 68 53 40
93 77 97 55 0 33 66 35 40 9 95 58 7 28 31 6 9 42 30 72 97 36 26 12 70 59 24 0 66 66
26 14 59 37 98 26 29 5 19 2 72 9 81 32 70 53 42 40 29 33 27 48 66 65 44 79 99 42 61 55
72 71 57 93 7 97 37 23 85 2 89 72 92 31 14 98 66 4 44 55 51 85 58 32 39 48 45 4 43 39

12484 12355 12494 6904 12315 13624 4301 3860 13690 12406 11384 4461 5359 1820 13315 13506 1411 7706 4116 12103 1250 13298 13304 13162 1433 11312 6584 2058 11463 11134

3455 15537 9015 1899 16746 8298 5213 6813 9293 5708 4705 6636 8959 10547 1900 5309 11276 6744 7273 10767 13790 12116 10624 13881 12755 10494 16589 8417 10302 9647

12 12 16 15 22 14 21 26 25 23 23 17 10 10 22 18 29 21 23 29 17 24 26 21 27 15 29 13 13 21 22 11 13 12 26 14 10 28 14 26 10 23 13 26 21 26 23 21 25 22 21 18 22 10 25 28 23 17 29 27 28 16 10 20 26 13 29 10 18 24 17 20 16 20 10

27 135 78 38 210 104 61 208 41 167 134 80 109 107 74 147 57 78 179 184 102 141 141 143 54 204 203 117 222 71
