75
30

59 29 50 34 37 97 2 28 7 2 21 85 85 97 69 79 5 25 89 42 22 50 33 70 62 72 27 65 3 85
61 23 89 11 63 27 20 29 13 11 41 79 6 5 55 2 52 56 19 56 94 23 92 13 72 58 54 30 55 31
9 46 44 77 48 55 87 36 28 42 85 58 92 4 63 65 45 73 42 96 49 19 44 86 16 11 95 48 2 46
25 62 25 89 79 86 81 74 84 52 11 61 28 98 50 59 64 59 65 47 32 25 61 50 63 16 3 78 16 52
91 1 49 19 97 37 39 35 28 80 92 4 86 83 10 75 43 75 13 68 44 83 21 33 16 88 55 33 28 26
4 94 47 25 71 49 86 36 99 69 20 85 30 53 38 80 51 43 44 31 42 57 27 65 14 71 65 65 5 93
35 36 83 7 39 97 64 88 69 56 41 91 78 97 97 99 18 95 28 66 69 53 14 79 76 0 17 48 53 16
74 87 34 65 30 37 77 42 28 54 43 92 51 70 19 23 71 78 45 49 70 19 75 18 20 70 69 19 45 38
15 73 8 45 2 43 79 39 15 36 97 54 22 59 17 32 50 70 11 59 6 31 63 90 59 50 83 55 5 74
15 72 80 64 28 30 84 74 17 80 48 2 32 79 34 99 36 65 70 41 53 51 54 7 47 75 65 21 53 43
97 43 49 46 69 19 38 42 92 33 87 39 13 12 24 7 28 75 7 20 72 40 16 95 8 15 17 82 75 53
12 29 75 26 73 13 94 65 19 16 6 72 85 3 90 87 94 2 68 75 34 6 38 67 97 71 57 68 21 32
16 15 71 97 89 48 21 89 61 27 34 25 70 13 62 73 1 94 92 12 37 9 27 95 45 22 72 93 56 51
64 53 54 26 70 12 2 56 28 51 67 28 24 77 99 55 26 60 10 52 0 73 32 11 99 19 62 4 97 12
26 22 5 88 0 50 79 28 99 20 34 37 1 92 10 14 74 67 37 83 22 26 26 7 70 40 68 70 49 8
10 15 57 14 56 87 7 4 98 85 78 36 87 45 44 38 94 16 41 93 10 78 87 29 11 21 85 76 57 2
59 29 26 24 5 32 85 15 68 51 57 8 56 21 36 34 71 86 56 0 16 51 17 86 95 25 24 9 26 23
95 32 36 62 40 98 94 56 16 45 22 2 14 8 68 16 37 26 48 54 56 16 82 32 82 62 79 24 63 49
62 10 14 33 17 97 27 31 14 37 25 62 45 17 59 82 65 85 49 0 32 57 35 51 87 99 85 71 13 86
59 6 78 87 51 45 32 25 43 54 24 3 46 61 60 5 11 13 16 18 36 0 74 10 13 30 48 91 60 90
15 18 69 32 76 31 47 63 3 34 23 32 48 52 63 50 29 24 17 71 6 25 69 29 17 26 88 11 49 18
96 7 44 77 81 64 74 38 50 46 42 13 79 68 79 57 20 46 59 77 55 10 37 41 20 51 95 16 40 90
40 65 38 18 2 67 14 24 9 30 10 16 55 45 8 0 76 64 12 78 96 20 34 72 31 24 69 91 34 90
29 97 41 91 83 33 31 41 14 21 36 54 83 51 42 15 81 3 67 94 89 85 31 55 90 82 24 58 98 35
55 56 91 1 35 26 85 72 19 2 59 51 25 76 31 93 91 6 53 85 44 39 59 17 94 32 91 55 70 46
95 29 69 20 46 3 76 76 52 66 93 99 55 94 63 90 18 45 85 99 56 94 69 66 79 37 62 51 33 88
43 17 54 83 78 88 91 42 83 18 46 58 24 30 40 17 57 10 13 71 99 72 3 12 71 14 66 16 49 60
43 66 29 24 72 64 79 64 5 95 44 5 84 99 23 43 80 72 27 76 93 93 99 3 88 55 44 98 89 38
15 53 77 60 35 42 49 3 59 48 43 71 11 61 39 53 46 32 70 97 16 50 36 99 44 69 81 79 52 5
73 97 60 77 20 27 85 71 94 90 98 43 44 17 7 86 36 96 89 41 35 18 77 17 26 33 86 45 34 71
24 94 95 98 27 24 88 8 18 32 17 77 69 45 24 16 20 51 58 12 92 63 33 45 87 87 52 4 68 2
80 60 57 99 91 57 1 34 26 33 92 72 35 76 35 53 79 87 5 2 40 99 35 38 47 74 36 92 7 78
24 13 28 5 15 29 48 1 9 99 10 15 83 59 68 61 55 63 85 84 85 57 73 64 42 56 91 88 32 88
90 86 84 48 71 4 30 62 9 69 21 56 43 55 81 87 41 66 75 68 97 97 50 10 2 25 78 53 12 54
1 55 3 16 66 74 78 92 1 54 71 9 49 93 59 39 97 72 86 88 38 61 53 54 58 26 27 12 51 15
81 27 85 95 53 20 84 60 1 36 92 31 89 81 46 43 24 40 56 53 36 81 76 33 65 16 32 44 3 65
12 78 4 48 45 36 53 10 40 69 68 44 38 96 67 56 9 92 29 15 1 94 31 64 15 73 30 82 65 76
40 35 52 23 14 41 57 27 20 59 31 66 89 55 38 22 68 15 75 70 99 8 95 81 15 14 72 70 21 87
14 10 1 85 5 82 73 19 16 40 75 99 47 12 54 48 59 56 9 51 26 58 87 49 13 23 38 72 58 10
93 99 7 5 5 87 49 35 75 81 34 74 44 26 68 69 32 35 36 22 61 69 83 86 75 55 52 56 52 36
72 77 79 26 35 92 26 26 1 10 43 9 38 47 58 96 66 95 71 66 71 12 49 81 11 30 75 27 24 34
16 68 11 54 93 10 60 80 92 97 23 83 27 75 75 4 53 24 7 47 99 25 33 96 54 15 18 17 30 52
58 39 93 89 60 24 29 28 8 48 86 5 18 80 11 32 8 11 69 88 49 82 26 33 57 14 12 5 52 19
11 6 0 74 50 84 98 66 59 94 74 49 45 68 30 73 5 24 17 58 52 27 41 54 38 48 47 82 11 1
6 61 20 46 15 66 60 95 95 58 35 59 21 10 62 13 48 85 52 78 99 61 50 39 24 15 2 63 73 89
97 59 11 14 87 19 84 66 0 27 13 79 90 9 77 31 83 80 1 85 21 7 69 55 17 86 33 17 67 5
74 96 69 49 45 96 74 57 4 48 51 47 10 3 37 64 39 85 9 17 61 94 14 11 59 2 14 88 94 9
59 41 53 38 81 52 25 75 71 77 92 9 0 80 30 3 66 83 70 21 99 85 42 77 60 75 18 86 4 27
24 39 83 70 83 25 41 57 11 69 98 81 79 70 38 14 14 53 48 59 0 58 61 57 99 50 21 71 11 14
55 47 35 54 27 29 4 38 13 69 6 42 5 61 15 76 61 98 93 22 36 22 27 89 63 14 32 79 85 56
23 18 40 51 30 99 57 91 20 33 14 98 53 6 72 90 68 94 68 42 92 81 59 38 17 84 23 50 81 74
72 73 54 51 37 5 2 16 17 63 7 40 18 70 40 25 7 30 21 16 66 15 25 96 28 7 1 82 18 70
29 97 31 51 20 93 28 33 39 49 33 92 4 61 52 19 96 8 50 29 76 56 64 49 2 34 33 68 79 97
78 88 1 57 40 6 59 43 1 24 21 36 10 56 20 71 98 91 90 13 69 19 51 52 76 36 22 59 45 93
17 18 85 31 63 12 9 39 20 28 47 24 18 17 33 73 30 21 93 43 38 48 62 19 82 65 21 30 78 33
11 92 50 5 80 36 25 69 75 36 75 95 64 43 95 29 66 94 76 32 28 41 93 68 58 34 22 82 24 45
55 19 62 11 77 93 57 52 39 81 6 71 8 16 51 50 6 7 53 8 67 2 49 66 55 77 15 56 41 9
13 55 29 76 5 29 68 90 63 36 98 53 0 2 25 86 16 76 1 85 17 38 81 0 57 7 61 28 18 61
26 79 22 97 70 62 31 65 57 78 2 60 39 35 83 74 45 23 68 11 19 96 62 46 61 69 7 63 95 20
86 12 81 48 87 67 39 34 7 71 47 11 32 5 38 28 13 19 6 70 23 10 93 70 70 26 19 26 11 46
81 4 66 57 29 93 52 25 89 46 80 36 7 17 66 61 17 80 77 52 65 92 1 84 47 38 6 11 32 61
32 80 85 76 33 32 7 17 65 87 67 53 79 86 75 99 70 33 38 88 89 76 93 78 26 8 98 25 11 68
46 37 90 96 15 84 93 56 72 46 76 35 9 6 11 80 54 32 66 33 6 97 98 80 79 40 29 18 55 60
6 2 74 91 59 39 22 21 83 37 98 28 43 9 46 56 62 16 16 63 32 86 66 1 77 39 32 14 42 9
18 65 95 52 95 33 70 65 99 31 68 67 74 36 28 10 0 52 99 27 99 16 98 29 10 43 32 12 74 58
5 39 82 65 59 93 57 48 4 39 82 4 43 23 8 66 95 2 86 40 69 80 8 85 50 7 66 12 99 47
46 57 60 26 32 81 57 38 73 92 0 39 47 82 34 72 24 37 17 7 10 66 98 81 17 40 30 79 10 47
41 75 8 15 57 49 45 33 33 34 25 97 52 52 14 51 93 62 66 92 67 10 70 75 91 71 66 23 32 12
56 37 54 14 35 62 47 47 92 38 5 64 62 65 7 78 44 49 6 30 91 98 28 57 59 9 33 25 61 50
6 86 62 18 62 70 19 51 89 22 34 14 75 48 0 76 67 26 42 61 87 99 77 43 82 54 58 10 91 56
77 10 57 91 29 73 18 32 70 59 44 35 25 77 22 41 20 79 90 17 53 20 79 76 16 41 20 67 44 16
8 12 55 65 45 29 98 35 5 75 15 84 80 10 12 39 5 35 75 99 87 83 67 8 55 55 19 28 37 27
83 65 8 78 5 53 84 11 53 86 37 63 99 52 67 29 34 13 65 57 80 34 25 66 12 57 19 16 15 65
30 20 36 94 97 74 2 82 42 62 22 55 56 43 83 7 82 38 21 9 20 69 20 56 25 20 62 44 3 26
47 35 3 98 54 38 58 56 89 35 43 14 72 20 36 49 46 20 6 41 97 36 68 71 47 8 62 10 31 98

97 91 91 69 87 76 24 3 78 67 91 83 92 29 15 3 48 9 83 28 78 4 65 34 26 82 27 56 52 73
50 35 70 75 49 97 72 10 49 6 7 57 85 60 46 21 12 50 30 29 41 70 86 65 60 65 66 67 73 57
34 70 96 75 14 56 79 85 63 41 37 4 49 24 22 26 36 64 64 3 98 68 60 74 41 3 92 6 79 69
3 10 97 89 59 42 15 6 84 2 18 4 31 86 16 65 48 58 60 62 29 53 24 33 68 14 23 78 71 38
33 95 67 72 33 32 39 97 77 22 69 78 84 33 57 75 83 50 65 46 57 67 95 77 94 56 98 27 99 47
85 77 64 27 66 14 78 52 61 83 21 20 44 5 2 60 16 32 94 21 27 91 11 79 78 37 12 93 89 9
32 68 1 78 74 20 59 18 11 47 83 32 85 44 26 34 3 16 93 51 61 96 45 4 43 49 26 82 1 23
82 18 74 95 69 28 33 3 59 74 51 68 91 60 24 58 34 81 13 31 49 67 61 65 84 7 22 73 14 47
98 47 26 73 71 82 15 53 77 76 33 85 61 10 2 71 10 52 92 18 48 31 28 45 41 90 64 34 56 97
49 53 61 92 72 54 61 81 47 14 11 15 2 66 46 19 61 51 34 37 30 81 16 44 50 90 12 9 58 28
94 17 67 5 62 5 76 1 74 42 52 7 5 70 44 41 52 88 44 77 1 50 82 66 20 94 19 42 55 32
95 46 31 75 33 97 92 60 1 17 33 15 96 65 99 61 89 46 69 60 57 8 36 50 87 31 52 4 16 77
16 43 60 52 1 62 42 7 58 53 13 64 51 45 25 57 97 84 23 27 28 26 34 91 79 19 88 93 98 96
1 5 11 99 90 25 82 19 19 99 84 3 81 64 35 80 67 87 73 9 88 42 1 24 41 58 90 63 33 32
36 88 16 75 19 31 78 52 93 33 19 24 14 52 82 4 84 63 26 96 67 77 78 59 5 42 71 27 44 12
75 87 35 0 81 70 90 43 73 32 96 42 26 17 6 67 95 28 89 37 88 60 85 5 43 57 98 16 48 3
33 18 72 59 57 49 96 10 40 12 77 75 94 30 53 1 35 37 6 42 33 43 17 92 3 81 89 27 79 30
27 76 67 58 85 10 58 49 42 49 51 89 45 1 33 31 45 84 97 76 3 14 91 19 60 40 61 69 75 71
90 16 90 21 74 33 81 63 82 15 78 80 74 0 92 43 3 27 74 60 1 19 82 72 32 5 39 88 68 4
14 0 16 58 52 1 98 64 33 1 69 58 42 28 26 40 82 43 33 49 44 9 75 28 41 5 14 36 60 56
1 96 76 37 83 83 54 63 0 99 15 70 49 89 55 58 91 83 37 55 95 75 87 97 65 85 83 63 89 48
5 1 2 29 84 17 61 70 69 42 58 8 10 74 46 17 15 69 21 72 33 42 5 33 65 75 32 98 17 57
2 72 40 15 82 58 16 85 59 45 99 58 70 85 2 80 75 50 0 96 35 26 0 82 20 98 71 82 56 95
55 60 89 42 6 25 18 13 5 96 31 85 77 16 47 45 81 15 43 92 69 9 20 37 24 59 39 95 27 42
34 32 16 4 78 87 26 96 54 97 39 17 72 11 63 7 20 31 44 69 49 49 58 16 27 68 44 72 2 97
83 63 80 85 21 82 90 35 4 27 4 89 60 27 19 96 50 10 36 5 89 89 86 23 86 59 79 60 55 29
94 23 20 41 24 55 98 51 38 13 22 55 45 36 64 14 53 60 57 87 60 55 21 87 37 16 49 17 62 23
6 49 41 45 51 59 14 66 78 24 27 48 41 51 24 64 3 77 95 72 36 90 74 91 49 34 78 26 25 6
31 43 1 61 9 80 14 83 17 65 98 80 53 62 3 22 54 70 84 28 8 49 67 52 76 48 86 62 78 53
69 75 8 79 99 8 11 94 81 66 14 23 98 56 7 78 29 13 16 22 68 87 0 57 60 95 84 84 52 63
97 92 19 11 83 63 13 42 96 2 50 49 5 35 25 49 70 17 21 3 58 67 70 88 19 10 55 27 29 79
68 92 88 38 89 37 11 1 11 24 61 68 53 57 8 18 28 21 16 97 59 8 95 21 61 74 55 69 20 41
63 39 63 63 96 85 75 11 18 71 16 30 41 3 46 0 56 13 63 90 10 37 4 79 9 74 65 99 40 47
55 16 54 90 69 54 57 24 54 28 92 27 5 43 16 67 21 76 0 86 90 38 12 52 95 3 49 92 62 28
50 3 89 17 85 84 24 99 1 47 78 18 92 94 10 61 7 68 95 68 10 24 74 9 70 56 52 3 31 12
88 38 3 43 81 95 60 96 69 98 50 40 84 47 44 72 18 89 76 65 16 45 71 38 82 4 28 64 76 40
41 44 30 16 56 26 17 87 98 25 50 9 16 92 85 18 39 33 71 45 30 62 63 62 85 64 90 88 20 85
44 8 27 74 33 61 13 54 17 17 34 91 20 51 7 88 76 69 37 24 64 58 16 13 43 59 73 60 76 86
74 30 16 38 9 59 94 80 16 82 27 93 24 40 33 5 19 13 30 73 65 65 49 67 23 21 94 65 72 8
23 84 8 7 30 98 72 31 69 95 51 10 26 9 37 41 51 12 43 47 0 42 17 48 30 23 84 36 82 90
37 13 19 29 34 22 5 90 68 95 63 35 46 90 18 47 62 86 39 75 62 73 19 20 53 40 69 87 72 58
4 36 39 4 56 30 54 81 38 53 18 29 40 44 73 19 43 73 3 89 66 58 49 69 1 90 2 82 79 32
5 34 87 84 66 33 32 54 66 87 8 62 7 85 17 74 42 44 64 41 84 90 7 84 72 14 38 70 60 87
31 40 40 60 87 8 25 75 50 31 56 43 70 29 89 88 65 88 9 60 79 87 43 52 43 39 90 82 1 13
89 41 49 7 79 81 89 62 40 30 14 53 4 47 63 0 87 37 12 62 70 12 13 38 38 59 55 69 53 50
42 10 19 5 11 37 64 89 10 90 49 20 38 71 83 0 2 57 89 3 39 80 65 90 22 3 43 21 34 81
5 90 94 85 46 13 52 46 80 27 93 19 12 90 36 97 58 98 84 19 49 32 81 40 75 37 89 79 48 71
73 43 81 74 67 1 36 71 59 61 55 83 15 65 3 11 31 5 84 37 86 41 92 44 30 49 23 41 31 48
62 64 70 84 10 71 52 55 19 62 76 21 57 97 78 27 13 75 46 30 11 12 62 13 6 30 31 25 75 40
91 78 11 80 27 94 11 49 20 80 94 38 0 75 0 55 19 92 52 98 13 67 79 14 49 62 49 56 83 98
38 19 44 24 37 23 53 25 95 76 20 47 27 27 84 81 36 92 0 32 45 20 66 72 21 36 61 50 46 62
41 8 62 12 93 25 0 18 58 87 68 17 83 59 51 31 35 11 62 91 16 5 38 3 44 62 64 65 93 76
88 60 15 7 40 4 71 8 78 15 61 53 25 36 18 59 66 23 15 47 16 85 89 54 90 35 92 16 24 91
20 73 33 36 70 56 5 24 43 85 64 87 82 58 56 94 15 24 39 52 39 81 78 54 72 11 78 25 59 73
11 0 95 12 8 51 23 29 35 53 0 53 70 32 48 95 41 52 43 67 4 38 80 17 71 28 49 90 99 7
98 33 27 75 53 99 5 36 48 10 48 18 65 97 24 68 90 21 53 69 50 38 65 77 62 69 60 82 31 94
65 38 67 57 67 1 7 77 86 99 74 94 5 96 90 87 73 41 43 51 57 2 64 20 88 36 67 64 51 44
61 11 4 97 29 67 16 59 50 22 77 18 82 86 8 13 57 77 80 16 48 64 11 8 95 35 11 58 30 36
94 87 9 14 63 89 53 46 52 29 55 50 73 48 12 4 4 41 78 10 24 84 49 98 63 40 28 41 36 57
40 35 80 34 79 62 7 40 9 37 47 90 75 9 36 16 54 75 79 3 94 14 3 59 96 51 57 52 33 29
35 21 42 17 43 56 0 2 16 2 76 46 64 19 41 87 94 21 57 39 64 68 76 1 33 79 43 85 25 94
55 29 44 13 36 53 58 73 33 65 89 47 35 37 56 90 67 4 46 37 21 45 30 56 25 72 43 3 51 20
95 17 22 5 68 68 75 21 43 52 70 68 40 75 72 39 73 78 43 18 53 11 2 53 90 34 70 12 84 17
81 38 83 67 41 59 81 94 68 15 59 10 29 16 3 5 78 38 52 55 41 23 46 64 13 35 2 17 72 92
22 27 3 83 2 92 97 26 20 75 78 34 7 12 62 96 27 82 50 83 26 92 11 49 23 89 18 74 64 69
21 70 39 66 89 58 52 36 56 80 92 65 23 94 33 71 47 85 79 73 86 83 17 58 86 61 49 54 37 62
16 3 35 88 37 86 18 29 30 43 63 28 71 94 76 16 22 49 94 43 43 70 94 9 44 20 74 60 56 0
46 6 40 80 65 77 33 67 72 21 22 55 45 16 97 63 65 37 4 55 41 19 20 88 82 92 12 45 66 84
44 41 75 19 63 9 88 50 62 9 38 21 8 12 6 23 79 50 71 2 50 49 58 44 30 64 64 25 23 96
32 6 79 64 8 28 50 48 13 10 77 38 8 78 59 52 30 66 91 4 31 68 72 37 42 38 7 61 61 60
70 37 22 36 95 32 84 70 12 3 78 43 45 1 78 98 38 12 83 97 76 47 36 2 27 76 21 7 5 62
96 11 36 29 63 18 92 77 97 94 0 28 52 22 55 71 50 53 1 29 7 4 43 75 34 83 12 68 53 40
93 77 97 55 0 33 66 35 40 9 95 58 7 28 31 6 9 42 30 72 97 36 26 12 70 59 24 0 66 66
26 14 59 37 98 26 29 5 19 2 72 9 81 32 70 53 42 40 29 33 27 48 66 65 44 79 99 42 61 55
72 71 57 93 7 97 37 23 85 2 89 72 92 31 14 98 66 4 44 55 51 85 58 32 39 48 45 4 43 39

7620 1395 9866 9760 9715 9047 5239 4853 6939 10054 5030 5360 1535 9865 3937 8982 8846 9823 7051 6450 2981 8701 8789 4834 6477 9080 8489 1726 7075 1363

3455 15537 9015 1899 16746 8298 5213 6813 9293 5708 4705 6636 8959 10547 1900 5309 11276 6744 7273 10767 13790 12116 10624 13881 12755 10494 16589 8417 10302 9647

10 16 18 27 15 23 14 14 28 14 21 10 21 17 23 21 16 23 17 28 16 26 20 24 10 13 12 21 26 20 25 19 28 12 11 10 12 28 14 21 29 27 25 18 18 16 10 22 23 11 13 19 23 27 19 21 13 28 28 21 10 10 22 12 22 11 14 22 11 27 24 22 27 14 12

141 87 150 136 94 31 49 51 94 106 125 21 38 167 41 125 87 92 59 29 50 93 160 30 68 67 159 97 26 162
