75
30

59 29 50 34 37 97 2 28 7 2 21 85 85 97 69 79 5 25 89 42 22 50 33 70 62 72 27 65 3 85
61 23 89 11 63 27 20 29 13 11 41 79 6 5 55 2 52 56 19 56 94 23 92 13 72 58 54 30 55 31
9 46 44 77 48 55 87 36 28 42 85 58 92 4 63 65 45 73 42 96 49 19 44 86 16 11 95 48 2 46
25 62 25 89 79 86 81 74 84 52 11 61 28 98 50 59 64 59 65 47 32 25 61 50 63 16 3 78 16 52
91 1 49 19 97 37 39 35 28 80 92 4 86 83 10 75 43 75 13 68 44 83 21 33 16 88 55 33 28 26
4 94 47 25 71 49 86 36 99 69 20 85 30 53 38 80 51 43 44 31 42 57 27 65 14 71 65 65 5 93
35 36 83 7 39 97 64 88 69 56 41 91 78 97 97 99 18 95 28 66 69 53 14 79 76 0 17 48 53 16
74 87 34 65 30 37 77 42 28 54 43 92 51 70 19 23 71 78 45 49 70 19 75 18 20 70 69 19 45 38
15 73 8 45 2 43 79 39 15 36 97 54 22 59 17 32 50 70 11 59 6 31 63 90 59 50 83 55 5 74
15 72 80 64 28 30 84 74 17 80 48 2 32 79 34 99 36 65 70 41 53 51 54 7 47 75 65 21 53 43
97 43 49 46 69 19 38 42 92 33 87 39 13 12 24 7 28 75 7 20 72 40 16 95 8 15 17 82 75 53
12 29 75 26 73 13 94 65 19 16 6 72 85 3 90 87 94 2 68 75 34 6 38 67 97 71 57 68 21 32
16 15 71 97 89 48 21 89 61 27 34 25 70 13 62 73 1 94 92 12 37 9 27 95 45 22 72 93 56 51
64 53 54 26 70 12 2 56 28 51 67 28 24 77 99 55 26 60 10 52 0 73 32 11 99 19 62 4 97 12
26 22 5 88 0 50 79 28 99 20 34 37 1 92 10 14 74 67 37 83 22 26 26 7 70 40 68 70 49 8
10 15 57 14 56 87 7 4 98 85 78 36 87 45 44 38 94 16 41 93 10 78 87 29 11 21 85 76 57 2
59 29 26 24 5 32 85 15 68 51 57 8 56 21 36 34 71 86 56 0 16 51 17 86 95 25 24 9 26 23
95 32 36 62 40 98 94 56 16 45 22 2 14 8 68 16 37 26 48 54 56 16 82 32 82 62 79 24 63 49
62 10 14 33 17 97 27 31 14 37 25 62 45 17 59 82 65 85 49 0 32 57 35 51 87 99 85 71 13 86
59 6 78 87 51 45 32 25 43 54 24 3 46 61 60 5 11 13 16 18 36 0 74 10 13 30 48 91 60 90
15 18 69 32 76 31 47 63 3 34 23 32 48 52 63 50 29 24 17 71 6 25 69 29 17 26 88 11 49 18
96 7 44 77 81 64 74 38 50 46 42 13 79 68 79 57 20 46 59 77 55 10 37 41 20 51 95 16 40 90
40 65 38 18 2 67 14 24 9 30 10 16 55 45 8 0 76 64 12 78 96 20 34 72 31 24 69 91 34 90
29 97 41 91 83 33 31 41 14 21 36 54 83 51 42 15 81 3 67 94 89 85 31 55 90 82 24 58 98 35
55 56 91 1 35 26 85 72 19 2 59 51 25 76 31 93 91 6 53 85 44 39 59 17 94 32 91 55 70 46
95 29 69 20 46 3 76 76 52 66 93 99 55 94 63 90 18 45 85 99 56 94 69 66 79 37 62 51 33 88
43 17 54 83 78 88 91 42 83 18 46 58 24 30 40 17 57 10 13 71 99 72 3 12 71 14 66 16 49 60
43 66 29 24 72 64 79 64 5 95 44 5 84 99 23 43 80 72 27 76 93 93 99 3 88 55 44 98 89 38
15 53 77 60 35 42 49 3 59 48 43 71 11 61 39 53 46 32 70 97 16 50 36 99 44 69 81 79 52 5
73 97 60 77 20 27 85 71 94 90 98 43 44 17 7 86 36 96 89 41 35 18 77 17 26 33 86 45 34 71
24 94 95 98 27 24 88 8 18 32 17 77 69 45 24 16 20 51 58 12 92 63 33 45 87 87 52 4 68 2
80 60 57 99 91 57 1 34 26 33 92 72 35 76 35 53 79 87 5 2 40 99 35 38 47 74 36 92 7 78
24 13 28 5 15 29 48 1 9 99 10 15 83 59 68 61 55 63 85 84 85 57 73 64 42 56 91 88 32 88
90 86 84 48 71 4 30 62 9 69 21 56 43 55 81 87 41 66 75 68 97 97 50 10 2 25 78 53 12 54
1 55 3 16 66 74 78 92 1 54 71 9 49 93 59 39 97 72 86 88 38 61 53 54 58 26 27 12 51 15
81 27 85 95 53 20 84 60 1 36 92 31 89 81 46 43 24 40 56 53 36 81 76 33 65 16 32 44 3 65
12 78 4 48 45 36 53 10 40 69 68 44 38 96 67 56 9 92 29 15 1 94 31 64 15 73 30 82 65 76
40 35 52 23 14 41 57 27 20 59 31 66 89 55 38 22 68 15 75 70 99 8 95 81 15 14 72 70 21 87
14 10 1 85 5 82 73 19 16 40 75 99 47 12 54 48 59 56 9 51 26 58 87 49 13 23 38 72 58 10
93 99 7 5 5 87 49 35 75 81 34 74 44 26 68 69 32 35 36 22 61 69 83 86 75 55 52 56 52 36
72 77 79 26 35 92 26 26 1 10 43 9 38 47 58 96 66 95 71 66 71 12 49 81 11 30 75 27 24 34
16 68 11 54 93 10 60 80 92 97 23 83 27 75 75 4 53 24 7 47 99 25 33 96 54 15 18 17 30 52
58 39 93 89 60 24 29 28 8 48 86 5 18 80 11 32 8 11 69 88 49 82 26 33 57 14 12 5 52 19
11 6 0 74 50 84 98 66 59 94 74 49 45 68 30 73 5 24 17 58 52 27 41 54 38 48 47 82 11 1
6 61 20 46 15 66 60 95 95 58 35 59 21 10 62 13 48 85 52 78 99 61 50 39 24 15 2 63 73 89
97 59 11 14 87 19 84 66 0 27 13 79 90 9 77 31 83 80 1 85 21 7 69 55 17 86 33 17 67 5
74 96 69 49 45 96 74 57 4 48 51 47 10 3 37 64 39 85 9 17 61 94 14 11 59 2 14 88 94 9
59 41 53 38 81 52 25 75 71 77 92 9 0 80 30 3 66 83 70 21 99 85 42 77 60 75 18 86 4 27
24 39 83 70 83 25 41 57 11 69 98 81 79 70 38 14 14 53 48 59 0 58 61 57 99 50 21 71 11 14
55 47 35 54 27 29 4 38 13 69 6 42 5 61 15 76 61 98 93 22 36 22 27 89 63 14 32 79 85 56
23 18 40 51 30 99 57 91 20 33 14 98 53 6 72 90 68 94 68 42 92 81 59 38 17 84 23 50 81 74
72 73 54 51 37 5 2 16 17 63 7 40 18 70 40 25 7 30 21 16 66 15 25 96 28 7 1 82 18 70
29 97 31 51 20 93 28 33 39 49 33 92 4 61 52 19 96 8 50 29 76 56 64 49 2 34 33 68 79 97
78 88 1 57 40 6 59 43 1 24 21 36 10 56 20 71 98 91 90 13 69 19 51 52 76 36 22 59 45 93
17 18 85 31 63 12 9 39 20 28 47 24 18 17 33 73 30 21 93 43 38 48 62 19 82 65 21 30 78 33
11 92 50 5 80 36 25 69 75 36 75 95 64 43 95 29 66 94 76 32 28 41 93 68 58 34 22 82 24 45
55 19 62 11 77 93 57 52 39 81 6 71 8 16 51 50 6 7 53 8 67 2 49 66 55 77 15 56 41 9
13 55 29 76 5 29 68 90 63 36 98 53 0 2 25 86 16 76 1 85 17 38 81 0 57 7 61 28 18 61
26 79 22 97 70 62 31 65 57 78 2 60 39 35 83 74 45 23 68 11 19 96 62 46 61 69 7 63 95 20
86 12 81 48 87 67 39 34 7 71 47 11 32 5 38 28 13 19 6 70 23 10 93 70 70 26 19 26 11 46
81 4 66 57 29 93 52 25 89 46 80 36 7 17 66 61 17 80 77 52 65 92 1 84 47 38 6 11 32 61
32 80 85 76 33 32 7 17 65 87 67 53 79 86 75 99 70 33 38 88 89 76 93 78 26 8 98 25 11 68
46 37 90 96 15 84 93 56 72 46 76 35 9 6 11 80 54 32 66 33 6 97 98 80 79 40 29 18 55 60
6 2 74 91 59 39 22 21 83 37 98 28 43 9 46 56 62 16 16 63 32 86 66 1 77 39 32 14 42 9
18 65 95 52 95 33 70 65 99 31 68 67 74 36 28 10 0 52 99 27 99 16 98 29 10 43 32 12 74 58
5 39 82 65 59 93 57 48 4 39 82 4 43 23 8 66 95 2 86 40 69 80 8 85 50 7 66 12 99 47
46 57 60 26 32 81 57 38 73 92 0 39 47 82 34 72 24 37 17 7 10 66 98 81 17 40 30 79 10 47
41 75 8 15 57 49 45 33 33 34 25 97 52 52 14 51 93 62 66 92 67 10 70 75 91 71 66 23 32 12
56 37 54 14 35 62 47 47 92 38 5 64 62 65 7 78 44 49 6 30 91 98 28 57 59 9 33 25 61 50
6 86 62 18 62 70 19 51 89 22 34 14 75 48 0 76 67 26 42 61 87 99 77 43 82 54 58 10 91 56
77 10 57 91 29 73 18 32 70 59 44 35 25 77 22 41 20 79 90 17 53 20 79 76 16 41 20 67 44 16
8 12 55 65 45 29 98 35 5 75 15 84 80 10 12 39 5 35 75 99 87 83 67 8 55 55 19 28 37 27
83 65 8 78 5 53 84 11 53 86 37 63 99 52 67 29 34 13 65 57 80 34 25 66 12 57 19 16 15 65
30 20 36 94 97 74 2 82 42 62 22 55 56 43 83 7 82 38 21 9 20 69 20 56 25 20 62 44 3 26
47 35 3 98 54 38 58 56 89 35 43 14 72 20 36 49 46 20 6 41 97 36 68 71 47 8 62 10 31 98

35 78 64 51 79 39 51 47 67 38 78 41 11 67 36 48 80 58 34 57 0 34 52 41 76 40 99 82 85 28
35 26 97 31 98 52 26 71 13 15 15 84 99 2 20 33 98 7 29 75 67 13 41 86 50 47 92 55 82 36
97 12 8 81 51 49 28 28 4 43 84 9 6 96 56 72 83 50 36 27 92 37 5 88 70 79 3 64 71 44
3 50 51 25 8 13 55 93 30 80 10 52 36 57 33 81 51 53 98 57 72 86 31 86 16 82 25 79 17 10
84 71 37 3 62 48 66 64 24 37 20 55 70 84 57 12 92 9 81 50 43 29 91 35 64 74 15 40 71 38
13 21 6 61 50 73 21 0 76 47 29 64 57 49 41 9 55 50 85 10 33 65 75 77 47 0 63 66 55 58
4 96 33 62 14 98 2 36 1 34 0 47 94 68 40 6 8 83 51 68 20 73 87 98 31 48 63 80 54 35
33 81 49 77 31 17 94 29 42 67 52 40 69 27 97 53 14 20 87 50 86 91 8 51 16 48 27 24 26 46
18 69 89 99 63 90 83 96 34 60 16 38 8 44 80 19 72 37 62 31 23 38 17 63 64 56 83 13 60 24
91 44 91 62 3 55 30 33 79 32 28 61 58 22 79 7 97 31 7 45 13 30 90 60 21 54 10 62 47 87
6 2 82 93 65 24 99 36 65 88 28 80 73 59 95 89 55 26 51 43 46 17 36 56 94 18 87 56 71 4
54 65 21 49 89 85 84 71 42 80 12 23 55 19 72 46 48 5 7 36 40 9 86 1 42 94 68 97 27 87
76 76 47 40 40 92 69 86 49 34 40 73 45 93 4 54 33 71 29 39 87 6 31 58 79 57 86 79 76 70
65 85 62 35 58 3 78 93 45 35 13 53 44 50 68 37 33 9 69 46 42 56 22 40 57 89 33 55 63 97
13 94 45 13 67 98 12 42 29 50 11 45 88 80 45 94 14 81 20 36 95 45 84 18 24 81 17 78 10 78
12 77 1 14 28 59 35 44 28 47 69 97 24 3 36 75 77 35 47 37 59 6 33 0 42 89 81 6 80 72
25 17 12 2 93 60 92 32 16 11 15 3 51 5 10 67 76 13 17 53 60 4 63 18 10 7 98 29 63 27
79 92 49 78 88 99 72 47 32 65 62 0 75 94 10 80 62 71 83 78 84 77 74 66 58 90 57 22 25 97
17 94 16 34 10 73 2 46 50 78 60 16 33 72 1 5 58 64 41 20 83 64 39 82 42 91 92 67 8 59
88 50 73 92 60 65 87 29 63 69 69 40 6 64 91 48 81 17 89 35 75 96 61 77 84 95 46 36 27 15
5 98 45 43 38 42 47 27 15 83 20 43 1 7 16 13 3 12 92 10 76 6 57 51 53 35 66 88 98 43
43 26 91 76 44 33 1 1 80 35 85 80 63 89 48 39 54 91 43 7 5 62 72 28 50 12 51 65 70 83
38 39 39 11 18 93 28 70 28 61 31 77 40 81 27 79 40 80 1 47 86 39 84 50 8 87 83 79 4 6
28 50 38 37 28 10 39 9 30 6 67 52 35 16 80 53 87 32 39 64 55 57 15 72 82 50 97 4 52 26
11 8 10 9 98 38 42 83 13 45 77 92 44 38 0 86 60 78 61 16 34 6 32 17 16 34 48 35 30 38
20 0 30 31 32 26 48 27 30 14 5 83 87 74 66 20 95 97 87 45 9 48 46 12 64 48 80 12 20 79
78 80 18 21 72 47 48 18 50 74 58 10 81 66 71 99 20 34 61 30 25 58 34 93 24 69 1 95 3 55
31 51 94 63 44 84 2 38 57 47 91 38 11 3 16 99 30 13 70 54 4 42 92 29 79 63 49 53 9 25
85 72 4 20 6 49 63 55 40 98 1 27 92 61 87 46 87 45 61 58 63 87 97 61 61 83 32 21 29 26
73 30 32 33 55 55 26 42 6 76 62 32 61 18 2 73 5 19 77 32 50 76 24 77 81 90 59 53 22 76
4 34 95 24 52 70 91 20 44 79 74 60 97 53 63 31 99 89 0 22 73 46 75 9 57 7 65 5 68 86
18 88 41 11 92 46 61 75 15 82 30 33 33 96 30 90 74 21 92 10 24 80 66 34 10 93 48 90 23 55
25 38 36 63 40 76 1 56 79 2 17 1 32 13 16 44 99 78 2 97 19 23 47 42 53 6 17 67 60 81
97 63 21 78 29 56 28 33 74 40 27 64 83 41 81 64 25 40 99 67 0 13 48 1 53 78 36 30 52 65
38 66 98 26 3 83 96 73 63 74 81 6 36 37 90 60 85 68 27 90 78 15 62 71 76 2 48 85 20 38
63 23 5 71 1 12 71 44 77 64 32 76 10 86 39 56 6 17 32 41 58 77 40 92 22 23 31 72 53 80
16 21 90 71 65 54 52 66 80 60 52 30 52 0 65 35 72 18 93 68 90 37 21 55 41 79 60 70 69 42
4 6 39 31 66 42 0 13 60 4 42 44 48 22 70 97 67 32 80 83 4 69 9 45 84 53 95 68 95 59
77 27 58 28 9 82 15 64 74 79 3 16 21 17 29 36 63 0 56 79 9 67 86 73 14 89 86 73 69 62
91 87 71 31 86 35 51 48 54 66 28 20 29 65 36 13 5 19 35 30 87 2 12 52 75 31 14 31 29 89
84 74 50 1 97 42 79 39 94 64 92 72 86 39 48 88 61 76 26 65 24 94 34 49 44 77 2 95 95 66
85 50 18 30 21 93 31 35 43 76 72 27 29 8 48 77 42 96 27 62 85 16 95 84 87 94 68 44 89 13
24 28 93 79 1 64 92 6 78 70 2 5 24 93 60 98 96 9 56 73 15 35 17 66 43 79 53 31 49 17
51 32 48 86 58 70 20 24 95 30 73 94 97 9 93 81 70 61 92 47 6 75 66 74 99 53 92 43 57 81
59 18 94 99 91 44 53 93 16 67 3 4 80 38 87 93 27 70 36 19 76 38 72 33 70 67 52 65 97 25
42 86 72 32 16 56 61 42 18 91 83 62 31 17 95 22 47 88 79 99 28 90 68 66 3 51 77 11 35 39
43 64 66 12 68 5 9 47 42 57 60 78 71 87 37 3 41 48 70 46 7 70 9 90 70 50 15 7 89 18
55 61 43 79 5 49 33 42 56 13 0 2 54 44 86 33 22 47 72 9 65 43 72 43 32 35 60 45 91 52
62 7 56 64 41 81 54 10 56 11 33 93 79 24 40 52 86 2 27 83 71 78 60 80 42 43 44 38 99 43
81 11 9 12 26 31 10 62 23 31 31 41 6 25 3 8 28 38 87 6 36 90 51 19 0 79 88 53 84 11
26 72 2 80 96 73 97 90 53 3 39 73 57 19 35 45 78 75 94 12 56 67 76 99 56 79 44 87 86 16
82 65 60 93 39 32 44 45 40 22 3 69 48 18 38 98 73 89 86 79 81 56 17 19 16 89 58 93 73 75
17 40 61 9 99 7 43 11 29 93 70 54 22 13 11 75 82 86 64 89 91 14 98 27 49 9 67 85 58 80
82 36 67 90 37 51 22 48 34 34 81 92 45 61 3 72 9 72 1 57 42 76 37 8 24 55 83 91 82 62
89 45 85 86 26 93 17 95 86 88 97 95 86 28 64 67 66 70 39 64 14 43 39 82 46 23 3 43 9 33
55 45 13 81 10 67 88 39 0 47 31 33 85 58 83 98 67 47 63 17 13 27 42 39 72 34 20 61 47 67
67 13 25 4 20 65 6 41 55 76 78 10 72 26 20 60 67 12 39 19 76 8 62 63 13 98 57 60 43 57
35 79 55 18 71 60 32 61 37 97 29 15 36 83 8 46 89 15 87 87 5 54 15 24 36 95 58 37 97 84
76 83 14 2 24 50 15 82 99 18 85 45 20 26 48 68 14 7 46 8 48 55 34 71 21 34 99 71 14 32
90 31 61 46 96 32 81 18 21 88 1 72 49 20 41 43 85 61 48 61 14 97 7 57 34 34 63 90 34 61
22 22 25 23 18 91 62 41 87 44 95 41 49 43 46 78 12 57 5 60 45 94 82 14 79 44 59 60 42 32
41 61 27 3 84 81 50 96 61 71 57 61 85 58 83 40 8 1 55 24 62 59 22 29 5 65 31 79 2 11
88 85 36 87 80 36 41 23 36 78 6 41 62 11 82 0 70 56 85 94 98 57 0 52 73 23 9 30 85 37
2 99 58 61 54 81 36 42 61 68 37 87 81 42 26 50 19 77 12 69 47 84 73 33 57 30 75 72 83 61
20 2 36 85 43 56 46 8 55 1 3 30 94 11 35 37 30 43 70 51 35 45 77 22 17 89 62 84 82 6
85 83 67 70 25 76 61 54 80 55 1 56 16 26 26 74 83 64 8 66 54 27 0 35 78 85 73 22 36 3
29 91 42 96 14 48 33 30 59 23 43 35 44 10 45 67 32 34 10 35 49 6 28 63 93 76 69 68 86 91
92 72 30 29 43 73 0 53 65 53 17 19 37 81 57 27 22 65 91 88 68 34 96 62 95 64 33 91 86 95
9 16 38 79 78 58 51 61 24 14 68 97 42 83 81 53 18 33 76 30 63 65 72 18 49 41 98 81 67 89
83 11 97 77 70 7 49 53 90 79 35 70 33 66 71 41 14 33 12 13 24 69 86 33 11 20 60 66 24 18
73 64 31 84 10 16 79 38 94 24 56 19 38 73 92 10 71 7 90 25 27 14 80 90 78 96 34 44 37 65
0 23 57 97 18 5 14 34 47 53 48 16 8 50 95 83 18 29 38 78 81 58 53 44 45 98 37 91 63 69
43 82 96 95 56 56 50 91 78 97 49 32 22 12 76 10 20 73 28 70 0 40 74 85 90 73 15 95 40 95
85 46 95 69 25 82 36 92 48 81 78 26 51 52 9 29 55 13 83 26 81 29 13 63 77 80 39 29 79 85
45 17 52 1 65 89 42 78 92 44 52 36 93 9 12 90 82 22 7 47 8 36 76 51 61 4 12 44 6 3

7620 1395 9866 9760 9715 9047 5239 4853 6939 10054 5030 5360 1535 9865 3937 8982 8846 9823 7051 6450 2981 8701 8789 4834 6477 9080 8489 1726 7075 1363

22943 18466 23100 9233 11433 1829 17900 4194 19629 19272 10276 12589 23480 11472 9925 13801 18758 17396 10702 10787 6715 14160 14469 23314 17496 3519 20218 7666 8584 19875

10 16 18 27 15 23 14 14 28 14 21 10 21 17 23 21 16 23 17 28 16 26 20 24 10 13 12 21 26 20 25 19 28 12 11 10 12 28 14 21 29 27 25 18 18 16 10 22 23 11 13 19 23 27 19 21 13 28 28 21 10 10 22 12 22 11 14 22 11 27 24 22 27 14 12

141 87 150 136 94 31 49 51 94 106 125 21 38 167 41 125 87 92 59 29 50 93 160 30 68 67 159 97 26 162
