20
10

34 78 31 70 45 9 50 22 70 25
36 73 11 99 32 35 81 92 64 26
82 64 81 74 6 62 61 87 51 36
9 10 63 80 78 97 45 17 9 47
84 72 77 81 92 85 61 81 63 85
98 0 89 11 90 16 90 45 55 90
52 8 63 56 74 29 82 53 69 83
32 63 70 61 22 32 42 21 17 83
91 27 60 43 26 81 40 44 18 3
99 81 58 12 95 19 5 10 80 95
84 86 63 60 72 79 47 32 76 58
80 99 99 41 53 45 45 30 33 21
7 37 12 75 46 49 14 3 40 37
94 1 80 12 11 20 31 89 65 57
84 0 40 27 72 82 68 18 23 21
30 0 74 26 50 56 67 76 43 53
13 53 32 64 69 50 41 20 86 37
24 47 28 7 98 11 44 32 81 88
60 20 53 28 30 30 4 74 47 7
11 58 6 31 88 94 88 94 81 27

51 47 94 76 60 24 18 6 96 20
39 5 1 8 33 70 2 86 55 81
65 62 12 10 16 50 27 38 84 97
93 9 82 64 65 1 29 16 39 95
90 5 12 72 65 48 25 65 77 25
42 46 36 63 2 31 61 69 56 33
8 42 70 83 25 59 67 12 41 28
30 68 45 53 83 94 21 42 42 97
56 67 81 4 17 58 69 56 70 68
74 93 0 65 20 51 34 35 75 51
94 83 80 60 26 90 53 55 74 51
42 14 7 98 84 26 9 90 27 84
3 31 92 7 47 28 99 2 44 11
86 64 46 93 75 85 37 8 94 99
43 83 29 94 85 19 87 84 78 95
85 95 54 10 95 20 49 31 12 53
79 24 22 3 17 64 3 37 15 67
52 20 57 83 58 45 32 52 47 58
49 98 55 47 56 21 41 29 13 17
11 53 48 27 29 23 87 94 45 90

840 789 1090 739 563 207 671 834 300 437

206 132 335 219 340 206 340 298 233 322

27 35 11 11 32 28 34 33 6 23 26 22 27 24 11 22 21 15 17 30

111 76 76 53 53 36 79 72 54 30
