30
15

90 25 26 40 56 37 49 28 4 76 24 49 48 30 61
19 70 34 80 63 46 21 33 37 74 98 99 87 24 97
75 27 12 71 28 67 57 28 69 94 64 48 83 6 46
96 6 43 93 46 46 71 38 73 89 8 64 77 28 97
85 43 13 77 72 63 5 86 9 61 99 15 5 0 17
93 94 67 13 68 8 59 39 13 87 30 43 77 78 39
25 59 29 50 50 73 76 52 11 32 96 93 81 72 52
66 95 89 65 76 61 64 93 80 83 99 92 88 47 89
92 49 3 99 17 69 49 20 31 49 88 38 80 16 26
23 82 92 28 21 60 43 47 23 36 75 93 37 32 84
19 64 37 83 21 94 43 39 90 50 49 27 74 37 6
57 12 97 29 33 70 62 12 74 82 65 25 71 77 31
64 89 45 91 98 26 76 67 27 83 68 16 49 17 96
57 95 80 83 97 79 57 15 38 82 61 98 27 57 58
34 87 27 9 79 37 15 77 11 91 22 10 99 94 54
14 75 27 51 86 51 1 76 41 1 20 62 81 41 75
31 83 55 7 38 88 42 39 82 44 9 88 7 17 12
87 89 73 25 75 56 10 95 58 16 73 8 27 72 98
77 96 51 57 25 92 94 3 20 10 48 46 95 27 95
84 56 17 86 9 50 25 72 24 61 92 50 54 57 30
62 61 87 1 26 52 20 42 71 71 68 35 18 12 39
25 25 80 97 33 83 99 47 2 41 35 63 0 86 95
13 44 14 6 70 23 70 0 7 54 26 41 10 72 50
85 48 50 67 58 16 4 20 81 6 28 83 88 82 53
83 16 81 36 38 55 42 21 1 93 49 27 96 0 33
55 57 15 77 15 22 57 15 26 42 52 8 23 0 62
64 95 58 50 10 19 72 13 36 74 43 86 96 53 96
71 94 88 8 67 20 85 19 2 9 16 1 73 28 7
72 72 26 42 81 41 90 56 87 76 4 89 23 93 94
27 22 11 17 51 25 14 12 71 17 5 32 15 51 64

32 96 65 25 85 50 59 39 41 13 6 96 27 73 47
79 20 65 18 11 58 51 8 84 79 35 89 10 1 69
48 36 28 52 65 13 47 28 18 11 45 37 93 33 57
77 55 50 45 70 97 69 45 59 60 10 39 64 12 53
56 77 20 74 83 74 47 82 50 80 74 38 31 10 5
5 61 65 28 62 68 77 35 88 65 2 7 91 52 34
39 42 34 72 52 42 36 67 12 23 86 31 62 68 92
85 33 2 30 83 85 81 26 30 1 95 99 84 39 47
88 14 3 76 88 54 92 54 74 65 44 47 73 11 78
44 22 98 4 81 30 31 53 14 6 4 47 32 50 13
6 90 14 55 74 21 46 73 2 62 32 32 17 79 48
56 77 96 12 65 79 66 99 64 74 12 40 3 14 60
44 99 20 24 93 87 57 10 9 37 51 63 92 61 89
62 76 5 78 52 51 80 58 49 52 90 0 66 13 59
29 55 31 61 55 47 91 20 92 44 51 7 21 95 88
75 3 58 43 1 58 29 26 18 73 90 74 75 91 11
55 36 3 12 84 20 43 45 69 42 59 88 21 1 6
38 0 29 90 44 59 94 57 36 24 33 97 12 24 36
22 24 47 26 35 42 0 1 80 1 87 23 69 78 38
89 7 15 56 3 65 16 57 37 74 75 31 58 34 11
36 48 77 23 16 53 7 73 98 37 21 87 5 11 71
16 99 97 41 92 35 11 31 84 95 89 70 40 28 7
26 46 15 38 49 69 38 69 91 52 23 61 82 69 80
36 52 70 71 6 32 73 61 95 74 80 52 12 69 17
98 74 53 44 43 90 47 65 40 54 41 42 41 16 41
3 69 4 31 77 95 51 18 10 9 26 70 50 32 75
51 86 21 31 27 1 71 40 85 56 93 22 0 23 42
45 36 39 24 3 66 40 88 21 44 93 2 6 77 57
62 48 62 16 75 30 99 78 28 82 92 30 21 12 95
92 42 98 67 20 99 2 49 28 36 61 70 56 10 65

1300 138 968 988 215 767 908 1262 675 821 489 339 923 709 448

2664 2368 743 2795 1378 1611 3421 1703 3044 3256 3718 2730 4582 4793 1360

10 11 18 11 18 26 17 27 28 20 19 11 17 20 12 17 18 23 10 23 22 11 21 22 13 28 21 14 13 19

107 26 107 123 21 119 124 116 70 89 70 26 66 122 58
