30
15

90 25 26 40 56 37 49 28 4 76 24 49 48 30 61
19 70 34 80 63 46 21 33 37 74 98 99 87 24 97
75 27 12 71 28 67 57 28 69 94 64 48 83 6 46
96 6 43 93 46 46 71 38 73 89 8 64 77 28 97
85 43 13 77 72 63 5 86 9 61 99 15 5 0 17
93 94 67 13 68 8 59 39 13 87 30 43 77 78 39
25 59 29 50 50 73 76 52 11 32 96 93 81 72 52
66 95 89 65 76 61 64 93 80 83 99 92 88 47 89
92 49 3 99 17 69 49 20 31 49 88 38 80 16 26
23 82 92 28 21 60 43 47 23 36 75 93 37 32 84
19 64 37 83 21 94 43 39 90 50 49 27 74 37 6
57 12 97 29 33 70 62 12 74 82 65 25 71 77 31
64 89 45 91 98 26 76 67 27 83 68 16 49 17 96
57 95 80 83 97 79 57 15 38 82 61 98 27 57 58
34 87 27 9 79 37 15 77 11 91 22 10 99 94 54
14 75 27 51 86 51 1 76 41 1 20 62 81 41 75
31 83 55 7 38 88 42 39 82 44 9 88 7 17 12
87 89 73 25 75 56 10 95 58 16 73 8 27 72 98
77 96 51 57 25 92 94 3 20 10 48 46 95 27 95
84 56 17 86 9 50 25 72 24 61 92 50 54 57 30
62 61 87 1 26 52 20 42 71 71 68 35 18 12 39
25 25 80 97 33 83 99 47 2 41 35 63 0 86 95
13 44 14 6 70 23 70 0 7 54 26 41 10 72 50
85 48 50 67 58 16 4 20 81 6 28 83 88 82 53
83 16 81 36 38 55 42 21 1 93 49 27 96 0 33
55 57 15 77 15 22 57 15 26 42 52 8 23 0 62
64 95 58 50 10 19 72 13 36 74 43 86 96 53 96
71 94 88 8 67 20 85 19 2 9 16 1 73 28 7
72 72 26 42 81 41 90 56 87 76 4 89 23 93 94
27 22 11 17 51 25 14 12 71 17 5 32 15 51 64

76 58 72 89 74 77 76 68 94 15 82 3 35 77 34
81 84 82 46 31 86 71 50 83 76 94 52 38 93 56
98 26 45 45 14 35 84 52 51 58 17 83 70 85 64
9 49 26 37 94 80 57 96 18 96 22 13 75 57 20
49 7 66 78 20 11 9 80 14 35 33 1 79 37 3
68 94 82 17 52 3 0 47 59 57 27 54 68 11 9
89 48 61 26 76 33 13 84 39 61 44 76 19 84 60
96 3 14 90 82 42 69 66 0 45 15 58 10 72 42
97 64 59 4 77 37 59 8 30 90 65 49 19 99 61
9 82 30 19 75 34 20 34 49 2 95 51 39 52 50
54 73 37 59 8 55 63 89 53 80 68 52 30 52 54
1 64 85 9 56 33 84 24 30 5 24 79 83 21 84
63 9 60 2 43 60 5 56 2 51 97 84 16 93 54
13 29 52 91 33 47 38 54 64 77 71 74 86 59 60
91 35 79 17 2 81 66 81 50 44 92 18 38 21 56
32 39 12 91 96 56 87 44 92 22 21 25 22 65 91
93 20 77 15 56 80 48 74 1 86 73 47 52 8 26
50 61 90 66 65 55 51 30 90 92 80 6 49 20 89
4 52 27 58 75 82 19 77 22 54 84 87 34 74 15
62 16 91 98 84 94 23 4 7 37 97 22 12 5 27
29 0 26 46 97 65 59 31 58 62 99 6 95 44 20
23 32 45 68 25 25 30 65 74 88 29 59 71 9 49
49 21 38 5 66 9 33 31 86 92 31 59 14 26 54
65 51 77 73 45 47 95 91 42 97 40 22 54 28 91
72 97 95 81 47 80 66 40 56 45 89 31 62 68 52
20 25 8 75 5 22 72 21 4 40 33 90 81 90 94
35 43 68 13 31 44 77 22 74 96 80 94 83 51 45
63 54 7 13 77 69 62 82 63 65 16 6 14 24 93
43 33 23 25 0 3 76 33 64 54 39 98 10 64 61
90 39 88 17 14 66 27 42 88 74 76 58 56 16 96

1300 138 968 988 215 767 908 1262 675 821 489 339 923 709 448

582 698 834 326 204 434 268 526 117 362 737 730 858 511 228

10 11 18 11 18 26 17 27 28 20 19 11 17 20 12 17 18 23 10 23 22 11 21 22 13 28 21 14 13 19

107 26 107 123 21 119 124 116 70 89 70 26 66 122 58
