30
15

90 25 26 40 56 37 49 28 4 76 24 49 48 30 61
19 70 34 80 63 46 21 33 37 74 98 99 87 24 97
75 27 12 71 28 67 57 28 69 94 64 48 83 6 46
96 6 43 93 46 46 71 38 73 89 8 64 77 28 97
85 43 13 77 72 63 5 86 9 61 99 15 5 0 17
93 94 67 13 68 8 59 39 13 87 30 43 77 78 39
25 59 29 50 50 73 76 52 11 32 96 93 81 72 52
66 95 89 65 76 61 64 93 80 83 99 92 88 47 89
92 49 3 99 17 69 49 20 31 49 88 38 80 16 26
23 82 92 28 21 60 43 47 23 36 75 93 37 32 84
19 64 37 83 21 94 43 39 90 50 49 27 74 37 6
57 12 97 29 33 70 62 12 74 82 65 25 71 77 31
64 89 45 91 98 26 76 67 27 83 68 16 49 17 96
57 95 80 83 97 79 57 15 38 82 61 98 27 57 58
34 87 27 9 79 37 15 77 11 91 22 10 99 94 54
14 75 27 51 86 51 1 76 41 1 20 62 81 41 75
31 83 55 7 38 88 42 39 82 44 9 88 7 17 12
87 89 73 25 75 56 10 95 58 16 73 8 27 72 98
77 96 51 57 25 92 94 3 20 10 48 46 95 27 95
84 56 17 86 9 50 25 72 24 61 92 50 54 57 30
62 61 87 1 26 52 20 42 71 71 68 35 18 12 39
25 25 80 97 33 83 99 47 2 41 35 63 0 86 95
13 44 14 6 70 23 70 0 7 54 26 41 10 72 50
85 48 50 67 58 16 4 20 81 6 28 83 88 82 53
83 16 81 36 38 55 42 21 1 93 49 27 96 0 33
55 57 15 77 15 22 57 15 26 42 52 8 23 0 62
64 95 58 50 10 19 72 13 36 74 43 86 96 53 96
71 94 88 8 67 20 85 19 2 9 16 1 73 28 7
72 72 26 42 81 41 90 56 87 76 4 89 23 93 94
27 22 11 17 51 25 14 12 71 17 5 32 15 51 64

12 6 59 61 44 62 63 48 44 12 56 54 6 43 27
4 30 48 38 45 75 1 39 30 43 37 12 65 46 20
50 0 2 70 54 15 58 2 67 32 39 68 1 55 75
22 36 29 51 62 69 55 73 88 65 1 62 0 27 22
11 29 91 43 63 60 11 92 2 98 90 87 57 91 78
93 74 96 32 29 90 69 14 74 26 8 80 10 80 73
73 1 79 71 30 82 38 80 68 31 18 46 0 30 87
76 5 44 31 17 54 72 65 89 57 50 38 11 83 18
33 42 85 61 17 27 14 9 70 16 4 39 23 95 76
19 64 47 86 99 0 44 4 20 93 23 17 99 86 98
84 28 8 19 86 80 14 81 48 8 1 34 30 90 5
50 10 53 72 57 12 70 57 38 43 28 89 51 49 4
21 26 4 86 37 49 83 49 83 23 1 53 69 77 94
27 28 70 2 74 45 91 57 82 1 66 94 42 67 32
45 15 68 8 74 82 2 5 71 81 62 46 99 11 13
71 82 58 27 70 65 67 64 60 86 81 57 0 40 1
38 5 32 50 25 9 38 45 34 90 30 3 9 50 33
44 68 19 12 58 12 18 21 58 58 9 44 27 70 16
27 35 14 90 73 92 62 51 49 47 13 36 25 59 9
39 52 2 70 6 42 71 65 38 5 17 5 9 67 0
10 95 59 68 3 85 67 95 24 9 70 5 64 6 8
13 67 19 67 29 51 94 63 8 45 8 62 53 33 62
73 94 72 22 4 15 13 68 50 75 31 14 79 74 64
92 18 43 15 6 51 63 44 28 3 45 79 61 47 20
15 2 70 25 73 88 88 83 50 98 92 21 72 52 61
53 38 15 77 46 6 15 36 30 79 29 27 28 72 84
28 13 76 88 48 20 52 87 1 71 17 13 0 84 14
62 13 85 57 27 96 36 17 70 16 53 83 1 34 68
1 20 82 70 87 12 85 29 73 19 90 72 18 29 18
86 95 39 45 52 43 10 70 45 49 97 46 44 84 26

1300 138 968 988 215 767 908 1262 675 821 489 339 923 709 448

759 406 1411 1019 529 699 656 568 540 618 1327 749 511 780 768

10 11 18 11 18 26 17 27 28 20 19 11 17 20 12 17 18 23 10 23 22 11 21 22 13 28 21 14 13 19

107 26 107 123 21 119 124 116 70 89 70 26 66 122 58
