30
15

90 25 26 40 56 37 49 28 4 76 24 49 48 30 61
19 70 34 80 63 46 21 33 37 74 98 99 87 24 97
75 27 12 71 28 67 57 28 69 94 64 48 83 6 46
96 6 43 93 46 46 71 38 73 89 8 64 77 28 97
85 43 13 77 72 63 5 86 9 61 99 15 5 0 17
93 94 67 13 68 8 59 39 13 87 30 43 77 78 39
25 59 29 50 50 73 76 52 11 32 96 93 81 72 52
66 95 89 65 76 61 64 93 80 83 99 92 88 47 89
92 49 3 99 17 69 49 20 31 49 88 38 80 16 26
23 82 92 28 21 60 43 47 23 36 75 93 37 32 84
19 64 37 83 21 94 43 39 90 50 49 27 74 37 6
57 12 97 29 33 70 62 12 74 82 65 25 71 77 31
64 89 45 91 98 26 76 67 27 83 68 16 49 17 96
57 95 80 83 97 79 57 15 38 82 61 98 27 57 58
34 87 27 9 79 37 15 77 11 91 22 10 99 94 54
14 75 27 51 86 51 1 76 41 1 20 62 81 41 75
31 83 55 7 38 88 42 39 82 44 9 88 7 17 12
87 89 73 25 75 56 10 95 58 16 73 8 27 72 98
77 96 51 57 25 92 94 3 20 10 48 46 95 27 95
84 56 17 86 9 50 25 72 24 61 92 50 54 57 30
62 61 87 1 26 52 20 42 71 71 68 35 18 12 39
25 25 80 97 33 83 99 47 2 41 35 63 0 86 95
13 44 14 6 70 23 70 0 7 54 26 41 10 72 50
85 48 50 67 58 16 4 20 81 6 28 83 88 82 53
83 16 81 36 38 55 42 21 1 93 49 27 96 0 33
55 57 15 77 15 22 57 15 26 42 52 8 23 0 62
64 95 58 50 10 19 72 13 36 74 43 86 96 53 96
71 94 88 8 67 20 85 19 2 9 16 1 73 28 7
72 72 26 42 81 41 90 56 87 76 4 89 23 93 94
27 22 11 17 51 25 14 12 71 17 5 32 15 51 64

93 19 53 59 62 75 67 68 95 54 42 81 28 69 82
69 45 8 24 61 35 11 53 4 69 98 13 26 23 53
34 50 3 96 99 11 25 78 27 1 77 19 39 8 51
42 42 53 39 85 38 31 10 95 51 2 28 35 23 3
77 58 31 63 88 27 11 57 5 82 6 11 22 97 71
62 78 63 84 32 96 90 81 60 9 33 81 7 86 57
81 31 83 21 44 98 62 27 7 66 44 79 68 66 24
38 41 69 22 75 2 3 77 47 32 71 5 61 56 79
55 0 25 66 62 7 93 14 77 80 79 64 98 0 23
67 62 11 79 63 60 15 88 40 76 48 43 41 85 60
34 6 31 15 22 68 96 76 91 52 20 33 89 30 31
21 31 42 1 1 35 80 28 14 31 99 23 49 41 3
44 49 26 8 99 70 58 1 26 76 54 31 15 5 76
99 20 59 99 49 92 8 84 62 24 92 20 14 84 77
24 42 88 91 87 33 26 51 47 35 56 51 95 51 21
78 52 59 52 73 83 76 72 53 24 56 7 64 43 0
62 24 65 1 35 93 24 57 69 60 22 42 50 35 25
91 33 3 99 56 25 66 88 41 65 73 76 13 96 33
85 50 95 48 12 75 14 2 90 90 67 19 42 3 33
56 53 10 83 99 77 86 48 79 68 92 79 20 87 88
73 0 30 37 56 78 82 15 65 7 87 69 48 63 89
0 92 32 88 46 37 51 17 4 41 0 24 5 8 65
25 43 78 54 61 17 56 6 71 28 37 41 67 60 24
47 68 20 72 75 37 17 98 11 24 17 36 56 6 88
35 98 81 43 13 77 57 21 41 93 44 72 92 78 28
60 95 44 8 57 82 87 4 22 6 99 76 87 73 18
12 78 24 22 71 58 43 44 99 62 93 69 41 64 3
34 19 96 44 42 61 8 91 66 94 38 34 2 25 33
7 98 89 40 29 60 33 62 92 21 65 32 30 28 75
72 53 68 34 24 43 46 2 75 29 98 7 22 95 74

1300 138 968 988 215 767 908 1262 675 821 489 339 923 709 448

1868 1532 4489 838 3715 736 1872 3032 1360 1328 2005 1884 1449 1839 4036

10 11 18 11 18 26 17 27 28 20 19 11 17 20 12 17 18 23 10 23 22 11 21 22 13 28 21 14 13 19

107 26 107 123 21 119 124 116 70 89 70 26 66 122 58
