30
15

90 25 26 40 56 37 49 28 4 76 24 49 48 30 61
19 70 34 80 63 46 21 33 37 74 98 99 87 24 97
75 27 12 71 28 67 57 28 69 94 64 48 83 6 46
96 6 43 93 46 46 71 38 73 89 8 64 77 28 97
85 43 13 77 72 63 5 86 9 61 99 15 5 0 17
93 94 67 13 68 8 59 39 13 87 30 43 77 78 39
25 59 29 50 50 73 76 52 11 32 96 93 81 72 52
66 95 89 65 76 61 64 93 80 83 99 92 88 47 89
92 49 3 99 17 69 49 20 31 49 88 38 80 16 26
23 82 92 28 21 60 43 47 23 36 75 93 37 32 84
19 64 37 83 21 94 43 39 90 50 49 27 74 37 6
57 12 97 29 33 70 62 12 74 82 65 25 71 77 31
64 89 45 91 98 26 76 67 27 83 68 16 49 17 96
57 95 80 83 97 79 57 15 38 82 61 98 27 57 58
34 87 27 9 79 37 15 77 11 91 22 10 99 94 54
14 75 27 51 86 51 1 76 41 1 20 62 81 41 75
31 83 55 7 38 88 42 39 82 44 9 88 7 17 12
87 89 73 25 75 56 10 95 58 16 73 8 27 72 98
77 96 51 57 25 92 94 3 20 10 48 46 95 27 95
84 56 17 86 9 50 25 72 24 61 92 50 54 57 30
62 61 87 1 26 52 20 42 71 71 68 35 18 12 39
25 25 80 97 33 83 99 47 2 41 35 63 0 86 95
13 44 14 6 70 23 70 0 7 54 26 41 10 72 50
85 48 50 67 58 16 4 20 81 6 28 83 88 82 53
83 16 81 36 38 55 42 21 1 93 49 27 96 0 33
55 57 15 77 15 22 57 15 26 42 52 8 23 0 62
64 95 58 50 10 19 72 13 36 74 43 86 96 53 96
71 94 88 8 67 20 85 19 2 9 16 1 73 28 7
72 72 26 42 81 41 90 56 87 76 4 89 23 93 94
27 22 11 17 51 25 14 12 71 17 5 32 15 51 64

64 41 32 51 76 26 31 25 79 33 45 99 30 57 33
98 42 33 61 80 62 91 91 59 96 3 1 59 29 12
2 31 93 82 70 1 99 97 6 23 24 3 97 67 17
76 34 49 74 50 28 4 93 43 9 39 98 67 5 30
11 6 40 46 4 4 0 12 51 83 57 47 72 7 28
37 38 39 41 33 77 60 19 77 0 70 1 1 38 57
68 51 55 29 37 32 86 32 49 74 7 99 58 65 45
19 96 5 69 99 77 69 39 69 59 90 98 53 75 2
15 3 19 93 53 79 26 69 81 5 86 25 73 44 1
71 68 73 50 65 67 49 34 49 8 97 12 79 30 60
56 20 32 93 77 23 75 88 5 11 88 73 24 51 81
5 96 80 71 65 31 11 66 13 67 38 81 72 87 31
71 46 87 59 96 78 55 9 71 26 39 86 58 94 14
89 97 55 68 33 89 51 72 32 82 55 1 77 15 36
33 79 25 51 27 44 19 72 55 16 71 99 61 95 99
40 55 22 13 50 62 92 61 48 97 18 10 72 27 77
19 38 43 7 25 2 55 27 18 45 76 7 86 48 72
11 72 92 84 82 53 36 37 44 32 34 25 58 23 0
5 25 57 42 51 46 34 9 63 79 14 33 5 45 3
49 39 84 95 44 81 48 70 42 73 99 51 49 66 37
77 7 60 81 47 20 34 76 46 71 64 98 34 29 23
90 92 18 96 34 37 98 69 51 47 85 63 90 71 93
20 41 4 1 86 77 64 57 10 24 81 72 87 4 8
89 3 1 1 1 45 56 25 70 13 67 95 65 20 74
50 27 83 52 19 24 42 20 35 47 39 67 94 81 77
39 73 30 11 36 60 85 56 18 40 84 20 22 58 71
73 32 51 72 41 52 15 52 56 90 42 97 26 31 64
55 96 73 68 28 3 50 76 90 63 62 16 77 38 90
5 76 70 66 42 12 71 21 63 2 23 40 25 24 15
88 5 35 27 93 39 24 30 97 37 74 71 2 44 96

1300 138 968 988 215 767 908 1262 675 821 489 339 923 709 448

305 601 2031 681 360 2241 445 665 2832 678 2497 3535 3486 899 1679

10 11 18 11 18 26 17 27 28 20 19 11 17 20 12 17 18 23 10 23 22 11 21 22 13 28 21 14 13 19

107 26 107 123 21 119 124 116 70 89 70 26 66 122 58
