30
15

54 75 99 20 60 16 37 23 1 81 24 14 49 60 58
30 11 94 26 72 69 36 83 12 10 7 86 23 52 94
93 97 66 84 2 90 50 2 87 99 19 2 63 58 95
39 73 15 28 22 97 31 80 13 19 99 39 22 88 86
63 35 82 41 65 54 52 21 83 33 96 33 97 62 98
91 1 8 37 32 20 33 42 47 52 37 51 18 57 97
1 64 28 15 55 42 29 68 49 56 65 49 4 67 33
30 45 0 61 86 25 11 41 66 29 40 6 92 27 74
13 32 87 91 31 70 72 64 36 73 83 38 81 26 17
16 76 86 61 21 1 77 29 3 47 23 21 25 41 98
62 42 9 36 50 55 86 22 7 98 72 75 37 8 96
78 11 70 29 21 48 38 73 70 60 85 1 64 72 18
38 10 41 76 1 29 35 88 36 79 56 57 27 41 86
5 55 51 27 92 54 35 46 85 61 43 45 57 69 14
28 32 56 19 12 98 3 45 32 72 56 36 29 77 93
99 99 68 82 31 73 17 64 40 39 42 78 57 28 43
24 56 28 81 34 53 93 7 79 24 70 38 47 72 53
18 71 38 35 32 82 38 26 56 28 61 56 40 67 59
71 89 41 33 3 73 92 75 69 75 52 22 23 64 42
53 74 64 63 9 45 33 38 28 28 91 69 30 63 55
0 84 51 65 1 53 76 19 28 83 91 45 96 2 4
79 5 30 53 21 78 22 75 4 14 92 91 79 65 93
73 16 80 52 65 64 91 81 61 25 20 14 79 36 43
40 71 57 26 43 71 20 29 50 59 75 53 60 91 49
50 5 37 96 38 69 27 4 99 45 67 98 27 37 17
40 78 22 23 23 27 14 24 14 34 25 27 78 78 94
72 6 11 35 53 20 37 25 65 25 21 33 93 41 86
60 61 21 41 46 1 50 61 53 26 81 15 41 99 41
91 95 48 25 89 59 55 58 66 99 28 91 57 94 30
58 15 26 29 18 25 20 89 59 8 56 7 21 98 53

93 19 53 59 62 75 67 68 95 54 42 81 28 69 82
69 45 8 24 61 35 11 53 4 69 98 13 26 23 53
34 50 3 96 99 11 25 78 27 1 77 19 39 8 51
42 42 53 39 85 38 31 10 95 51 2 28 35 23 3
77 58 31 63 88 27 11 57 5 82 6 11 22 97 71
62 78 63 84 32 96 90 81 60 9 33 81 7 86 57
81 31 83 21 44 98 62 27 7 66 44 79 68 66 24
38 41 69 22 75 2 3 77 47 32 71 5 61 56 79
55 0 25 66 62 7 93 14 77 80 79 64 98 0 23
67 62 11 79 63 60 15 88 40 76 48 43 41 85 60
34 6 31 15 22 68 96 76 91 52 20 33 89 30 31
21 31 42 1 1 35 80 28 14 31 99 23 49 41 3
44 49 26 8 99 70 58 1 26 76 54 31 15 5 76
99 20 59 99 49 92 8 84 62 24 92 20 14 84 77
24 42 88 91 87 33 26 51 47 35 56 51 95 51 21
78 52 59 52 73 83 76 72 53 24 56 7 64 43 0
62 24 65 1 35 93 24 57 69 60 22 42 50 35 25
91 33 3 99 56 25 66 88 41 65 73 76 13 96 33
85 50 95 48 12 75 14 2 90 90 67 19 42 3 33
56 53 10 83 99 77 86 48 79 68 92 79 20 87 88
73 0 30 37 56 78 82 15 65 7 87 69 48 63 89
0 92 32 88 46 37 51 17 4 41 0 24 5 8 65
25 43 78 54 61 17 56 6 71 28 37 41 67 60 24
47 68 20 72 75 37 17 98 11 24 17 36 56 6 88
35 98 81 43 13 77 57 21 41 93 44 72 92 78 28
60 95 44 8 57 82 87 4 22 6 99 76 87 73 18
12 78 24 22 71 58 43 44 99 62 93 69 41 64 3
34 19 96 44 42 61 8 91 66 94 38 34 2 25 33
7 98 89 40 29 60 33 62 92 21 65 32 30 28 75
72 53 68 34 24 43 46 2 75 29 98 7 22 95 74

204 148 188 185 154 278 107 304 382 420 401 205 149 142 433

1868 1532 4489 838 3715 736 1872 3032 1360 1328 2005 1884 1449 1839 4036

10 28 28 24 27 18 28 11 23 26 27 10 27 22 24 11 10 12 15 20 24 21 21 21 20 10 10 25 16 25

68 51 52 74 60 61 33 74 63 73 81 44 44 48 64
