30
15

54 75 99 20 60 16 37 23 1 81 24 14 49 60 58
30 11 94 26 72 69 36 83 12 10 7 86 23 52 94
93 97 66 84 2 90 50 2 87 99 19 2 63 58 95
39 73 15 28 22 97 31 80 13 19 99 39 22 88 86
63 35 82 41 65 54 52 21 83 33 96 33 97 62 98
91 1 8 37 32 20 33 42 47 52 37 51 18 57 97
1 64 28 15 55 42 29 68 49 56 65 49 4 67 33
30 45 0 61 86 25 11 41 66 29 40 6 92 27 74
13 32 87 91 31 70 72 64 36 73 83 38 81 26 17
16 76 86 61 21 1 77 29 3 47 23 21 25 41 98
62 42 9 36 50 55 86 22 7 98 72 75 37 8 96
78 11 70 29 21 48 38 73 70 60 85 1 64 72 18
38 10 41 76 1 29 35 88 36 79 56 57 27 41 86
5 55 51 27 92 54 35 46 85 61 43 45 57 69 14
28 32 56 19 12 98 3 45 32 72 56 36 29 77 93
99 99 68 82 31 73 17 64 40 39 42 78 57 28 43
24 56 28 81 34 53 93 7 79 24 70 38 47 72 53
18 71 38 35 32 82 38 26 56 28 61 56 40 67 59
71 89 41 33 3 73 92 75 69 75 52 22 23 64 42
53 74 64 63 9 45 33 38 28 28 91 69 30 63 55
0 84 51 65 1 53 76 19 28 83 91 45 96 2 4
79 5 30 53 21 78 22 75 4 14 92 91 79 65 93
73 16 80 52 65 64 91 81 61 25 20 14 79 36 43
40 71 57 26 43 71 20 29 50 59 75 53 60 91 49
50 5 37 96 38 69 27 4 99 45 67 98 27 37 17
40 78 22 23 23 27 14 24 14 34 25 27 78 78 94
72 6 11 35 53 20 37 25 65 25 21 33 93 41 86
60 61 21 41 46 1 50 61 53 26 81 15 41 99 41
91 95 48 25 89 59 55 58 66 99 28 91 57 94 30
58 15 26 29 18 25 20 89 59 8 56 7 21 98 53

74 86 59 60 91 35 79 17 2 81 66 81 50 44 92
18 38 21 56 32 39 12 91 96 56 87 44 92 22 21
25 22 65 91 93 20 77 15 56 80 48 74 1 86 73
47 52 8 26 50 61 90 66 65 55 51 30 90 92 80
6 49 20 89 4 52 27 58 75 82 19 77 22 54 84
87 34 74 15 62 16 91 98 84 94 23 4 7 37 97
22 12 5 27 29 0 26 46 97 65 59 31 58 62 99
6 95 44 20 23 32 45 68 25 25 30 65 74 88 29
59 71 9 49 49 21 38 5 66 9 33 31 86 92 31
59 14 26 54 65 51 77 73 45 47 95 91 42 97 40
22 54 28 91 72 97 95 81 47 80 66 40 56 45 89
31 62 68 52 20 25 8 75 5 22 72 21 4 40 33
90 81 90 94 35 43 68 13 31 44 77 22 74 96 80
94 83 51 45 63 54 7 13 77 69 62 82 63 65 16
6 14 24 93 43 33 23 25 0 3 76 33 64 54 39
98 10 64 61 90 39 88 17 14 66 27 42 88 74 76
58 56 16 96 56 6 0 29 90 46 11 18 77 57 61
21 19 26 46 39 98 22 71 65 92 82 73 61 31 12
35 92 81 10 89 87 26 87 45 13 90 26 88 60 11
12 40 91 74 21 75 0 47 57 34 87 84 61 66 28
3 45 19 16 24 26 37 92 52 40 32 91 30 97 57
80 85 77 88 55 69 87 83 29 40 41 89 18 54 12
20 28 54 87 98 78 79 10 63 18 32 3 79 40 73
99 90 76 36 19 11 31 73 85 41 5 91 55 66 1
15 8 51 9 11 21 61 30 43 32 62 67 43 52 74
13 36 87 99 94 29 91 30 55 63 42 18 6 92 18
58 48 39 31 17 67 30 19 13 46 18 22 22 42 42
96 71 34 92 23 39 31 62 32 87 92 16 41 73 8
15 84 30 47 48 77 20 47 97 37 79 27 11 70 24
43 67 84 90 3 66 83 6 29 58 65 37 25 17 29

204 148 188 185 154 278 107 304 382 420 401 205 149 142 433

230 290 545 462 357 130 310 426 236 247 225 338 158 200 391

10 28 28 24 27 18 28 11 23 26 27 10 27 22 24 11 10 12 15 20 24 21 21 21 20 10 10 25 16 25

68 51 52 74 60 61 33 74 63 73 81 44 44 48 64
