30
15

54 75 99 20 60 16 37 23 1 81 24 14 49 60 58
30 11 94 26 72 69 36 83 12 10 7 86 23 52 94
93 97 66 84 2 90 50 2 87 99 19 2 63 58 95
39 73 15 28 22 97 31 80 13 19 99 39 22 88 86
63 35 82 41 65 54 52 21 83 33 96 33 97 62 98
91 1 8 37 32 20 33 42 47 52 37 51 18 57 97
1 64 28 15 55 42 29 68 49 56 65 49 4 67 33
30 45 0 61 86 25 11 41 66 29 40 6 92 27 74
13 32 87 91 31 70 72 64 36 73 83 38 81 26 17
16 76 86 61 21 1 77 29 3 47 23 21 25 41 98
62 42 9 36 50 55 86 22 7 98 72 75 37 8 96
78 11 70 29 21 48 38 73 70 60 85 1 64 72 18
38 10 41 76 1 29 35 88 36 79 56 57 27 41 86
5 55 51 27 92 54 35 46 85 61 43 45 57 69 14
28 32 56 19 12 98 3 45 32 72 56 36 29 77 93
99 99 68 82 31 73 17 64 40 39 42 78 57 28 43
24 56 28 81 34 53 93 7 79 24 70 38 47 72 53
18 71 38 35 32 82 38 26 56 28 61 56 40 67 59
71 89 41 33 3 73 92 75 69 75 52 22 23 64 42
53 74 64 63 9 45 33 38 28 28 91 69 30 63 55
0 84 51 65 1 53 76 19 28 83 91 45 96 2 4
79 5 30 53 21 78 22 75 4 14 92 91 79 65 93
73 16 80 52 65 64 91 81 61 25 20 14 79 36 43
40 71 57 26 43 71 20 29 50 59 75 53 60 91 49
50 5 37 96 38 69 27 4 99 45 67 98 27 37 17
40 78 22 23 23 27 14 24 14 34 25 27 78 78 94
72 6 11 35 53 20 37 25 65 25 21 33 93 41 86
60 61 21 41 46 1 50 61 53 26 81 15 41 99 41
91 95 48 25 89 59 55 58 66 99 28 91 57 94 30
58 15 26 29 18 25 20 89 59 8 56 7 21 98 53

32 96 65 25 85 50 59 39 41 13 6 96 27 73 47
79 20 65 18 11 58 51 8 84 79 35 89 10 1 69
48 36 28 52 65 13 47 28 18 11 45 37 93 33 57
77 55 50 45 70 97 69 45 59 60 10 39 64 12 53
56 77 20 74 83 74 47 82 50 80 74 38 31 10 5
5 61 65 28 62 68 77 35 88 65 2 7 91 52 34
39 42 34 72 52 42 36 67 12 23 86 31 62 68 92
85 33 2 30 83 85 81 26 30 1 95 99 84 39 47
88 14 3 76 88 54 92 54 74 65 44 47 73 11 78
44 22 98 4 81 30 31 53 14 6 4 47 32 50 13
6 90 14 55 74 21 46 73 2 62 32 32 17 79 48
56 77 96 12 65 79 66 99 64 74 12 40 3 14 60
44 99 20 24 93 87 57 10 9 37 51 63 92 61 89
62 76 5 78 52 51 80 58 49 52 90 0 66 13 59
29 55 31 61 55 47 91 20 92 44 51 7 21 95 88
75 3 58 43 1 58 29 26 18 73 90 74 75 91 11
55 36 3 12 84 20 43 45 69 42 59 88 21 1 6
38 0 29 90 44 59 94 57 36 24 33 97 12 24 36
22 24 47 26 35 42 0 1 80 1 87 23 69 78 38
89 7 15 56 3 65 16 57 37 74 75 31 58 34 11
36 48 77 23 16 53 7 73 98 37 21 87 5 11 71
16 99 97 41 92 35 11 31 84 95 89 70 40 28 7
26 46 15 38 49 69 38 69 91 52 23 61 82 69 80
36 52 70 71 6 32 73 61 95 74 80 52 12 69 17
98 74 53 44 43 90 47 65 40 54 41 42 41 16 41
3 69 4 31 77 95 51 18 10 9 26 70 50 32 75
51 86 21 31 27 1 71 40 85 56 93 22 0 23 42
45 36 39 24 3 66 40 88 21 44 93 2 6 77 57
62 48 62 16 75 30 99 78 28 82 92 30 21 12 95
92 42 98 67 20 99 2 49 28 36 61 70 56 10 65

204 148 188 185 154 278 107 304 382 420 401 205 149 142 433

2664 2368 743 2795 1378 1611 3421 1703 3044 3256 3718 2730 4582 4793 1360

10 28 28 24 27 18 28 11 23 26 27 10 27 22 24 11 10 12 15 20 24 21 21 21 20 10 10 25 16 25

68 51 52 74 60 61 33 74 63 73 81 44 44 48 64
