30
15

54 75 99 20 60 16 37 23 1 81 24 14 49 60 58
30 11 94 26 72 69 36 83 12 10 7 86 23 52 94
93 97 66 84 2 90 50 2 87 99 19 2 63 58 95
39 73 15 28 22 97 31 80 13 19 99 39 22 88 86
63 35 82 41 65 54 52 21 83 33 96 33 97 62 98
91 1 8 37 32 20 33 42 47 52 37 51 18 57 97
1 64 28 15 55 42 29 68 49 56 65 49 4 67 33
30 45 0 61 86 25 11 41 66 29 40 6 92 27 74
13 32 87 91 31 70 72 64 36 73 83 38 81 26 17
16 76 86 61 21 1 77 29 3 47 23 21 25 41 98
62 42 9 36 50 55 86 22 7 98 72 75 37 8 96
78 11 70 29 21 48 38 73 70 60 85 1 64 72 18
38 10 41 76 1 29 35 88 36 79 56 57 27 41 86
5 55 51 27 92 54 35 46 85 61 43 45 57 69 14
28 32 56 19 12 98 3 45 32 72 56 36 29 77 93
99 99 68 82 31 73 17 64 40 39 42 78 57 28 43
24 56 28 81 34 53 93 7 79 24 70 38 47 72 53
18 71 38 35 32 82 38 26 56 28 61 56 40 67 59
71 89 41 33 3 73 92 75 69 75 52 22 23 64 42
53 74 64 63 9 45 33 38 28 28 91 69 30 63 55
0 84 51 65 1 53 76 19 28 83 91 45 96 2 4
79 5 30 53 21 78 22 75 4 14 92 91 79 65 93
73 16 80 52 65 64 91 81 61 25 20 14 79 36 43
40 71 57 26 43 71 20 29 50 59 75 53 60 91 49
50 5 37 96 38 69 27 4 99 45 67 98 27 37 17
40 78 22 23 23 27 14 24 14 34 25 27 78 78 94
72 6 11 35 53 20 37 25 65 25 21 33 93 41 86
60 61 21 41 46 1 50 61 53 26 81 15 41 99 41
91 95 48 25 89 59 55 58 66 99 28 91 57 94 30
58 15 26 29 18 25 20 89 59 8 56 7 21 98 53

64 41 32 51 76 26 31 25 79 33 45 99 30 57 33
98 42 33 61 80 62 91 91 59 96 3 1 59 29 12
2 31 93 82 70 1 99 97 6 23 24 3 97 67 17
76 34 49 74 50 28 4 93 43 9 39 98 67 5 30
11 6 40 46 4 4 0 12 51 83 57 47 72 7 28
37 38 39 41 33 77 60 19 77 0 70 1 1 38 57
68 51 55 29 37 32 86 32 49 74 7 99 58 65 45
19 96 5 69 99 77 69 39 69 59 90 98 53 75 2
15 3 19 93 53 79 26 69 81 5 86 25 73 44 1
71 68 73 50 65 67 49 34 49 8 97 12 79 30 60
56 20 32 93 77 23 75 88 5 11 88 73 24 51 81
5 96 80 71 65 31 11 66 13 67 38 81 72 87 31
71 46 87 59 96 78 55 9 71 26 39 86 58 94 14
89 97 55 68 33 89 51 72 32 82 55 1 77 15 36
33 79 25 51 27 44 19 72 55 16 71 99 61 95 99
40 55 22 13 50 62 92 61 48 97 18 10 72 27 77
19 38 43 7 25 2 55 27 18 45 76 7 86 48 72
11 72 92 84 82 53 36 37 44 32 34 25 58 23 0
5 25 57 42 51 46 34 9 63 79 14 33 5 45 3
49 39 84 95 44 81 48 70 42 73 99 51 49 66 37
77 7 60 81 47 20 34 76 46 71 64 98 34 29 23
90 92 18 96 34 37 98 69 51 47 85 63 90 71 93
20 41 4 1 86 77 64 57 10 24 81 72 87 4 8
89 3 1 1 1 45 56 25 70 13 67 95 65 20 74
50 27 83 52 19 24 42 20 35 47 39 67 94 81 77
39 73 30 11 36 60 85 56 18 40 84 20 22 58 71
73 32 51 72 41 52 15 52 56 90 42 97 26 31 64
55 96 73 68 28 3 50 76 90 63 62 16 77 38 90
5 76 70 66 42 12 71 21 63 2 23 40 25 24 15
88 5 35 27 93 39 24 30 97 37 74 71 2 44 96

204 148 188 185 154 278 107 304 382 420 401 205 149 142 433

305 601 2031 681 360 2241 445 665 2832 678 2497 3535 3486 899 1679

10 28 28 24 27 18 28 11 23 26 27 10 27 22 24 11 10 12 15 20 24 21 21 21 20 10 10 25 16 25

68 51 52 74 60 61 33 74 63 73 81 44 44 48 64
